0.0554350909692591,0.0566287481406695,0.0574933523627388,0.0570433017132206,0.0537103080312697,0.0629746984898072,0.0502542336785541,0.0602700303070984,0.0464655335100935,0.0575046357386741,0.0590732734134814,0.0555988484562941,0.0430736206419131,0.0543347738615176,0.0758828591436803,0.058287180944022,0.0500830563524122,0.0563527662328532,0.0617692106953174,0.0651311921816799,0.0544676134425889,0.0561268252693763,0.0623187219301129,0.0545890711318125,0.0541249786217263,0.0610583314890547,0.0461425245887628,0.0656126493870773,0.0508298224640532,0.0655534046931485,0.0586591505272657,0.0956898057117286,0.13105987198451,0.191963339287454,0.233405627928209,0.267952565626606,0.307746438260249,0.307527826824776,0.329873157621186,0.318839789365688,0.299736204021992,0.273319738170293,0.239877328099262,0.189731789477482,0.144851707577295,0.0831827253558387,0.0247772107312055,-0.0253704870951308,-0.0735782765647512,-0.110299338019823,-0.161844868106469,-0.187656355457955,-0.219847531674278,-0.210730552658917,-0.20641238266702,-0.199058175215832,-0.156186905447753,-0.12973929424418,-0.0811937448792029,-0.0345898988066195,0.0292590614656119,0.122459010936651,0.222346521325404,0.314414603593493,0.3966189062729,0.464031469184143,0.52675996441553,0.566927385931081,0.573567871633053,0.555718898111778,0.535213490605035,0.47784091229433,0.403597893038529,0.32110112088604,0.217851503299503,0.112912383412591,0.00512912150854218,-0.105782008083163,-0.2037733031465,-0.279768478500796,-0.360351582160284,-0.413918510960606,-0.444725033688066,-0.459778611885015,-0.465591426334517,-0.406207733655071,-0.359166365581641,-0.285726514666088,-0.200930064514587,-0.101660404581751,0.00372202297517151,0.131598783468304,0.280666869231065,0.41060056437479,0.530073854284673,0.640683339266872,0.710962919065068,0.751574929795842,0.765785992751325,0.752051581130954,0.712589429365672,0.646870109724668,0.545156083228652,0.415706774018212,0.270985627946103,0.130005842262397,-0.0210156512716593,-0.16386242862097,-0.301826249082022,-0.421626261496276,-0.522579370603511,-0.596445474526965,-0.636806525122623,-0.661210780787224,-0.659329857192125,-0.60292800686233,-0.526213809687422,-0.422241897954217,-0.305570689072693,-0.172378851842573,-0.0204885627294946,0.14641674833787,0.314598398801294,0.485405388932484,0.625163999434842,0.741972015161014,0.832855387145675,0.878893111501128,0.91057785964481,0.885143000328276,0.825662358372438,0.752056857204196,0.620737677756818,0.483305256404197,0.324124973696315,0.140746084141251,-0.0454619202170039,-0.215355863405368,-0.378757796526934,-0.516664294975417,-0.62502159829852,-0.720020391731723,-0.774927467524677,-0.793359752576542,-0.787601020904162,-0.715634652272745,-0.633298651950379,-0.510475501135208,-0.367831585089285,-0.212433904510177,-0.0346995280837359,0.148538476255194,0.350774539970671,0.503245079332918,0.669867785874084,0.802766448393395,0.891048905904709,0.954305389470134,0.973995716276027,0.958131804594804,0.889893576318856,0.787659581614283,0.658744241269526,0.526746681420584,0.343291903250503,0.147368514736579,-0.0317684103760473,-0.222974054891596,-0.401102666956942,-0.560282141424703,-0.689731812252607,-0.780229347208882,-0.853131912896107,-0.86644691727087,-0.840200230707057,-0.785402436392556,-0.685666154896682,-0.561861122694858,-0.389974587612339,-0.224526321455882,-0.0505444588591393,0.149087183135455,0.332529071586208,0.504838848045257,0.668888526386734,0.78526265649482,0.871745869016471,0.935253974166137,0.953386573959084,0.939250076786145,0.876532786248083,0.791201287659466,0.65624138514875,0.508332936256253,0.333680870902619,0.145449788898118,-0.0403021815375403,-0.213617554929693,-0.389392119995875,-0.548931874836836,-0.66512185417378,-0.770793401377416,-0.837995248638711,-0.841194101627182,-0.818655462097129,-0.776384020556219,-0.683201643297234,-0.536437271057673,-0.39351430503119,-0.216160099821237,-0.0346210754778355,0.147088689348383,0.311218524529044,0.461119161504992,0.604125555989859,0.710084011986987,0.795914311397034,0.846759015146494,0.869919255413167,0.839265647320722,0.792264156877521,0.697470434447831,0.5880495620279,0.476815766575557,0.28256409442329,0.13853695724535,-0.0411962902526737,-0.20481755803191,-0.351229645376768,-0.49257906178338,-0.593237705039924,-0.664163899073108,-0.719405365843861,-0.747150482123482,-0.730846878949871,-0.677022804930475,-0.586605619524527,-0.4786083327439,-0.350513818864091,-0.192193283230862,-0.0240034600266188,0.121707773234857,0.25767134641736,0.375242837067971,0.482773611651834,0.574310703755942,0.635126467667129,0.676426725703719,0.691658671276833,0.688711160127584,0.638632894697704,0.590499260906862,0.495469705449915,0.372771107725181,0.248049483916922,0.131841438213182,-0.00247847607386017,-0.13992862879383,-0.26633732733595,-0.365375281034871,-0.464326539584921,-0.533370505220463,-0.569942111054313,-0.581789397169245,-0.563037312533089,-0.54204552252963,-0.461400260506156,-0.378880322114451,-0.266333687482798,-0.149509167611415,-0.0150733969932625,0.0889153018000014,0.179488706218397,0.266185941016431,0.337150856746373,0.397115227589885,0.438221734974995,0.463239788178365,0.481018837839896,0.472270400000974,0.429642266908101,0.385764163552939,0.332057460120641,0.26704106167178,0.186855372223373,0.108655030059124,0.00787363504546502,-0.058497955094364,-0.157717022337698,-0.222643683619384,-0.2833874520582,-0.334687289727849,-0.351354286384993,-0.372973934616754,-0.343506362085367,-0.337335784585995,-0.278647453353147,-0.227371201204917,-0.154338248501662,-0.0744474934610679,0.0137801735585673,0.0737981886904781,0.100145527401257,0.11689539708467,0.171139245944632,0.185265598181731,0.205154009466968,0.202983977494517,0.223414122693748,0.209297098626374,0.193378752203841,0.176097765248402,0.166780680938076,0.134408332456812,0.110765694644422,0.0670145611201467,0.0382310647901947,0.00999349309575901,-0.0197725155884354,-0.0501584122684509,-0.0771543688169293,-0.09091401184011,-0.0989604196458262,-0.105787135281431,-0.0993048728596025,-0.0888345728362328,-0.0879708335805985,-0.0474341460428821,-0.0218120519193317,0.0150811063314222,0.0320757785012318,0.0524150574937372,0.973817690594707,0.969673423341772,0.925208290315052,0.852540900758196,0.738089829111832,0.593258565220192,0.419362726833534,0.242587681955197,0.0535870817072321,-0.131322524940828,-0.32441889746747,-0.490190825386553,-0.62900315939271,-0.743561098128529,-0.820643825592111,-0.856683179355581,-0.861835632165205,-0.821415732864933,-0.735850260783616,-0.625233007380762,-0.482128068794138,-0.318611339338956,-0.131915831976756,0.0582690210410612,0.251615526115574,0.428235964422136,0.594024464591165,0.733878519029273,0.843251192147202,0.935027041674785,0.964028889282364,0.971465455144441,0.935346092838791,0.838014816472525,0.74359508619503,0.609361319140769,0.426846730347053,0.251237465110745,0.0613329661154176,-0.154832667273962,-0.316332887153257,-0.488650977850458,-0.6289597846955,-0.730651039857148,-0.81314132885742,-0.853649322049982,-0.848354918224178,-0.829423960281903,-0.735559146376422,-0.625981870492243,-0.489254123883398,-0.327753106758445,-0.136945445605117,0.0571870263906397,0.246457918037938,0.437405189177873,0.60006390597263,0.742319682410247,0.85172289593757,0.930405103020919,0.970263772128507,0.970615360131532,0.924157023682091,0.854769058701428,0.74491331756151,0.602729387544059,0.424708057493146,0.244410228536882,0.0620768860433659,-0.130023088786236,-0.318933514901891,-0.485813981246836,-0.626340026322645,-0.742898791006891,-0.826432611427914,-0.870167626517356,-0.864144528463063,-0.821548986883262,-0.730084721465112,-0.628537567296869,-0.497865976890035,-0.31988408488502,-0.138031857999454,0.0428486028224645,0.25183701127104,0.433178528353031,0.608134321239166,0.728669125260945,0.864472251774258,0.92839492583779,0.954375867444469,0.976247782795621,0.929871656142561,0.85866604741395,0.739614298135495,0.596708329952131,0.428386113231529,0.250200448440049,0.0572367328430328,-0.137455156096361,-0.313906595493568,-0.478443667556669,-0.635506208356113,-0.738075737250925,-0.811766301020077,-0.850635443720273,-0.856884046153091,-0.820738675645386,-0.732895916013615,-0.625008498287765,-0.479838317761843,-0.32139433692365,-0.130155599089349,0.0549623043152925,0.247238788350901,0.421802374198878,0.589268287660109,0.740320133954622,0.845676773911568,0.929443017813106,0.975558983549622,0.970435096857577,0.920747352445321,0.865386970621994,0.738354127710403,0.606859965335415,0.433520471157175,0.256161383705176,0.0590200112945306,-0.146369405160166,-0.317086993895321,-0.48953550297042,-0.622171564468218,-0.723352234388694,-0.819143267776391,-0.859733353951964,-0.862889332707302,-0.817466299142271,-0.748401087138059,-0.621214564403016,-0.483983488351292,-0.313940025655021,-0.131842865165683,0.0493089899341861,0.255629214664916,0.43608637118833,0.60013104525593,0.731263333599958,0.845818343880833,0.937934167612496,0.972098359190858,0.970968572493816,0.931887045066001,0.856055846248554,0.749132026646929,0.59664816750592,0.43034029821259,0.23979760275306,0.0622898567540284,-0.136471858367688,-0.319105254868433,-0.482523981161288,-0.628947234220899,-0.748526506603547,-0.818715041307659,-0.854381587613704,-0.845813722377985,-0.81662125622305,-0.739593306842197,-0.628992755237526,-0.491244903109333,-0.324116439317686,-0.138898099334458,0.0571556700245426,0.250810074864857,0.43324798167386,0.593265512807206,0.731961259384805,0.850601436670587,0.923616747790909,0.969521960855542,0.968109991326039,0.926860559312792,0.848650606747417,0.745261117542331,0.600160183355069,0.434105818793261,0.248838549393768,0.0578352202045272,-0.134484600250034,-0.325907304051951,-0.497459601262282,-0.615468649757889,-0.733195975108615,-0.814895385781804,-0.862485835798027,-0.857886878800488,-0.818835259284989,-0.748769371804207,-0.620124591545529,-0.484099062775864,-0.312205408946719,-0.137102498841398,0.0543907612908389,0.239959823313402,0.436087658426934,0.592003093323066,0.742103939131503,0.852811424356868,0.932552521598635,0.960109569502104,0.976086537856072,0.92633122312317,0.855367117229069,0.736729289775529,0.594006943551762,0.435802462158054,0.235967800316529,0.0400442452923983,-0.123828851988833,-0.323151421772759,-0.480333670753917,-0.623675427004184,-0.733137918551665,-0.819143381254074,-0.867523957339668,-0.848853909223809,-0.822224848883551,-0.75531143736362,-0.620000678883089,-0.472911585492132,-0.31871999308192,-0.135108171525795,0.0606360488913819,0.238752684693739,0.441484218760363,0.597032261145525,0.739082036749,0.852953605869937,0.926331662750988,0.972349885915677,0.974304050013097,0.924938277743631,0.851654616622287,0.750357133469995,0.599153159993574,0.43159737086783,0.250492081504195,0.0545902585219063,-0.135511430178029,-0.311809927488698,-0.478995390736572,-0.63149718623747,-0.750328718011913,-0.814289646350417,-0.857611505317629,-0.863326375340532,-0.820517666017886,-0.750471000137327,-0.621192219046092,-0.475324566076361,-0.322340089734484,-0.140978084233054,0.0602234775992401,0.242605456240995,0.429050180450461,0.596641149911425,0.739415013200202,0.848508414147563,0.930843641554395,0.968772252534489,0.977799526712197,0.930803699573773,0.841045212555542,0.732132186655786,0.590299530250128,0.422594124327759,0.259014343731136,0.0513626355424271,-0.138354503666673,-0.318862180350097,-0.490175369078036,-0.630604698518905,-0.740397490607375,-0.812470533064464,-0.854055866278938,-0.865863875849455,-0.829680512820196,-0.742794681129778,-0.630501908940044,-0.488017247836927,-0.318606221463908,-0.12659139138608,0.0562644498687844,0.246264549761703,0.430062761479704,0.605685432581292,0.738733819800958,0.855217228390661,0.927861162595389,0.975956675410005,0.979990287164462,0.945809524220213,0.853891749995005,0.735780484792374,0.598659182043478,0.432075096538322,0.244152454384595,0.0535651805399844,-0.122890201887732,-0.323628051586425,-0.494016081326711,-0.631669330397751,-0.734430711362513,-0.816302132089398,-0.870767766304102,-0.856063872733906,-0.82720990553166,-0.724614397081245,-0.621361804955757,-0.49570924445413,-0.31405725128089,-0.135858731292752,0.0491376462330103,0.245039449120164,0.418498763276791,0.595928178633429,0.738057013990303,0.853676578213823,0.937528795296835,0.97406938877342,-0.85349714990178,0.049815382044155,0.151228307759969,0.345804831607391,0.517113081620041,0.679087155636055,0.801897440589733,0.890043573106996,0.964152515622795,0.965101276644661,0.949417432075357,0.883317934259996,0.802841464625388,0.669940954715245,0.52168012217754,0.339776073790609,0.152286781594122,-0.0275636539208731,-0.230808240029303,-0.399101161082714,-0.561164928535239,-0.68779640006607,-0.768875253036803,-0.850272659658936,-0.867522706131587,-0.843311483515497,-0.782400788665542,-0.676331797357563,-0.561286200560236,-0.389704164600791,-0.227740310069547,-0.0396548817650975,0.147674619625919,0.315898800941614,0.485838790798117,0.648122140863628,0.772999173086991,0.860543434582682,0.920894861089039,0.933071116833879,0.919490840593031,0.858065636847527,0.773424689439401,0.644046177117126,0.495643788896772,0.322213503274706,0.154102630509371,-0.0429678660964427,-0.209138420545103,-0.385314511636447,-0.537766123889732,-0.647332399747346,-0.751542040482989,-0.799192963417728,-0.830909113634645,-0.801440809043492,-0.756701079985133,-0.653206948338776,-0.539060714574007,-0.381292849117484,-0.220480188235209,-0.0371639108344927,0.126165463680087,0.290032714949658,0.438498900197204,0.559946770657232,0.678258364646469,0.754796425513667,0.799757088479399,0.818324547321701,0.794315667134629,0.745815065409085,0.679077419926946,0.563773961898678,0.441101090718854,0.289440633740192,0.138931478943906,-0.0308198987953354,-0.185429588777268,-0.323500264097685,-0.456125720666903,-0.558685130914553,-0.647220670647022,-0.691387991613948,-0.715100956449561,-0.690315115984048,-0.636647029817874,-0.569514154562756,-0.464965447252781,-0.32265332367975,-0.182019993298786,-0.0224155255074591,0.117078008022666,0.227376403343655,0.351994556844321,0.440762065735626,0.522067237821792,0.578624194797463,0.611395752693162,0.631074297637097,0.620718361031802,0.583706550504886,0.522121165197615,0.443414320978587,0.352936064898064,0.245583544214241,0.108724307124391,-0.00933057748569706,-0.133500423130623,-0.233595257111963,-0.331113149128383,-0.422783983180601,-0.475952593079263,-0.515303371700544,-0.522811937508739,-0.518382812326054,-0.472432730663066,-0.409902949238731,-0.326690629182527,-0.23989965948712,-0.1237182646307,-0.0229367746590416,0.0943423014476981,0.161920144860218,0.224968921566706,0.285523913934898,0.330321771519954,0.378381937910079,0.388705969262205,0.401781638467983,0.394071092249861,0.365366954844658,0.33809919263289,0.282219031796665,0.220577164248177,0.155715276735861,0.0827899234278864,0.0163453974799331,-0.0502183264171626,-0.107426988318171,-0.171907433448622,-0.218808950144512,-0.251562523182599,-0.291551249944961,-0.29193777943133,-0.275254150402618,-0.262693915572411,-0.221495738812094,-0.18093520282903,-0.117190068122976,-0.0509179630585807,0.0227776079315495,0.0625832114677188,0.0834458638109799,0.105488551723178,0.11656982016269,0.114213407689239,0.135098126563662,0.132612626490729,0.137749887307617,0.139108757940444,0.135676054493267,0.119090362487677,0.113992172475737,0.108683092959936,0.0874959813482793,0.0685984216960503,0.0489668452377063,0.0285314191336613,0.0040677860249496,-0.00440175330914319,-0.0165267117220448,-0.0128630628719087,-0.028124415313518,-0.0153533817272796,-0.0240028181891582,-0.0165780669235376,-0.00651477248552329,0.0037223397089893,-0.00526409587112236,0.0231637708693015,0.0394369658792385,0.0376244049313801,-0.0047994673441371,-0.0373541271276682,-0.0722850290677894,-0.100231479548255,-0.112020106842983,-0.129964461355798,-0.134764114451682,-0.135487505810381,-0.116709559570394,-0.106145432802352,-0.0702371783734344,-0.0359309359718445,-0.00105183333301698,0.0356931348689448,0.0758442842446157,0.114871285803853,0.15603624874051,0.181998799671194,0.212686311125275,0.23007686484669,0.236659699195347,0.257201222269752,0.250304514478686,0.234660895444815,0.202606399196108,0.180139246048406,0.160981709261374,0.108757885252766,0.0690250439973079,0.00735879958400164,-0.0944268709830158,-0.170275391506919,-0.254904293990215,-0.302261510447163,-0.354331159588573,-0.385138790992929,-0.392620716155527,-0.370496761335234,-0.348080891272632,-0.302394198929881,-0.247473903075865,-0.158238592076793,-0.0845302093864568,-0.00466938206686211,0.107863828496381,0.193459076651267,0.275409972414523,0.361743755923718,0.42025677633703,0.455763485815444,0.489105113335563,0.510235666300288,0.489629350197718,0.462649654071101,0.410626393338831,0.355253356205919,0.280591348269438,0.180392102961381,0.10571697846474,-0.00549196962564325,-0.162787557547915,-0.269312270410836,-0.388838603981351,-0.490695261946097,-0.549127016747869,-0.600018934315675,-0.605600263432411,-0.582137347680475,-0.546446999123581,-0.477002562669808,-0.383671575391061,-0.274331049051674,-0.141617201718845,-0.0183975757483422,0.123450462263502,0.256947665611257,0.394759040737432,0.498048093964495,0.590754051014484,0.656911259876163,0.697433265476466,0.71431883530378,0.694640393294438,0.661820350334301,0.594863965019363,0.498528989566703,0.393945290334982,0.261900987309138,0.119015477635688,-0.0271890326958483,-0.190978061366542,-0.360457331117481,-0.488183020504144,-0.599298526817737,-0.689870622918922,-0.741911301598702,-0.768798562642033,-0.754642630677262,-0.693290513306563,-0.6118910648623,-0.495463313033868,-0.351540428495338,-0.194768773603591,-0.0340028184921144,0.144757865860979,0.30525304619263,0.468335115389565,0.598931857611769,0.726606896740027,0.799166109821418,0.857891771700972,0.868831785576649,0.850043481232767,0.810729076532504,0.713991607832265,0.608694616302097,0.464449607787026,0.30830272743398,0.1347223347281,-0.0461107498607523,-0.223211409947016,-0.399295397712441,-0.544844590141036,-0.664186884843814,-0.769653792715274,-0.823817107353698,-0.851200504782862,-0.828191408014161,-0.771887509240095,-0.678943725992974,-0.559738752095167,-0.40066024757856,-0.223480718833785,-0.0410597328013319,0.159016642506775,0.329826848455191,0.511110198580846,0.664546489905743,0.778665603986585,0.879434885995114,0.955262351746347,0.962934627643947,0.952640009328865,0.874768119108026,0.785429486046796,0.658425832244935,0.495907489595161,0.3485085747991,0.142865613618414,0.0579583720169755
-0.0741067309762687,0.0345410622249995,0.259314629568827,0.46664386951901,0.629814994432741,0.784163380070676,0.900780345957788,0.968951869664885,0.982751836589752,0.967042860583098,0.900174464168547,0.790705176511288,0.637533268269206,0.449553028982762,0.247660369701668,0.0387030948711561,-0.198237187773272,-0.406265849011234,-0.615057126226614,-0.780730202361633,-0.938368888949477,-1.05040500422814,-1.11636883153859,-1.14485541242692,-1.11580627009618,-1.05574481193856,-0.932563453109293,-0.798131819865408,-0.604687238266399,-0.394751053105276,-0.17974080877868,0.0220760178713735,0.233109341701614,0.437562981530194,0.6053405439133,0.745310631401272,0.862691903516949,0.917512622261556,0.948948592567073,0.923567149064174,0.860469102035858,0.752656979131652,0.60215809078899,0.431219550422296,0.24125440255969,0.0131625382547772,-0.184829364824012,-0.389114483429515,-0.575646320934666,-0.759449880310634,-0.904540907587459,-0.998533349358511,-1.0694232434769,-1.10332273529873,-1.07395584343075,-1.00663312085466,-0.902012690771209,-0.756272942877923,-0.593737436834291,-0.388518302709179,-0.180709198066067,0.0359998484631526,0.204708978187556,0.369529697894289,0.529894098994391,0.646172523376998,0.725205473451225,0.787039218685841,0.808773857614503,0.796552412752685,0.730050774045724,0.635243253156421,0.521700407042971,0.373490338038436,0.205383643088941,0.0161125345808926,-0.177880991073244,-0.345346348706927,-0.526329753620605,-0.66692703634266,-0.79615322839128,-0.889679988189231,-0.937664559580664,-0.966907926809258,-0.934480793271608,-0.887585707466787,-0.783844961582937,-0.650715832914812,-0.512810094132302,-0.362001400564438,-0.160960908017162,-0.0147701748585231,0.133880152634568,0.262557190748882,0.387864641466361,0.466880587336751,0.530448281911828,0.59229932909289,0.597524415113696,0.582989754086379,0.532451602430963,0.46009324737865,0.367998979200554,0.257392084562022,0.124154641372294,-0.0109812560671543,-0.145716499693103,-0.27720381032796,-0.410768589321502,-0.517046806776281,-0.620135365543237,-0.676167066364649,-0.7321368923413,-0.740961819749667,-0.734666362325544,-0.682673890495998,-0.616163753161973,-0.523791138062206,-0.408276009120114,-0.283009485990589,-0.1420694140193,-0.0250995369797167,0.0486732233767206,0.119755756079785,0.189190634983018,0.245528243378348,0.289921628649908,0.318062408877792,0.326163483177051,0.31139704204806,0.29880805993894,0.245696132373027,0.18728148077886,0.124105100464654,0.0387804018850068,-0.0327443402363342,-0.119892264746096,-0.202305722707079,-0.277145056030527,-0.34687903617941,-0.394145434725101,-0.440044316075248,-0.468976661593224,-0.474934100661813,-0.465886587477902,-0.435373450001518,-0.390604450622438,-0.346194374731417,-0.271853911248327,-0.202858329789315,-0.118315967772203,-0.0605813669325763,-0.0381474075009768,-0.0214199986773403,-0.00672878459339593,-0.00375749005571167,0.0212685496496009,0.0134272048645808,0.0190340308397676,0.0192932716242606,0.0102523347766513,0.0121900229405357,-0.0166126929372748,-0.0262770983678569,-0.0426840255627069,-0.0632486173077413,-0.0864194263839604,-0.107918072397471,-0.115850980353428,-0.135504253718607,-0.143937935402695,-0.151274726623517,-0.16528944162459,-0.162081407564531,-0.173763583367014,-0.157193163554832,-0.142679533546273,-0.131992259671304,-0.10561377039465,-0.105060106921098,-0.084721619474906,-0.100072416017407,-0.144427999496661,-0.178581012231982,-0.236677561328501,-0.245888674532964,-0.276859159281584,-0.293623157525353,-0.296540529439298,-0.29188513797153,-0.27858677852494,-0.244201160963958,-0.218586530711828,-0.186065907389475,-0.145370872915669,-0.0961493477005827,-0.0398174488338891,-0.0227337277212591,0.0329666109845197,0.0785317515630076,0.097414697736938,0.131862706144921,0.140028463814343,0.144957499739034,0.144471210571511,0.129996961286851,0.111070431395307,0.0841230220283907,0.0362834862328593,-0.00589764482727729,-0.0516880001648389,-0.127234507854844,-0.242969897431776,-0.343118920701445,-0.424506407188983,-0.496810272187219,-0.554868854911427,-0.585425982839916,-0.588335522873731,-0.581566627444951,-0.547679228431754,-0.490916694261493,-0.43002056262767,-0.336041697918305,-0.248664242892607,-0.130100351869926,-0.0219299600873598,0.084398707258164,0.192825064104554,0.2732950153656,0.34240292074818,0.396249235991725,0.433945191927689,0.438432518656279,0.427030047611306,0.392239486978033,0.347938818482717,0.281677187128183,0.184759394243007,0.0893285884314083,-0.033471251364582,-0.151947047662517,-0.301901452931271,-0.45439911976283,-0.581340985062017,-0.704705034780266,-0.777601346935933,-0.827837454773711,-0.845619144825371,-0.827218065948101,-0.770338812788028,-0.699106832882361,-0.580465223675393,-0.452300984876364,-0.31434664017946,-0.159415352290333,0.0172045583607326,0.148460484668366,0.291204051047586,0.440902454981639,0.544353099518884,0.635710860609875,0.687173950208122,0.688180674608854,0.673332274527941,0.624490183546864,0.545642410580629,0.439475203580054,0.305578754967105,0.162339497214954,-0.002475686383412,-0.171412711328452,-0.372789980781022,-0.548442977579886,-0.722462328796109,-0.848456967341507,-0.949280699428493,-1.0011880197948,-1.0366653937011,-1.00242906398861,-0.938347357154785,-0.84285196846653,-0.72034951372081,-0.547369332385084,-0.37967611329639,-0.176006786195765,0.0201350306532771,0.221348669387316,0.389519411540819,0.55858037493663,0.694906660572363,0.8020064712571,0.85818933296576,0.866748551941302,0.854974265746198,0.784441406839151,0.697089281929883,0.553608685085998,0.396614991052406,0.223336606793414,0.0310873063543873,-0.189970907289075,-0.401981246414698,-0.58982783149005,-0.778114541156438,-0.92639359020373,-1.03270327082127,-1.10696542744108,-1.12001585173666,-1.10801984530696,-1.03956361839822,-0.917588312254476,-0.768383696877553,-0.60444641758637,-0.396948743189814,-0.181454500045833,0.0412566662303891,0.247537455070169,0.448178362217285,0.628780222923013,0.768585719232218,0.881668542849405,0.953452881760571,0.983157171609865,0.952981907669672,0.884232808887267,0.774000364722991,0.613860578314096,0.448416296231101,0.24275552530195,0.0312384605418978,-0.0806781489874255,-0.0709278442841017,-0.0717891957203479,-0.0790362021652982,-0.076234939590294,-0.0666486216070376,-0.0837131740194047,-0.0763130251103892,-0.062860811211588,-0.0755201581659918,-0.0804754656733251,-0.0683387310082152,-0.0770296780002035,-0.0730296605775042,-0.0810486667749849,-0.0836353636170543,-0.076615609895506,-0.0778988055836649,-0.0753154701059919,-0.0781412925737463,-0.0868466815018632,-0.081499772555388,-0.0783582146284008,-0.0742016114651789,-0.0768073527769222,-0.0692558415585347,-0.0699475190742219,-0.0632046234145701,-0.0851360147280497,-0.0680212893030608,-0.0755341862309432,-0.0700469926636315,-0.0404298132449247,0.0210116165138985,0.0745397890995912,0.136976123859975,0.169976024490984,0.21368681281783,0.2303820242127,0.24249948244498,0.216624827899698,0.209336825693756,0.182522853222896,0.126061756311821,0.0765478025977881,0.0209681034938481,-0.0583551949656514,-0.108468125610904,-0.174926928528658,-0.231691032800719,-0.283141020906526,-0.327923759403015,-0.355274547947491,-0.384694287842139,-0.386786861524406,-0.378255347193216,-0.357752831728421,-0.327975027618947,-0.279768749367142,-0.240362620314564,-0.163057463371263,-0.104382862513064,-0.015921189810787,0.107434312868872,0.211749316754956,0.327040956570694,0.408577125324024,0.471591172212868,0.501235135420416,0.522389640998205,0.508687092416761,0.46820152958713,0.409509033542804,0.327474373088376,0.234946856608318,0.113493869622963,-0.0131544673662736,-0.148072388109753,-0.258147839327546,-0.368275440069224,-0.470776692973521,-0.553787448317943,-0.627692773851453,-0.668462672027249,-0.671644839771834,-0.655680215313714,-0.615972356721261,-0.559413452965995,-0.471960428956737,-0.372184296437112,-0.273300269391766,-0.140845144921916,0.0127272552305538,0.180713715749146,0.344778078352048,0.488297082923465,0.589755048083919,0.684097357032251,0.736987261141967,0.754257587882575,0.73505088928108,0.686159951524771,0.595856993423337,0.491166345161303,0.339108882670783,0.189384140139263,0.00788409563670055,-0.16964421366871,-0.328967160050279,-0.492259007660669,-0.631851473968738,-0.744723192189218,-0.829034847577665,-0.869245512468924,-0.893820433851262,-0.888620002360714,-0.831440179668479,-0.757038079601808,-0.630826168906321,-0.486843959910522,-0.334445209884537,-0.15791462074283,0.0350866634893914,0.230064690052914,0.415789706019575,0.585117949503213,0.72283764779947,0.831961815795734,0.892448229957918,0.90290768724089,0.893636981112057,0.816319298029274,0.731154146573661,0.595733563041497,0.414478392652428,0.234474766104692,0.0288755177905885,-0.171917402314022,-0.385179978824893,-0.568209708608143,-0.739873707025578,-0.870893588649834,-0.978586815149099,-1.04516971851856,-1.06006351074926,-1.03756590379424,-0.974322376442031,-0.882939768042849,-0.739791581295909,-0.574566874064561,-0.384109373979296,-0.174611193883144,0.0401774807194335,0.248711303732259,0.458068175062836,0.622495753308524,0.784130020144659,0.888948229362822,0.970758436344337,0.988585727898914,0.962806197972694,0.895278838790101,0.791675546396454,0.63988401234982,0.456645050521001,0.246787261036067,0.0374659642350813,-0.178446685736522,-0.396281417890656,-0.60960133292892,-0.783490220428498,-0.926024831004939,-1.05749150523768,-1.10263108145928,-1.15385322354392,-1.10702739219622,-1.04528205181873,-0.930848039494363,-0.786954500738578,-0.603710045914085,-0.405272900719432,-0.188616255264983,0.0303358995084474,0.256338457991213,0.452795216552851,0.631388537827662,0.773235460729677,0.876374593012822,0.943966327920814,0.975344106915165,0.943499338484239,0.88732290356602,0.775789796641797,0.617379086457867,0.448038283143663,0.252787256033801,0.0469766654071944,-0.186464648470962,-0.404907291120579,-0.593001473830135,-0.769397550819214,-0.91587998509168,-1.02414401797223,-1.09149415060113,-1.11336534462095,-1.08422033658166,-1.03911452456346,-0.924044289984903,-0.774756180743872,-0.594927184718807,-0.400128694089108,-0.186701035290248,0.0219751715467698,0.213839247534839,0.385675663317182,0.537647378057343,0.676233011519913,0.779039452319466,0.835194504063789,0.863512716265458,0.829140799173347,0.783895713889571,0.665786866435531,0.550371891787047,0.388720845567667,0.212886815671716,0.0153631441412049,-0.176063050835796,-0.365444260936335,-0.542321934252592,-0.694671096213496,-0.829331640935118,-0.926225712580641,-0.992188431624155,-1.00780278368809,-0.987201670193379,-0.920158694647644,-0.84003266420656,-0.693030815772384,-0.537651564743291,-0.373397026191641,-0.191489948540108,-0.000632501116625331,0.149049026737235,0.286945996548525,0.41154527603912,0.523639522554553,0.597848549637662,0.643320480199663,0.666838201823054,0.648419057933211,0.610668840883562,0.533385618575055,0.429486619976344,0.302659493203147,0.15039454030713,-0.00147066010274724,-0.153134399275071,-0.304860123980327,-0.449006223250372,-0.573154695509415,-0.675937116978767,-0.75541330376014,-0.798446653126848,-0.807346933603185,-0.803620359871496,-0.739875875090603,-0.678072772976204,-0.568577196534743,-0.437087528890969,-0.309777875761348,-0.152652019973044,-0.0279273830742996,0.0734767581265895,0.170102502169237,0.249356367664481,0.31728632066563,0.370789316103212,0.402261294368381,0.418390691320541,0.402823492781271,0.369780068303397,0.320756999021277,0.245350363382609,0.167145381550343,0.0618005590692379,-0.0150892101042782,-0.123526678968475,-0.21678529132817,-0.321101428029973,-0.393386351950219,-0.462001468708984,-0.520993947062971,-0.552870425447959,-0.554712061696877,-0.546747236793082,-0.527703707685717,-0.475620191030934,-0.39355588854115,-0.315925092860429,-0.22513169857251,-0.123670652347321,-0.0498410551965556,-0.00701331933097253,0.0189065376441039,0.0365693477960758,0.0780697468196542,0.0974627510348668,0.105121163000096,0.109571487270969,0.0991522199774209,0.0859658163201942,0.0760779195720858,0.0499681984688908,0.0234012761851133,-0.0249507385516582,-0.0532623508868677,-0.0926253408274344,-0.131217565509183,-0.167174673401079,-0.19896070638791,-0.228386143230507,-0.243618549046494,-0.251773664657975,-0.253629302611366,-0.260761209334637,-0.238325844084855,-0.227878976057689,-0.202957831065309,-0.168346281027104,-0.13718004495836,-0.0941493074795853,-0.0890895998871808,0.993437693159764,0.982498882110671,0.948263169725303,0.841468730924526,0.717225406987352,0.562194517555539,0.357920372198338,0.149088851019691,-0.0841957989192916,-0.296356971832729,-0.507631521496809,-0.70311215823273,-0.866222861044349,-1.00230724669174,-1.09321386299316,-1.13332085119478,-1.14313626797165,-1.08779883112865,-0.994396692448614,-0.882879282121693,-0.699703415838592,-0.505747859863797,-0.294608501781144,-0.0687831799392957,0.14423447499779,0.35881373798099,0.550001981452472,0.714054230449309,0.845522715974555,0.943178269100659,0.979710786072561,0.97604224711064,0.935985839962035,0.85206442474081,0.71828248283393,0.553063467510195,0.35095807321131,0.148894454735059,-0.0689670094605783,-0.295728599068177,-0.51443643281607,-0.702081785566412,-0.863277558087958,-0.993463885909878,-1.08113209965242,-1.1384541002759,-1.13504282588037,-1.08476868175923,-0.99475805962395,-0.868399616652446,-0.698698766453018,-0.514785965858879,-0.286118414704491,-0.0651613118219711,0.147775423241629,0.353456697306245,0.54953224587009,0.715615570838578,0.844385234852249,0.944187369450996,0.994910498425107,0.978008931563785,0.935421891065645,0.849145789854323,0.714328176375065,0.558677962610434,0.361928007462918,0.156228849948767,-0.0783547355431293,-0.306100776911158,-0.517119887545988,-0.702119057921636,-0.860693003904991,-0.992521312547147,-1.09778944398041,-1.12909879572854,-1.14162789062055,-1.09450397938636,-1.0032554305343,-0.868447687466141,-0.702230102943633,-0.500801891967438,-0.294491404078857,-0.0714189664956194,0.149393170624809,0.362694233662749,0.558275291095597,0.718851436390828,0.846670600901182,0.943788386502444,0.990169757803286,0.982337467081536,0.931093062424852,0.858703197559065,0.713690234303477,0.550662379640783,0.359759387349337,0.142757137185576,-0.0743141447868954,-0.303103094958901,-0.524786616029501,-0.710196264471739,-0.866032484228806,-1.0010404486774,-1.0876978728589,-1.14765228862688,-1.13119224748846,-1.08751009296409,-0.996920786767765,-0.857057108683093,-0.694653970900252,-0.506657194728145,-0.302302526941945,-0.073379393786046,0.145261061966799,0.354210452161004,0.557960061938206,0.72113546214106,0.854378195800416,0.942421892962749,0.994606884372811,0.998670720169541,0.935759951527755,0.861340829424101,0.707531793343717,0.539109432588221,0.356079686482033,0.148503607918033,-0.0734567525457053,-0.295405511900088,-0.504731672324651,-0.69566475751435,-0.872001718683311,-0.999806483543538,-1.09222657026066,-1.13668976058077,-1.13754905967045,-1.08778176800214,-0.997365408950143,-0.864384240026046,-0.702965352741054,-0.504544452889725,-0.298461386031618,-0.0775125214646389,0.156284004256707,0.354697294081402,0.553961450841035,0.713574561385698,0.855001704712679,0.9331501913621,0.992668685144035,0.990786724018768,0.930982032822825,0.849609003495094,0.706360031019392,0.564538389660382,0.364094712858881,0.147374656416913,-0.0702335336519676,-0.295571089986306,-0.505447172209058,-0.705400325166994,-0.871845815670054,-1.00238954078674,-1.09346645992877,-1.13838682556123,-1.14844857499743,-1.08532561306604,-0.986907252016922,-0.855299551038255,-0.704511206466207,-0.516799554394473,-0.292667946618084,-0.0683314141881029,0.155391479859175,0.352060238000344,0.550759490182101,0.725380746091329,0.846462573968895,0.940237235477629,0.990247090796741,0.985495319568011,0.940965877868516,0.829899948522007,0.722239558752895,0.548678132346323,0.36329093829415,0.14900485722065,-0.0818778552857311,-0.302109310421767,-0.510236503936816,-0.706564348356618,-0.855862038168107,-1.00426154971586,-1.09520307627739,-1.13642067969745,-1.13296103791857,-1.0845883485476,-0.98740689599362,-0.867318635576128,-0.698173584829715,-0.511041322022895,-0.300670193506422,-0.0801381112830817,0.156805867013754,0.35762223197809,0.557181468461035,0.728758417901416,0.851029134256641,0.945313866705921,0.986056856775281,0.99704361987227,0.940594060272934,0.852952768697134,0.720471175372614,0.556171302985947,0.364703180430062,0.146806385362977,-0.0795136394535971,-0.289911184084442,-0.50306188704796,-0.697248424821915,-0.874178546275984,-0.993570082360179,-1.08652161889543,-1.13577462804682,-1.12975406700566,-1.07430501416799,-1.00245592148044,-0.861889837867661,-0.713271074390509,-0.500857287914846,-0.297693410672997,-0.0736084340943955,0.146483538213952,0.37093779386241,0.558641124320293,0.721018050152756,0.847829414764851,0.947249563167091,0.985802349127295,0.982083606082593,0.93453467666946,0.84930944629878,0.715918173532709,0.533330063078959,0.362906195576133,0.148668189511531,-0.0699547331832879,-0.281862175396928,-0.504198291358186,-0.694100745330829,-0.865374389972751,-1.00344774877836,-1.09632454413538,-1.13636540491193,-1.1301140096074,-1.08282010594078,-0.994219769773547,-0.879124383134281,-0.695920083679795,-0.513262331181487,-0.296392741183954,-0.0820217717463526,0.158295076809328,0.360595719977754,0.548014532574063,0.729041234017211,0.841975350078287,0.935462143164177,0.998599030094144,0.979390724727075,0.925205524086408,0.859718767758616,0.717195074742505,0.547378684009513,0.362036024117963,0.149593023653332,-0.0771100881640856,-0.288309022989372,-0.492505742003206,-0.699742552903304,-0.876633890134497,-0.99236044353975,-1.08765301062315,-1.13076326727572,-1.13903795571959,-1.09433249994045,-1.00493938472712,-0.860698434429694,-0.711978179705385,-0.515890752276659,-0.306425503967242,-0.0728607833331647,0.15162577667724,0.359789912200532,0.548081037383407,0.714751968074028,0.852989726216692,0.948877975870696,0.981432563879675,0.980649432249708,0.941052060763998,0.844412677320217,0.716947264596124,0.549350177411128,0.366323822962807,0.138704897882643,-0.0767526003977623,-0.30133939414204,-0.50406372305467,-0.700341312460996,-0.866929376020598,-0.994907969871845,-1.0847701735711,-1.14002240494411,-1.12729854945536,-1.08800545313874,-1.00457854927744,-0.875913088918984,-0.699390389537081,-0.507904535276451,-0.304129155595622,-0.0707958271142882,0.142797166561884,0.359429330868077,0.549502964416576,0.719503938007638,0.851867003886502,0.933867885044924,0.977150682108732,-1.13876607366536
0.966113991774701,0.964590273524666,0.932030739058237,0.859937913887321,0.746252099682482,0.601795697434176,0.433363688161835,0.243337499700149,0.0410591546428272,-0.167726531763627,-0.374220843983218,-0.55142320349571,-0.703694364171637,-0.834961470698264,-0.920755168519563,-0.979764660651794,-0.98671166871706,-0.953249077649062,-0.873698453064855,-0.761093735629628,-0.62701924866474,-0.45510305309692,-0.256674224282939,-0.0572213785435281,0.144817930994048,0.340314189404151,0.525828392198791,0.689165677071397,0.816860726502271,0.910850168074794,0.956366806854609,0.962272230672768,0.938171503036628,0.867977467374866,0.76152253811509,0.605712301611355,0.438359809067645,0.234817319778044,0.0363935502772897,-0.166157339369143,-0.360557950329103,-0.552019475821391,-0.704681891250942,-0.836588397398265,-0.92451296936535,-0.972835878478518,-0.988686452795957,-0.958696119920346,-0.883587153358155,-0.768453697487812,-0.614085539003839,-0.431001682988044,-0.248978865696013,-0.0670768824712318,0.151017475410452,0.350961541524565,0.533022974973755,0.686381185429841,0.817995105564694,0.903024055064265,0.963067511354828,0.966899796905084,0.930472715834776,0.849066534386105,0.737192413314499,0.601202220418633,0.421446489291972,0.235034310264588,0.0375515568797661,-0.180984227594624,-0.377994260480662,-0.565500896534179,-0.710368195235815,-0.847284632413347,-0.930381899762762,-0.989698030495147,-0.98854430389023,-0.953666209471193,-0.880391371360986,-0.759761501261826,-0.618665768447843,-0.441644134524464,-0.26374590750753,-0.0572657096305329,0.15960308934294,0.351476325319504,0.548000284191213,0.694328642136571,0.820599572332204,0.908330286848645,0.956170191407156,0.97087230420738,0.935348188723096,0.846910872394887,0.739375518254953,0.590441660115061,0.422279340941202,0.220890030887289,0.0119717475681039,-0.186500601136802,-0.387008608151433,-0.559486641339094,-0.725054273678987,-0.843049241798333,-0.933259904042989,-0.987052989699567,-0.977200121954734,-0.944041954850872,-0.871133801027363,-0.755841652603262,-0.613400854486239,-0.438051541027372,-0.248291964670218,-0.0507051501130755,0.163577760561072,0.364259694160951,0.541293221186333,0.688038328990772,0.820251352332061,0.920013778572799,0.966281363953461,0.960586734791381,0.91871676642114,0.845220343841375,0.730103198883253,0.578563805079416,0.403661609650178,0.213480055538704,0.0121713943485593,-0.199670045866969,-0.395191975511577,-0.562613928313603,-0.726049597873373,-0.840542307992876,-0.935952770066664,-0.978487651879065,-0.98443894864138,-0.951950010001392,-0.869391657409566,-0.753652683916993,-0.607473703391001,-0.415194523514349,-0.238495339295428,-0.0284873670292426,0.178788814382608,0.369449084158731,0.550098734908279,0.711354317752195,0.830264229240601,0.917893469424323,0.953108323225725,0.965150678456594,0.922666954282251,0.850281033517986,0.712342914549232,0.573440219656913,0.391328149497997,0.194947177342217,-0.00589964943079072,-0.212930186483253,-0.402900147187355,-0.572961562738795,-0.734243452257155,-0.853424096478218,-0.948660227530411,-0.987666882094292,-0.986525296523943,-0.934854641142554,-0.854989539413734,-0.740190550256952,-0.589969832614235,-0.41660918539066,-0.226934461498788,-0.0173144067874945,0.171689255249079,0.382757795603553,0.56608627117944,0.70644852424864,0.838541604811811,0.915197390241825,0.956494831032378,0.959490410277259,0.917457291895375,0.834819981990358,0.718885890327561,0.552647974118852,0.384227088375655,0.185992681646052,-0.0160241138662556,-0.219971621536279,-0.422126528854109,-0.602015166972629,-0.738357734843369,-0.858340561196659,-0.944230775553535,-0.992869956555286,-0.967294792643222,-0.937327381076386,-0.850987245777966,-0.724799396398943,-0.579853131331964,-0.406156381666366,-0.206488674753683,-0.00592794578409357,0.202097116864412,0.407533789413742,0.568073189393188,0.719131342295391,0.846757379135881,0.922414682046432,0.964774709569232,0.961548619499989,0.892209298278027,0.839315660979595,0.69983327066611,0.543256709950112,0.364942910222136,0.168762509909856,-0.0272459995363841,-0.236559714519092,-0.429367805084219,-0.597605142367643,-0.752757503057589,-0.867699303792287,-0.943326506837503,-0.99860868262963,-0.971212803749481,-0.931173606883308,-0.852769457583119,-0.729406163844117,-0.566907711126683,-0.388059572042303,-0.191302551757447,0.00246806156412706,0.213839229195447,0.4138876624707,0.582431200769313,0.734730538882608,0.848581369644977,0.92627503203482,0.958979126914374,0.951467719057285,0.904235637761749,0.822876001320443,0.699688414626766,0.547943035906674,0.373082563095806,0.161467315059342,-0.0402955951320034,-0.231069714575175,-0.428772017093549,-0.602884248932077,-0.756194956870735,-0.878944627374392,-0.948606125635684,-0.990262794136948,-0.978408576856515,-0.928295703079487,-0.837735440308775,-0.715300268996647,-0.560853993985752,-0.382210591882109,-0.181574137297128,0.0146886832013655,0.231975781874284,0.420479257202063,0.577581395856432,0.742420189936991,0.847294221555745,0.928672458593657,0.965936301693298,0.95303718130686,0.920600373347791,0.82091910252408,0.699784455197538,0.530376678422325,0.356011872725292,0.145090100730282,-0.0525964212480967,-0.260152749616935,-0.45933180701038,-0.620799448972381,-0.766425585639291,-0.868340950758991,-0.956042359064889,-0.988992929739919,-0.981635736176086,-0.914523852791924,-0.828677968812861,-0.713806342132495,-0.548025569643276,-0.3762939352254,-0.172093659688067,0.0279826721776501,0.233132239494143,0.428952263490258,0.595218436004261,0.742146154595773,0.852129620435096,0.943263520985397,0.968476067754311,0.964555602074726,0.906796639248007,0.826369224934796,0.685224779571114,0.531527425232876,0.347838948953081,0.146495315377405,-0.0595167806810074,-0.260900076274931,-0.440472902001276,-0.62212558540151,-0.766138685037249,-0.876870677988781,-0.95412481499646,-1.00142071130411,-0.96857482514384,-0.932707147008607,-0.827744428753359,-0.708481524510659,-0.540996212575803,-0.362607363935916,-0.167767478203824,0.02842193321525,0.240608094742534,0.437641617515271,0.594449367081919,0.745513609000052,0.866037033251096,0.929860301636136,0.969259058868462,-0.987223649973141,-0.0158552416204148,0.0887355130073502,0.293403175643632,0.477889980042466,0.643316694726074,0.776251801230289,0.887301283958426,0.947989685933202,0.967702873771906,0.946356979493364,0.877882486667515,0.776680830509842,0.650841458056037,0.473804879464187,0.287844573884849,0.0889327912120155,-0.118378152438436,-0.311774385617312,-0.515078767417197,-0.666555912838661,-0.790462316976949,-0.906951667924053,-0.964045119011607,-0.999460874553733,-0.973734685644634,-0.908316188604117,-0.80851945104334,-0.655612705592654,-0.508509661344312,-0.301441048628201,-0.104819575055807,0.0915955388114278,0.282283298521475,0.464631323760753,0.620264585015046,0.748963582041471,0.858609861682714,0.923686167344031,0.938151611778937,0.922751199754844,0.855189305227423,0.757069719643231,0.618947093324314,0.461247007989065,0.276799267371028,0.083986468635825,-0.108541373699353,-0.311694291315675,-0.482895047994701,-0.648245737616425,-0.780456806804277,-0.867628228508205,-0.929370428455626,-0.961453262213865,-0.940600988824439,-0.873335754000334,-0.774745827961072,-0.649287837621733,-0.472261137722349,-0.305923361017624,-0.112397146658355,0.0752500493177715,0.240608983195348,0.417718530806001,0.560063922091364,0.666896224918534,0.751682912533228,0.794781241341799,0.825098956693951,0.800323128156216,0.755670847382936,0.66478202127929,0.543542882464204,0.399921483870681,0.241193355550257,0.0771878722015807,-0.0963607356962249,-0.270625005807081,-0.429378933033049,-0.571667054299856,-0.686060847292827,-0.771756426471665,-0.826478058978045,-0.845068133843762,-0.821768942738831,-0.781814788907012,-0.683989501495642,-0.570861897630204,-0.435052700430761,-0.267320269820825,-0.0825838046665785,0.062495307431739,0.188794780427765,0.315911225411333,0.426193937099623,0.511863024185921,0.58027277623305,0.63457826850711,0.638850210890067,0.624387151496153,0.582912451242852,0.514410440519882,0.410710504481484,0.329317024357307,0.18853041895247,0.0580437443290245,-0.0782151743510295,-0.224992493024119,-0.336342975618899,-0.451163858613445,-0.526059970490082,-0.604327438758717,-0.643736808843207,-0.657124005466296,-0.643765812475737,-0.601556368512515,-0.52999500214943,-0.454929069815725,-0.341577708877196,-0.211645270169002,-0.0853239717568676,0.0336591901516782,0.113289134281343,0.19273142135507,0.266124170076019,0.331941971111471,0.358244095174361,0.395622095942068,0.393958196231364,0.387051270178286,0.361338783151119,0.321313251008575,0.267336667342079,0.211142219715104,0.119135674018851,0.0226899806344347,-0.060378184629328,-0.139659841026213,-0.21886908669715,-0.290742696729661,-0.336645486055974,-0.374792443630584,-0.40520532853323,-0.425286733892507,-0.410724008832076,-0.38528498322619,-0.335840782961329,-0.290063644572017,-0.211408020677116,-0.146744148401343,-0.0467999350595358,0.000902383470286971,0.0314416751297381,0.0506018550991675,0.0846838392967506,0.0998020942246968,0.102891202428505,0.118913356579046,0.106297754887518,0.125398029326638,0.101561794951178,0.0913001668237742,0.07366822674296,0.0525333524458242,0.017158732310663,-0.000107872245627195,-0.0253609776962534,-0.0624451612890793,-0.0851549792580173,-0.100268810039132,-0.119712919658489,-0.13241754651345,-0.142695736021739,-0.139552898270165,-0.137908075046438,-0.121917378408305,-0.113610046717767,-0.100176284843425,-0.0789969354040972,-0.0461219781284048,-0.0226972665070215,-0.017077372056316,-0.0466925082028733,-0.0889642299704242,-0.12539728307815,-0.144761855745713,-0.169961423156269,-0.166183556499589,-0.177962157652592,-0.159136072046795,-0.153667575823458,-0.141718464225907,-0.117231299003863,-0.0843319514138209,-0.0643396253694211,-0.0296090621133198,0.0116334067743539,0.0296297078524882,0.0617703100938548,0.0872371616231584,0.116863760497735,0.141758974648129,0.151578031365651,0.146674620851969,0.147912028532774,0.13917973554188,0.120143949083497,0.0805926572639128,0.0791317550604259,0.0505600291422967,0.000932545533627846,-0.0483247168478974,-0.140037492989935,-0.226931327105689,-0.2965081325162,-0.354054524905834,-0.4001292097336,-0.440219366639526,-0.444949991201843,-0.446782364703851,-0.413759212064015,-0.373469346417223,-0.30176521425381,-0.228977668517152,-0.144432303395973,-0.0679961802836164,0.0363077171434513,0.107453471259443,0.206470382663555,0.274848493888419,0.34118045365533,0.392092199445477,0.428332774167059,0.424574449912691,0.412307462636799,0.383329208173351,0.338477413258939,0.275014406765323,0.203751683920758,0.118915011350451,0.0360028805944857,-0.0807897819125101,-0.208812062918092,-0.346334612174026,-0.456589790285229,-0.552131716712921,-0.619671844507372,-0.650834382415397,-0.685495891804251,-0.673569777707507,-0.612774871901968,-0.540016465201312,-0.456643803889294,-0.35424117166639,-0.223455735684575,-0.0727287188133777,0.0605070679743748,0.184001912197972,0.321450925794784,0.440094645990957,0.532894978542049,0.607448348777118,0.641584718042804,0.66600710926224,0.643837790127751,0.601352160483635,0.54337707395162,0.444831230755571,0.331391515465594,0.191033499436931,0.0595835867661286,-0.101867962864976,-0.269648401126801,-0.42388767011988,-0.583642003440814,-0.70316495910429,-0.782746218438946,-0.849510868350286,-0.852926094484559,-0.848300594038038,-0.78343825600525,-0.710876646498039,-0.58799680256994,-0.438948880731096,-0.272992993140899,-0.102710836601635,0.0743635713353584,0.248403485972411,0.415881384669198,0.569111982213253,0.676812961161011,0.767120655316545,0.820968793863873,0.842385172276275,0.817713890462505,0.767381324931313,0.677768982185359,0.540150351561681,0.415808346613994,0.252122369368622,0.0816464095248067,-0.104278639293792,-0.307952117937618,-0.48162852974565,-0.652353835379052,-0.776992027800446,-0.895987146867376,-0.941085913630496,-0.970682269871191,-0.950208825753343,-0.883838480633111,-0.778016049411505,-0.6479855382607,-0.490247537113768,-0.312090804430324,-0.10285772186248,0.0892255418167415,0.285641019264259,0.464858320098317,0.625391093027824,0.763774600396914,0.860347570882993,0.915215330449771,0.94626396095788,0.921646948260221,0.871144092540785,0.759821537098035,0.622486431747455,0.464585545521836,0.285328079149719,0.0886280747159347,-0.00348992055163831,0.0410693092676335,0.0411045302165549,0.0366348461604123,0.0183722303654764,0.0163821587418411,0.0176002372243195,0.00887299635888282,0.00766302404081013,-0.0114488429338374,-0.0202800846633943,-0.0322684362429004,-0.0387371966758804,-0.0429684390691154,-0.0602444466031958,-0.0542709424047702,-0.049738719455596,-0.0649115375270939,-0.0618352085699117,-0.0622416216754472,-0.0551047300758949,-0.0332750637258395,-0.0353250243565684,-0.0248433179900519,-0.0114841880126154,0.00486704919481153,0.00126432886000984,0.00168083920318894,0.0221350223331434,0.0352361355817919,0.0340230183990357,0.0327899063525664,0.061999980994584,0.126755376977303,0.163209249855243,0.221813731786324,0.244978906142006,0.273890361752213,0.275146648698189,0.269956256437752,0.260234258188503,0.227865244420898,0.185752812515449,0.154826901291512,0.0923455169098864,0.0372427326884457,-0.0388738652824891,-0.0883088413635686,-0.138378945587891,-0.192484291421742,-0.241075756080251,-0.271796651729696,-0.290511140052601,-0.311805381285961,-0.296666616169079,-0.281599736150784,-0.255219383937778,-0.213779804478958,-0.181146508180531,-0.104092363797076,-0.0498725033706089,0.0039898580671588,0.0964496863092505,0.199678999611526,0.310092960720595,0.414857536455223,0.471686664094332,0.493625850900419,0.533218794068739,0.547631526814901,0.521454366539636,0.47067507849355,0.409265044752784,0.320584923728242,0.22383612854353,0.107752312568215,0.000143105944335938,-0.099961543391556,-0.230620726348022,-0.330192800507896,-0.419275047814531,-0.485440768542601,-0.528429229228753,-0.55133979002998,-0.564242625976388,-0.538957170299424,-0.504355481433934,-0.430058417930809,-0.346993269706723,-0.239942793572791,-0.144866946208368,-0.0193936073150834,0.104645566304483,0.263902577599795,0.409511443102683,0.534995783438289,0.643595905406017,0.703882705425124,0.733898849042222,0.758830931104111,0.716912608963028,0.663227102286269,0.581441403250817,0.468512139454344,0.333149537798633,0.173576167631574,0.0259795584376693,-0.14076267506991,-0.285626392716009,-0.431604715459255,-0.548349734831414,-0.652957350068751,-0.731653210812396,-0.769287855083848,-0.776366767210123,-0.746792981263738,-0.681274721330583,-0.594046897152049,-0.492928546067476,-0.352343086592289,-0.200025778467773,-0.0434951967171582,0.12137061017143,0.310469100296121,0.486494698984972,0.63658573671762,0.753408473319054,0.839477448943775,0.887916417611158,0.908127735261759,0.863046284909559,0.802239308624131,0.692542511071502,0.566028115052813,0.395209181428244,0.221778623556408,0.0340089395709975,-0.144514790403818,-0.32464158755666,-0.495421865940713,-0.652184823718508,-0.771300448553397,-0.856408806525542,-0.907149959247204,-0.917102449105931,-0.881555462463711,-0.822337601424493,-0.71407223035111,-0.587239301084502,-0.415278303483165,-0.259292363799231,-0.0567825512964533,0.134163347912856,0.332476989222111,0.519275429522708,0.670725108431517,0.805695232129516,0.893072111447653,0.967911458885802,0.969129748162431,0.930789697369621,0.863497761947474,0.758010800960244,0.59981935903615,0.440952673808308,0.258121459129458,0.0443891525532476,-0.164884554759095,-0.356489295851885,-0.541430593489479,-0.703800332448102,-0.833604966883831,-0.921392367847473,-0.972646929253856,-0.975665859905448,-0.962999258098795,-0.878381696344041,-0.772796238475699,-0.61812858042444,-0.456615041117209,-0.26917605179823,-0.0590748555903613,0.135937945332607,0.326762971397759,0.495181979361799,0.657963551300194,0.796019761832401,0.878916541306595,0.941897443953019,0.950031859824716,0.923460780479009,0.839369358336121,0.735351537189639,0.60240958910018,0.429695017508997,0.242283662471374,0.0379663839248999,-0.156998854604148,-0.36227544963049,-0.533050342138311,-0.692859868461028,-0.812858279158874,-0.905746317549908,-0.953844469961042,-0.954521430821795,-0.945213062878003,-0.863871238343079,-0.751294543899547,-0.617849743393705,-0.442835277738256,-0.264748007824583,-0.0737404201089407,0.121669413781862,0.291070030877432,0.46331545124029,0.5982483477734,0.705180612157241,0.790618912158699,0.831420110375599,0.842404620039502,0.804439257444014,0.75482679052115,0.647917117175149,0.52765389202997,0.363321676673916,0.209566052588122,0.022364537636744,-0.153723228043886,-0.320314306324394,-0.490193736498907,-0.621040270928973,-0.737535041377913,-0.80198941845304,-0.860149929650267,-0.869363156931187,-0.84868793306017,-0.779964609017589,-0.669131996519492,-0.549768792071794,-0.383804520160978,-0.224839578580287,-0.0544390427900509,0.103870208691106,0.240102096600739,0.354770541338974,0.479280186312222,0.562506228323256,0.629148021341376,0.665121653725003,0.671233318516974,0.642980617277704,0.595431562668188,0.505658637747488,0.408290132782704,0.291750618405442,0.149061130214207,0.0171111152095562,-0.127459674490551,-0.266004228921272,-0.388104680356662,-0.499041513089674,-0.576585841773872,-0.643236467644213,-0.684689346227137,-0.686212312069176,-0.66613194656773,-0.615236656067987,-0.538419343575819,-0.42635107758342,-0.300193423473607,-0.175122635327011,-0.0415419586225534,0.0663663706016182,0.170608274123995,0.237802116658535,0.317878100822623,0.37748027567914,0.421597257751938,0.43489882943419,0.444013480398257,0.426656939632525,0.379031427504342,0.312014958538415,0.249292252742832,0.169839822710528,0.0891134808382485,-0.00887030603781596,-0.115485245019115,-0.190321490808786,-0.275656436958414,-0.33676578323693,-0.396481828836606,-0.435370118980749,-0.453311869451743,-0.458730664655917,-0.422035002820991,-0.406071139254228,-0.330279170356712,-0.265905042057169,-0.184143770371227,-0.103842964124456,-0.0105476273061673,0.0554110983986758,0.0891443063180272,0.115269543471255,0.120242307278744,0.157397655602835,0.170980639479712,0.160738532624663,0.161702231728349,0.138105945530613,0.122405681143881,0.0967262513925855,0.0732679356713708,0.032174829382387,-0.000263879201144728,-0.0427562618144634,-0.0658092072523596,-0.106144195488658,-0.134497166601694,-0.159257578440551,-0.169615909335236,-0.189153934509771,-0.182999696450726,-0.179546544219458,-0.175861825517096,-0.152880674934771,-0.122805649612076,-0.0850189150900654,-0.0596358108194168,-0.020649099301478,0.018754572982877,-0.0468765736932409
