0.109631284605914,0.117040584724827,0.100384089193713,0.115099255040648,0.115372871203338,0.097020762140663,0.113881896211244,0.11170007155092,0.103726944726816,0.103140138123363,0.104338537222414,0.104261185702913,0.107667889019126,0.102272854560105,0.107116999463584,0.111007012948296,0.0986264752763475,0.125345836825756,0.112587989316497,0.109822646822359,0.101314836594901,0.107597536158114,0.103203372650971,0.120051011171326,0.101351847651963,0.108593674034517,0.101487342416939,0.111137567116559,0.112202908501767,0.10453310997152,0.105974147640225,0.137501441792756,0.199441121831489,0.247683201178284,0.298600391656848,0.337446523999323,0.367149079583023,0.37627857631894,0.384571822922152,0.379138155613107,0.362731620507739,0.339209192433177,0.306224830450349,0.25260246614195,0.1900832158663,0.139226302621518,0.0854962499678871,0.0193771782216058,-0.0293547031802182,-0.0698053951037688,-0.113943767440624,-0.144161007798797,-0.167168810995892,-0.179315518479682,-0.165893883751091,-0.136286033611021,-0.116055876487561,-0.0756382441609182,-0.0247022889057487,0.021513609359778,0.070647599044008,0.161112890297917,0.268421128373123,0.389318441494988,0.467650998568098,0.546108458749473,0.596021000590135,0.633117643279559,0.645084491688005,0.628113302351525,0.597907119439593,0.537613575588492,0.465215305570291,0.371617824179777,0.280071706721889,0.167441353803392,0.0500854268832705,-0.0563190119215755,-0.157533112596629,-0.271927495116264,-0.323433467042177,-0.375968680851899,-0.429142174511151,-0.429513891091088,-0.421798125938313,-0.392221960461837,-0.329295512328837,-0.2445803436084,-0.159222375241583,-0.0411170559500899,0.048104170335849,0.185326614316635,0.329605333522258,0.477239042513223,0.618662978348098,0.704382875639242,0.781049303044373,0.830765715464551,0.849715313936675,0.833768781601958,0.79031566804634,0.705219727611508,0.596887498202492,0.485632193279485,0.344395556226204,0.196604323216679,0.0198126376779798,-0.121163690576609,-0.278009421792709,-0.385570660756878,-0.488440196708213,-0.580820441079462,-0.623615209131392,-0.643086062803083,-0.62622596044144,-0.570772536556562,-0.486713359352404,-0.37374096650066,-0.271941772862457,-0.124794859355971,0.0346670870654437,0.205652229326323,0.390930797270952,0.547185628803125,0.715383564374349,0.831291332682528,0.926232828191375,0.977422406715785,0.996516835445065,0.972970569812299,0.917569399041548,0.821287412628875,0.694961693941429,0.557480350444668,0.381288689684115,0.201172045189623,0.0078926435174983,-0.166775224705559,-0.336820095075399,-0.480076935756075,-0.611585163479854,-0.710153778245049,-0.765139203325335,-0.778642723695549,-0.77020027181063,-0.697916842880439,-0.610872515071255,-0.493783137993059,-0.338475318160738,-0.165510846455869,0.00968419321816764,0.192307737652225,0.404655702046457,0.590777749554335,0.750602732638105,0.880890510028939,0.992330702572042,1.03581432284044,1.06413066217848,1.0499101476948,0.986147512134091,0.877481698152735,0.744064466956054,0.59320446421035,0.402646465179558,0.199438893754613,0.0171512868205314,-0.192673096071451,-0.364577530403454,-0.53195595366538,-0.664377739799074,-0.769378980261352,-0.828972061888309,-0.845009836613822,-0.820982362578087,-0.7755543412727,-0.664145774791263,-0.53242660025489,-0.368792136444162,-0.185979991872409,0.00939114318611588,0.206975638433024,0.408592262390684,0.57601751361358,0.733607006279329,0.8723189935121,0.960956481566983,1.02528167435728,1.04902346553296,1.01851808992059,0.974727894993585,0.865969908341966,0.736571691826082,0.573174388176973,0.399429372153008,0.212435416511745,0.0101055363118246,-0.193729506105502,-0.369169112765133,-0.52829369324491,-0.645759511296992,-0.748145408066824,-0.810369698943593,-0.827381636775812,-0.819311108151299,-0.751166975299141,-0.654550648678954,-0.515820895966558,-0.353859434314439,-0.188461437928017,0.000292641390157942,0.185567922406198,0.370759714900089,0.525221845649876,0.657819434320274,0.781226720799719,0.876134250576919,0.915727322427465,0.950457954858665,0.914521248553257,0.867060610688062,0.786713513046198,0.673052330054498,0.525976875894702,0.372457396712897,0.193603513877926,0.0196353383380936,-0.144752950532433,-0.312831974352791,-0.446905526030602,-0.57909410362743,-0.654714682549482,-0.701425726983942,-0.724919279848249,-0.706785874385026,-0.660736755100619,-0.570575909149589,-0.453681798890454,-0.308446409481178,-0.144957374141208,0.0178719684191062,0.182769644764307,0.313624029338343,0.440217720645215,0.557546295423576,0.643205530402164,0.715577433052311,0.76187408211435,0.774115717182663,0.757426693095624,0.716982542548218,0.648906751235742,0.547342110015979,0.439573400483462,0.320779641819985,0.182795469174194,0.0429792983931131,-0.0940166742084839,-0.22474127771155,-0.326594035409283,-0.430701490224901,-0.501698769183676,-0.53818487592174,-0.56241624625307,-0.536931875521019,-0.503602378459314,-0.427056487330262,-0.328970448933122,-0.226514823136014,-0.109467089362875,0.0460253527513396,0.153672888923804,0.239551035423366,0.323978805736741,0.403578215557138,0.458839816655842,0.490049428283579,0.532502778448262,0.542083461925963,0.534313810361678,0.511156204212571,0.461594871196396,0.398662137446871,0.323720341440423,0.248482280792252,0.158741677585831,0.0644185765096328,-0.0314838831678374,-0.106484073152336,-0.186544482356045,-0.242385296509045,-0.286260938951402,-0.316419419454667,-0.334248591017349,-0.325763493656098,-0.293936031313262,-0.238324254624338,-0.179471672243519,-0.115538054979305,-0.0293236570851229,0.0604691485819991,0.129414265210219,0.154566351519369,0.188603975589759,0.211875629104165,0.24648714038787,0.262757721677099,0.266835187730316,0.269093423471649,0.280102277519867,0.257379456859637,0.239375946695153,0.215169649484628,0.191781046379276,0.154429409091181,0.122812986831396,0.0768409534044843,0.052409433728701,0.0275589736408848,-0.00425799373944839,-0.0215406775952564,-0.0424625758598245,-0.0578881727913297,-0.0543107709035695,-0.0669069173802852,-0.0524279101821687,-0.0313399108482472,-0.00872792425469092,0.0264231455159562,0.0556567989862637,0.0950700536052381,0.0984010943155152,1.060131308702,1.05337210700561,1.01946006053367,0.944751760797729,0.812317118492978,0.67856329141101,0.495865313744022,0.310085347712229,0.10940716609804,-0.089606430237124,-0.281330716673428,-0.453404670081254,-0.608287951904801,-0.728990917271578,-0.804818889734444,-0.842829979110905,-0.836472617123213,-0.803322082902616,-0.731386178970056,-0.599594214411675,-0.445383171132715,-0.284608207495507,-0.0988623623334796,0.102172793760084,0.309793651348856,0.495505839270187,0.673289235703971,0.827513247724246,0.935663853994684,1.02579540400289,1.06914990287141,1.06094391285518,1.01167748522368,0.934029689809953,0.812396513777957,0.66102291062883,0.503949530756921,0.304731286338896,0.0994789125226625,-0.0957323431199804,-0.27214345811516,-0.444935530194489,-0.607542834615402,-0.722771934454571,-0.796539496011572,-0.839575369860521,-0.838952650064689,-0.806889905431738,-0.710224993921455,-0.609627304604293,-0.453733790353335,-0.283129453579719,-0.0976085461320887,0.116063281933255,0.309015227287579,0.502493804137583,0.666617107234522,0.816416174606605,0.935372299246726,1.01822715568828,1.0597823545032,1.04766558300069,1.0180377829838,0.939730144831455,0.820083436364826,0.669867173736398,0.4925372778713,0.317563186803672,0.0996672170568547,-0.105636410061279,-0.28487950679887,-0.466354725328824,-0.60671514955636,-0.719009983348927,-0.800111074089908,-0.853606741186022,-0.85687872880295,-0.806136223163447,-0.734011145739229,-0.603429615878406,-0.46125170038726,-0.294218232038329,-0.0874179286466288,0.12092060316339,0.297675710452029,0.506422984008534,0.674938096530077,0.818786004005102,0.943162799793238,1.01686201777426,1.06698980153956,1.07081812590955,1.0161521236631,0.943871935671034,0.820057633960134,0.671248812139097,0.481840804920211,0.311058620057554,0.0984792019826098,-0.0967993620605213,-0.285074614696779,-0.450029824792862,-0.599556673763484,-0.720052859800256,-0.813606205013507,-0.845813782397895,-0.845518860731989,-0.805414616737723,-0.72749437481624,-0.619462569217258,-0.463410228265212,-0.278416441939473,-0.0909507233288215,0.104573314835403,0.307425602991644,0.485193017481003,0.672581165887919,0.825305500617431,0.939808959939681,1.01219263456725,1.0595626228052,1.07437385721334,1.02406402251109,0.941748152280025,0.828042932109107,0.671145635102915,0.492004558797884,0.311011547305285,0.0979686382212663,-0.0816459689956367,-0.283669075923909,-0.455509250565567,-0.603492199598978,-0.721788203475152,-0.809343390456195,-0.849882573282399,-0.845292905386238,-0.802575572218153,-0.726270985560906,-0.60810159617087,-0.450509773887138,-0.28249357189622,-0.0930278669221786,0.109374420723373,0.307135030144559,0.490044506346573,0.666781140203987,0.816522303369317,0.928697232643873,1.00816319550477,1.05081006066705,1.06487915970903,1.02558457051147,0.943713623286296,0.822364745968969,0.658813261802076,0.499717129638945,0.317639379863378,0.103232534147197,-0.100795454429529,-0.273349123531624,-0.463132133041851,-0.5999649757159,-0.720323924553122,-0.811480647299339,-0.840851648813993,-0.836846795716226,-0.809126185434871,-0.72379286878108,-0.605045948904616,-0.462476517795557,-0.28922111261654,-0.0984817774643241,0.109165612685789,0.315382553206776,0.487101836726913,0.669130430139628,0.817307461929492,0.935756892140704,1.02133509799948,1.06526483144554,1.0585615923791,1.0271235361629,0.93674963664687,0.820414859880272,0.666952240162363,0.506951922493432,0.312998907938867,0.102832419356836,-0.0837629531125807,-0.290784054735236,-0.446002520601841,-0.604163966622602,-0.728449140189498,-0.802820684526101,-0.841228121600626,-0.845377173027271,-0.809864085472285,-0.723643631388887,-0.599279649388266,-0.453291832401661,-0.290457774402517,-0.100234555250849,0.114040609198101,0.311285040607481,0.496452506188016,0.665036823024871,0.823553963191819,0.926613685374284,1.0265294143844,1.05437151993079,1.06306032965666,1.01419332381419,0.939391747570065,0.818501857749019,0.671269326424524,0.507736286101559,0.299438576578835,0.107817426304366,-0.0885871150695567,-0.294070655766384,-0.448643913769575,-0.609859354610293,-0.72762400990188,-0.812227784915582,-0.854267788798392,-0.845783639511271,-0.803473531067134,-0.720635464484576,-0.599366258449298,-0.452842213902005,-0.282919495253852,-0.0933868972407278,0.102040279850179,0.300958976559189,0.500848803681986,0.678466628960986,0.829772983873956,0.931579380879784,1.01228206415706,1.05853183502456,1.05505498439103,1.02439991905179,0.936715793293968,0.815121082186155,0.679616257211347,0.481952233060987,0.301270967279925,0.102366910646902,-0.0883525142599081,-0.28011478904756,-0.456198623389146,-0.61029188341495,-0.724778836201794,-0.804572136887742,-0.847731174442586,-0.850744401763378,-0.798472273743055,-0.719099681572851,-0.596794124304115,-0.455767315495439,-0.282818421123462,-0.0891341363474806,0.107482947687701,0.31528698056348,0.49627072637236,0.662309610275572,0.832272415843638,0.924863975719227,1.02548979555974,1.04520553654639,1.06560023998722,1.01098134172264,0.945752173900388,0.825943985379968,0.66793814089031,0.501725461898176,0.304865566123999,0.10733247003419,-0.0946476806913701,-0.279224497172819,-0.443370293940713,-0.608372758432748,-0.729908492955918,-0.805435347370588,-0.850480847617952,-0.843547941092032,-0.813770727663533,-0.73176261419786,-0.597155911597503,-0.456751860654292,-0.273784668155023,-0.0912104225039276,0.108137675699667,0.302062927653019,0.492955940110056,0.665199627432348,0.817844706239461,0.943776734433516,1.01334953879057,1.06507574580076,1.0523600893133,1.02690612679805,0.937934511263988,0.825176388688675,0.67815746099485,0.491961690532687,0.301190764837563,0.109072157267424,-0.102951895023347,-0.28746712512564,-0.457847347479305,-0.606952382941724,-0.7118529521666,-0.802046068444931,-0.840776096681399,-0.848927397586685,-0.802281611123927,-0.713420920605967,-0.612519991900192,-0.46433751610593,-0.286149358880603,-0.095197074873759,0.108353494555354,0.314132928039643,0.49225417757477,0.669734378460297,0.81655264623316,0.949410847887091,1.02480205860392,1.05559147908594,-0.849643647648878,0.124791534299267,0.203343943669674,0.413727175898592,0.593503008521585,0.754129914984978,0.886764393235888,0.979668853726903,1.04840007852222,1.05652152819635,1.04409659586306,0.968748451051324,0.877000906730424,0.764169119508085,0.586630850382758,0.404865734193262,0.215812954329397,0.0164181333599528,-0.18962501197517,-0.371946107884293,-0.540007074231846,-0.668874458380389,-0.762046882199706,-0.824481046108694,-0.856814625943107,-0.826980235756898,-0.764587108603115,-0.658475287325061,-0.538876862289146,-0.377263675856275,-0.185504855550822,0.00674241941139034,0.21740990454841,0.386225460959112,0.556699989027039,0.723418513143802,0.847463256784624,0.965050002341653,1.00635233021249,1.02189218749036,1.00420263529877,0.939683866924263,0.848387294243182,0.717842058543978,0.568816483585347,0.394604514810382,0.204716927778677,0.0061617083570257,-0.173005680997258,-0.353646409642035,-0.506175230563622,-0.629727900543325,-0.726505881548071,-0.788420551818305,-0.802896347858476,-0.795040071653873,-0.737512007253883,-0.633371462713426,-0.518000690594991,-0.340527089918841,-0.175699884107236,0.0180741009347753,0.186253314820869,0.352595992960684,0.510052184143813,0.635954177757055,0.751341847091282,0.827999016857375,0.876584833777807,0.90058824413399,0.879280766620106,0.834887169323483,0.751786861595733,0.642871266987672,0.505189497877395,0.347292321927421,0.195509022619078,0.0150771905139979,-0.135358186234617,-0.293237037796295,-0.416234636885093,-0.531119444114538,-0.619312177537586,-0.678217373892789,-0.690439584882111,-0.666516231860421,-0.616127861892739,-0.538734519943058,-0.421665386322423,-0.283582435915101,-0.137311501420245,0.0185016142969513,0.162412058018149,0.289495312505604,0.414196155083879,0.506859574146046,0.59129950542124,0.657136960031837,0.696500458052197,0.710719986789313,0.69215611697586,0.655628750408599,0.602437905066409,0.500477186783782,0.415545364186351,0.297701914586673,0.168904914109819,0.0527784537243095,-0.0770100959691992,-0.190772745430773,-0.286356962872062,-0.368455362000601,-0.449652508871341,-0.482708065390756,-0.491128427308524,-0.483802236582883,-0.452838663563408,-0.380732115251513,-0.29107410831589,-0.197505078578431,-0.0733030972666614,0.041195736970038,0.145294731814855,0.215788809077333,0.285202059901027,0.358314127601856,0.407749016556151,0.427007708855881,0.456411982871021,0.482230863377557,0.461630694733342,0.426401980041313,0.396511261854995,0.348739554842973,0.287915909338034,0.216799696605373,0.138114733786328,0.0690763711480766,0.00290941185725932,-0.0774326143901017,-0.135722344472963,-0.180071769692714,-0.216195925505506,-0.243277395841695,-0.243571612908644,-0.248596365793446,-0.226214679991431,-0.180535165928601,-0.130809684586966,-0.0800466507840504,-0.00310327782976745,0.0679405680520608,0.114881849167951,0.133391652948883,0.143385483854218,0.170706811056868,0.178975840941251,0.184882099619012,0.185988948845424,0.196375094471717,0.183421986477991,0.17547792292223,0.165667273233682,0.155052127733305,0.145199229827708,0.13215496769692,0.112613349819393,0.0931945537096809,0.0711730146729809,0.0602136330774205,0.0583225480724931,0.0297922554475475,0.0319411649463572,0.0304698270959718,0.0275869953077666,0.0259169696014538,0.0279681074108246,0.0410784627347843,0.0525227121347237,0.0715448651342276,0.0862587692889923,0.105784304866185,0.0802410536358426,0.056143980158274,-0.000758450411675285,-0.0262588954018977,-0.0465382033041759,-0.0784756703370615,-0.0800400860704547,-0.0953010313796992,-0.0883625945685202,-0.0747866397496676,-0.0663900425309008,-0.0306763450787087,0.0151554204392311,0.0444703873918775,0.0991093798510261,0.126785295236175,0.16708023072742,0.208877166606561,0.244875178504282,0.26954089690717,0.288570527315238,0.311440723796716,0.305188379615219,0.297165692774795,0.289749357175401,0.266972421885139,0.239802757354914,0.202244742974643,0.175261652067828,0.134280790487255,0.0676657389674267,-0.0254546705939663,-0.124427058899385,-0.202114442758289,-0.283097153400852,-0.315427666123724,-0.351596155356543,-0.36017729346011,-0.345627703877828,-0.311476490033465,-0.27042783978332,-0.201818689068404,-0.128061143709735,-0.0348854212698557,0.0673277855179774,0.149161685781569,0.240068863018254,0.34417721267566,0.409509238309927,0.491514520499684,0.522835592332803,0.554687140113206,0.585428933266286,0.547748868511048,0.539961472593466,0.476648674224946,0.425846204075611,0.331962065627338,0.251109536998391,0.153257722711039,0.0315884168226775,-0.0984941117239838,-0.230885324456544,-0.363082292252961,-0.450788997578196,-0.519746156406628,-0.574448744285752,-0.588460135117869,-0.573724976691902,-0.526449518225328,-0.445201466916691,-0.344417014583042,-0.233336151311578,-0.105319969899963,0.02573084277186,0.171715313819002,0.316731861821707,0.457420503636671,0.577074633773681,0.67047822959832,0.732356085568966,0.779659398760635,0.797800730863692,0.791674237066297,0.724811330293387,0.66612204117782,0.564627377359037,0.456979830496195,0.319125586168719,0.174341080051971,0.00547404098261273,-0.156785510239123,-0.323097041216004,-0.466100160132409,-0.584983645848555,-0.674490808425355,-0.73772126189367,-0.741342005159925,-0.734395216182429,-0.6747946247365,-0.584198624548465,-0.461119723060576,-0.31000419213203,-0.148791695429973,0.0153975910312187,0.187698866097433,0.379801937958152,0.53771585682205,0.674403979632376,0.792426821435128,0.884066739794577,0.942053710832818,0.963943251442989,0.932081222121737,0.889687137282489,0.79642092021267,0.677763011786101,0.536640124471962,0.371807623032536,0.206238026465703,0.0169045455312652,-0.173095195677251,-0.374729810640371,-0.529933205493011,-0.653940791739304,-0.748991280232863,-0.803563116667913,-0.838493412134853,-0.81860564366224,-0.754323908336389,-0.668287185210834,-0.52452317985998,-0.359480300350539,-0.177312892661827,0.00914246801917679,0.207324129544266,0.405011178724387,0.575871557131836,0.732792449974503,0.865501169761983,0.972550694607445,1.03921549742471,1.04835980297033,1.03507769361835,0.976176317886862,0.876669854326011,0.726666115387898,0.582473939669965,0.39230737996089,0.1991185690399,0.104139839345143
-0.163646038811434,-0.049630958764411,0.140750990255244,0.331970300760218,0.493129887299689,0.62734284261338,0.731969742347534,0.797233284203341,0.81746542075547,0.799109533834625,0.739328952490527,0.619253532185652,0.495627934511837,0.336487232641076,0.134303262775818,-0.0550180416519967,-0.24089077673845,-0.442643196900219,-0.639415282658821,-0.802450114044855,-0.930250756562732,-1.03682566106836,-1.10168297147706,-1.11638565602708,-1.09691646697657,-1.03568362317872,-0.930979656659695,-0.809268941012293,-0.641882608051598,-0.455338346963053,-0.249573223218771,-0.048569401426102,0.127521374562799,0.308510835080933,0.452127544993174,0.585789694216905,0.67895199373657,0.761307505862072,0.764371641621071,0.743841865348973,0.684164389564566,0.582276870776672,0.464029303972593,0.315450163143096,0.137151267159997,-0.0580180485234556,-0.254862766146872,-0.427296992093516,-0.615422920850724,-0.758936399950194,-0.896503218722023,-0.987192222109658,-1.04968868480595,-1.06394004537075,-1.05099128506949,-0.993491524426464,-0.894514444432757,-0.764394389475019,-0.610579120080044,-0.446153876549768,-0.259641598021831,-0.0697876214991317,0.0882687092483292,0.240587949759629,0.374243879947192,0.488131879253266,0.558621331517363,0.628767599417869,0.632139041683502,0.613253555512555,0.561902658172056,0.488500352934569,0.370243792700202,0.22815521360356,0.0936070039334505,-0.0738480917817312,-0.231322601603625,-0.409384284560053,-0.548844438952835,-0.68103981248919,-0.786106997560142,-0.868498438128154,-0.919698907806876,-0.935119530395164,-0.919015594569687,-0.874481437456436,-0.792313548159663,-0.677959406086893,-0.550074115657274,-0.39631394238364,-0.238102303912548,-0.0882889864909021,0.0192302087928546,0.136883291710294,0.239547850340516,0.31810481390719,0.375801021120639,0.43130503700612,0.43394818623395,0.417981846345263,0.380516552905462,0.322480507891741,0.252371619681587,0.148166208648649,0.0364635436411423,-0.0859595257308744,-0.205917053253187,-0.333598873260114,-0.447781212161592,-0.541487999628354,-0.620481407058213,-0.693679394728678,-0.726518318373545,-0.744970207997154,-0.724060548399688,-0.695785129330632,-0.639342531083356,-0.531489167801116,-0.439730616902784,-0.334341976615123,-0.210070045802099,-0.118117202959657,-0.0547062974598882,0.00982258171632207,0.0771202836259941,0.111828326068355,0.153559450533758,0.182735486373689,0.176972922641607,0.173383020565611,0.160695843063114,0.12963060268852,0.0759226621039477,0.0161123169818051,-0.0404816884560104,-0.128241074373026,-0.196316246341579,-0.266095753103571,-0.322085948695991,-0.375300001283356,-0.425968710875236,-0.459936249395882,-0.481127320132233,-0.492302810335067,-0.498385317438042,-0.466488838996231,-0.416240183512061,-0.377702988112307,-0.321000444480555,-0.262625545314175,-0.19084696426845,-0.140707873814315,-0.135367939456977,-0.124935116466541,-0.113731586450933,-0.106694031020376,-0.10962322408353,-0.0895939960422674,-0.0990129293977971,-0.0992563872878957,-0.0972532891025532,-0.101589443030245,-0.120049461280925,-0.130404447701553,-0.140688218152284,-0.161041352732533,-0.158240569903164,-0.175322578190554,-0.191065364510282,-0.185755194423278,-0.186986052508733,-0.205425058560426,-0.209339256983391,-0.203316594559713,-0.212793808687306,-0.204996593877244,-0.196061095710139,-0.190854999172291,-0.176780427337436,-0.164252345196388,-0.15981821387002,-0.190684429202261,-0.220672384432969,-0.265345169035956,-0.300767338795231,-0.337775459125687,-0.362104351265582,-0.374038403030347,-0.377240208281905,-0.381497248635167,-0.353759628194655,-0.328751594089359,-0.300203766984361,-0.273571343066521,-0.223559007060988,-0.1681718297023,-0.134452184936816,-0.0917576644746435,-0.0401890506988011,-0.00966573355417545,0.0176878794852246,0.0579831214703122,0.0650202973099637,0.0796880806040222,0.0687636519351847,0.0549572473771124,0.0201815866926746,-0.00733726362266807,-0.0435102881235113,-0.0781272688651946,-0.129216766462177,-0.208538315527706,-0.308715738264682,-0.404752498940024,-0.480655629803137,-0.550710537161258,-0.612899541952901,-0.641669329687951,-0.641480400374039,-0.633676064526344,-0.600315621983987,-0.556515433430314,-0.479135497492725,-0.396983607271553,-0.306936843611151,-0.200755921875669,-0.101539490359552,0.000573943948707589,0.0856762339665746,0.174879635891853,0.245527252506835,0.289519100737177,0.321166629582359,0.333089118003978,0.326018978202944,0.29007679102414,0.238973221084912,0.169725965135201,0.0942141329934031,-0.00253141322763033,-0.104647724972753,-0.229725245974943,-0.382919376740551,-0.505508745889103,-0.628692299711345,-0.728735513852757,-0.803254997569661,-0.845771670458874,-0.866854703549738,-0.850620845776803,-0.811444358082602,-0.728624252811319,-0.628737046958831,-0.518209160580262,-0.376369378133487,-0.228760216086646,-0.0849895307932068,0.0585370852870272,0.19523150072708,0.326343575435418,0.419969675798471,0.49313515037274,0.553194104790115,0.556800010161947,0.539942917858815,0.499051989186695,0.415785252106026,0.315742469926004,0.205349540912583,0.0679056674369558,-0.0869084549622863,-0.242003833116338,-0.431676856920029,-0.589752099463553,-0.727288045884733,-0.857650877563036,-0.958420982041723,-1.00492623177053,-1.02981986986459,-0.998151174725865,-0.939715539043875,-0.858555590572103,-0.728864936558036,-0.593683648329728,-0.433871502025115,-0.248366112206937,-0.0582766952894169,0.115691159311911,0.290333269064025,0.428093575265234,0.556250028111274,0.637753124018165,0.705982014193111,0.705734943079644,0.701046975468158,0.652528861910793,0.549497740196992,0.422565983051648,0.28264445776196,0.121300459035642,-0.0629277619264896,-0.241859514384526,-0.451907959482309,-0.637094631504533,-0.799741768389344,-0.924429848627708,-1.02550480135645,-1.08244695778543,-1.09849683193548,-1.09542973289933,-1.03595742581745,-0.92707490801991,-0.788118301752843,-0.627117699250485,-0.451685617361044,-0.247839153572067,-0.0462044127253396,0.139952251819392,0.322735904008959,0.498848559962561,0.627101890507465,0.712688865384198,0.778903581027583,0.79142682068366,0.777028057870464,0.719715461706013,0.62210561518781,0.486270010067952,0.327401996987045,0.147129218566597,-0.0508690721938074,-0.158908913076331,-0.169298774343252,-0.181573953815791,-0.172790693277375,-0.174443103262869,-0.179815468547729,-0.164402461075421,-0.1637285283888,-0.159257066172899,-0.161386692429619,-0.15511997950922,-0.143739277652648,-0.13638283596908,-0.132130206928643,-0.110020329863852,-0.136355873362656,-0.128263480986935,-0.128641736980314,-0.133162659343223,-0.120740607094065,-0.137474572587586,-0.143198537602326,-0.144217993287919,-0.155714974419541,-0.152950102083059,-0.1608948082701,-0.168007842152815,-0.164905051923901,-0.163242703196309,-0.173969780753715,-0.184000737755623,-0.183936657694799,-0.145984519432204,-0.0872104613681881,-0.0297360014299036,0.0173932029624006,0.0657773873912531,0.0892581379359653,0.12024358851371,0.136085124083356,0.120641864141117,0.104416179887045,0.100405102102526,0.055466345974725,0.00811474040238517,-0.0447385633053952,-0.0924117145729085,-0.158552632348816,-0.22606920638668,-0.270572004173592,-0.320384262629233,-0.366372461098486,-0.392199947005224,-0.427167555287705,-0.435018425597364,-0.440851702928651,-0.420949662614988,-0.405108256815578,-0.363145756990769,-0.314689310148075,-0.26190375780055,-0.208072850462405,-0.113554729635158,-0.00554337509739089,0.0920182213193023,0.20199693040276,0.263322323559799,0.32280521962066,0.369424569064696,0.382402586050842,0.373747058037942,0.354190394117219,0.297906147003443,0.234498743437673,0.137526825583879,0.0352083764970094,-0.066015210560459,-0.185480934769276,-0.300278168394873,-0.391814554987536,-0.505655796403506,-0.572222940024025,-0.637219186229716,-0.684545018497002,-0.69094921703093,-0.682335618491902,-0.660119222333911,-0.608021500590331,-0.521820554381656,-0.447112788192588,-0.351152223336093,-0.231163959643806,-0.104425970147038,0.0599939903546994,0.201163052938669,0.329939705026412,0.437496586637882,0.522070895903245,0.581505155466748,0.607155836563657,0.595316102639254,0.544552526484177,0.470573086883131,0.376421935144846,0.248437028845131,0.0974222076392348,-0.0458115146936877,-0.198268140739117,-0.350202489242025,-0.494727016983468,-0.632952577308123,-0.747227047352963,-0.827022940176058,-0.888615983092223,-0.903697487221653,-0.887158759298377,-0.844700751841561,-0.777374640881572,-0.685990712807622,-0.549511587881082,-0.403572458678217,-0.243949843517068,-0.0806346008566569,0.0971508593161773,0.276182094666155,0.429950077569419,0.558828915747459,0.646837965102472,0.716427597866697,0.738383939120493,0.728447745025345,0.673169687515026,0.583794659398837,0.463943120202631,0.314764128555309,0.151356192362121,-0.0322482585002792,-0.210434141644822,-0.411155044192913,-0.575065605583298,-0.735393073067506,-0.855520712439789,-0.957564562756398,-1.02209650979266,-1.04645179672595,-1.0358113678463,-0.980238697020165,-0.900932264344224,-0.781218356888524,-0.630423266264422,-0.451002173644028,-0.270122020812801,-0.0757762530504192,0.125411780626917,0.307897900999806,0.477559744571464,0.606370038543676,0.707341329266818,0.788120423798857,0.816949762164348,0.787262276611441,0.74180486113806,0.645055220886193,0.512763184050192,0.335818055437496,0.165068748908056,-0.0277535828234523,-0.22227556126353,-0.420113190615004,-0.604936227173754,-0.776576866468509,-0.921175629967127,-1.00913941636046,-1.08648642839981,-1.11619829107971,-1.09613974271275,-1.04154287961432,-0.944160724057722,-0.828839810772679,-0.652810554343178,-0.473547658922695,-0.275750031762084,-0.0792583006599588,0.132742000992632,0.302398295547192,0.448532474822459,0.591989090355088,0.708635613521078,0.762617902163847,0.793063731651989,0.776523345755361,0.726264256462037,0.621365824444541,0.490001052257758,0.338369446152153,0.161265542246915,-0.0266040906622518,-0.224902393452463,-0.409084776644862,-0.598198964945212,-0.770170651462908,-0.896384016840056,-1.00001256423871,-1.08209031861705,-1.10198163416892,-1.0902917670935,-1.02836054874363,-0.936477752569271,-0.809726929784051,-0.640100958182033,-0.481286374391592,-0.265630115522505,-0.0937014161533337,0.0815876162218471,0.249458805175166,0.394387153461595,0.514828628026923,0.610258045450511,0.670445246948126,0.690328004048856,0.675188176746837,0.630504353685736,0.544776772108119,0.431749420831338,0.291736458214244,0.122604066643504,-0.0396042343027969,-0.214923072302045,-0.386592915385366,-0.552893999394618,-0.702402330242132,-0.829593476449761,-0.91841236170148,-0.981664279165007,-1.00000364896081,-0.981373124179394,-0.936073602864973,-0.859430389701703,-0.733413048795997,-0.60025215044403,-0.440236953458728,-0.277949886939973,-0.11152165424439,0.0199215640895459,0.162829077318837,0.281570641099654,0.368952855045302,0.445981525083066,0.491487946848522,0.51927054417984,0.509642672189417,0.474057139622385,0.400794348774996,0.313505094806633,0.212734790135983,0.0800602577614914,-0.0573505331677453,-0.197848207154003,-0.337442388401059,-0.470494469714215,-0.581978481558614,-0.678122512931888,-0.759167166307444,-0.801511679169195,-0.816066549141295,-0.814929513576871,-0.773705853867856,-0.710265767978342,-0.615252289535998,-0.506891137254369,-0.381697413652276,-0.245733493670796,-0.131443521083379,-0.0362586012313706,0.0485913751234415,0.130218466633891,0.176227096610232,0.23350261127251,0.277304033088991,0.282276834772581,0.282678417722207,0.263320738132094,0.210537752958915,0.158079076458227,0.0772999696606485,0.00510992133183527,-0.0677134468276128,-0.174107395082431,-0.267204887494813,-0.354947050406767,-0.429070444736985,-0.498700582142206,-0.551229630961315,-0.587767515980462,-0.591546090015399,-0.583024853862882,-0.562427731723561,-0.510364853552424,-0.461404545660921,-0.39563153130333,-0.311447514893803,-0.217671253692199,-0.168795430075204,-0.1289724573363,-0.0903595764010649,-0.0623348231058108,-0.0371402752311631,-0.00906602551061195,0.0059287102642988,0.00889027364665069,0.0181188626562844,0.00949398357999501,-0.00528078068718877,-0.0170637967777071,-0.0503291265765494,-0.0744941487010983,-0.102686869917026,-0.13626796249251,-0.175591154178243,-0.215343643740968,-0.24440544668844,-0.276597614752355,-0.295133021398858,-0.315005071786156,-0.323287626062468,-0.327888342444728,-0.322859812573416,-0.309290711257613,-0.273746935780404,-0.26845930976162,-0.232748013429388,-0.198625319335392,-0.135717489511834,0.807463541529619,0.807504842881988,0.76380017111345,0.668467322495196,0.556525574176716,0.395420557132421,0.218217656808858,0.0163353046682425,-0.172390495939489,-0.383587885811236,-0.573527851524362,-0.742810159375332,-0.883628882369814,-1.01422820708564,-1.07616989598975,-1.11101466085893,-1.11576362384264,-1.05864277212326,-0.983052593950683,-0.849967291864055,-0.701749950356221,-0.51787845802863,-0.326441069552141,-0.112657994334799,0.0775628020667239,0.256535790696452,0.436146344744093,0.582649860208991,0.700685967047438,0.770707534703197,0.800843956189149,0.815815342218273,0.757825315842935,0.675331711527058,0.54025614673676,0.393048020306901,0.218651824568603,0.0194005474250383,-0.169168655912927,-0.361133476159512,-0.572496151955944,-0.735930277595041,-0.89531913803136,-1.0074846135812,-1.07940299708261,-1.12134987367794,-1.1123138257171,-1.07143701271831,-0.975043148747555,-0.864442673309994,-0.699394064278982,-0.52822508900638,-0.33809066968968,-0.130436719435375,0.0731801350895,0.254666244181247,0.445851762197877,0.583169309319419,0.700126686912203,0.782139263512763,0.807521324897471,0.805956651489905,0.755473407955535,0.670962634710165,0.552312587342762,0.397756231675117,0.218766877426941,0.0250236834220041,-0.171340167096829,-0.37417809727266,-0.574086641267294,-0.735159194624454,-0.889105385267955,-1.00565494760925,-1.07523980527426,-1.10888396423805,-1.11723136921777,-1.06068575299418,-0.987663945585401,-0.845512326784365,-0.691634584264759,-0.522613943770105,-0.340195393684197,-0.129096462809761,0.0729228916729416,0.267382414940728,0.421679694055338,0.572162165643304,0.691007373622826,0.774038177883485,0.800295349929544,0.805877994306387,0.755227329473774,0.665778245927822,0.545725691079305,0.40809841389272,0.23893883944677,0.0327064521271581,-0.164741391928554,-0.371737833445959,-0.557397509374547,-0.737699152082947,-0.881182466138681,-0.991900234716958,-1.06721088752691,-1.11405875700837,-1.11496046820654,-1.07674393968071,-0.974243653901024,-0.859921373856202,-0.711835225078392,-0.524591784475744,-0.334138645873912,-0.133754723368443,0.0670150805237795,0.253277578214706,0.426984725330881,0.568492406345327,0.686097230752497,0.776199675088003,0.818734805247336,0.801512185532949,0.756534081450375,0.669269402208475,0.554201851307265,0.414726209169765,0.230586698314764,0.039570226645205,-0.162186752155036,-0.367422657948674,-0.539071361201372,-0.738936936244573,-0.88014115662889,-0.994618436497715,-1.06294913771085,-1.10196592179429,-1.10907024067708,-1.06838382417651,-0.97874417285728,-0.86342999146225,-0.711221385733878,-0.541509108260132,-0.350440189103246,-0.150451190638253,0.0533730338816692,0.245854929912555,0.40834233646994,0.56501312030798,0.683433592446122,0.768126274869261,0.814384649356421,0.801620434038577,0.768285135180882,0.672276409283153,0.557475461095147,0.410985232169428,0.253314620436196,0.0411362183994471,-0.158745943078739,-0.35729215952895,-0.555459387747402,-0.726319598346221,-0.873127227400079,-0.99232194070101,-1.07304371909188,-1.11184107810224,-1.10592839606104,-1.06953669617291,-0.986652747129544,-0.874871018368633,-0.722730826325018,-0.531312144551288,-0.340912721584134,-0.161275395285666,0.0402932397188995,0.237573752878753,0.411491987267582,0.568410609209676,0.679392691556633,0.768332031644776,0.809690251150735,0.81658631727835,0.759951288175594,0.689268140496437,0.563035750584016,0.419947967272187,0.246959377366396,0.0435131757835939,-0.160647549506879,-0.362295926782019,-0.541614608173951,-0.719197520748986,-0.87430376254866,-0.989066471679566,-1.06763975069305,-1.12160043646299,-1.11694220326338,-1.06365767922733,-0.99224732179669,-0.873987412308005,-0.721651832892179,-0.539336754718795,-0.349394347724479,-0.158013574032122,0.0374605190281689,0.236086962083432,0.412964382267467,0.560237671167879,0.685132147454223,0.754697141074679,0.809211435246157,0.805846061817816,0.772773390360691,0.685559066977703,0.573166019099318,0.422244725883311,0.255884512260689,0.0488117747632283,-0.131554161208187,-0.332654904487683,-0.52768098828604,-0.717020571388242,-0.86445291353831,-0.984747760038061,-1.06114556628661,-1.11359223049053,-1.12572360371326,-1.07287728283532,-0.985563711357002,-0.882139639685452,-0.736513251614482,-0.553216157556062,-0.362366290526354,-0.163137385016479,0.0355446545522058,0.228585646840082,0.404924784347616,0.556474769061919,0.67198811045356,0.761679937649933,0.81491218749138,0.814701638333241,0.779220275303436,0.693867128088639,0.578906637676811,0.434507380077695,0.252308058016529,0.0680624003373243,-0.133027126431384,-0.340170685265009,-0.525838802856536,-0.7079957413717,-0.857894075844024,-0.982479009523852,-1.06325328502879,-1.11485397349587,-1.11319133808759,-1.07037307793696,-1.00127737384442,-0.881739823253806,-0.737656847604835,-0.570725450403966,-0.370580906248307,-0.17296345888252,0.0363567864008593,0.223756275641602,0.401950510767451,0.55640191312199,0.67442167717024,0.755640322920198,0.802548653770714,0.804744141543493,0.770330928112944,0.696083349434647,0.583072100640373,0.425742254512036,0.259369117285562,0.0691888514982584,-0.12799550840454,-0.336816861422603,-0.519801895072361,-0.70592257133402,-0.851160408352257,-0.97793441405788,-1.07490850049359,-1.1043082996356,-1.12388809006826,-1.079956291037,-0.99944440040601,-0.881199622580788,-0.727221716630855,-0.57341635306463,-0.371007134017148,-0.184018826947258,0.0237996714801741,0.218804822456246,0.390099723172821,0.553242747247649,0.673402064904513,0.765221835659079,0.80520647770105,0.812618924804423,0.76830159033331,0.686282039053016,0.578857327111433,0.431846925366717,0.258195060649682,0.0754157224194227,-0.130539084859971,-0.340383135730556,-0.53141183091806,-0.708007691226275,-0.854329747771016,-0.974472404687028,-1.06660844598977,-1.11357428482945,-1.11864267477541,-1.08167093990776,-1.00708257455979,-0.895306059265614,-0.739444535671233,-0.567392228057513,-0.369882814546219,-0.176308464778081,0.0298170617895116,0.215881358469663,0.394929739692912,0.547933158820326,0.660876458282469,0.764719387970542,0.803989460399573,-1.11836824279605
0.705222000448288,0.712551501304531,0.66445885491579,0.599180104574052,0.504341011004495,0.379988059072707,0.231581256204697,0.0749625555842415,-0.110361126606505,-0.281560355374222,-0.437382401117071,-0.595032276755595,-0.734673404934048,-0.834256121026479,-0.903341642372295,-0.940335302797094,-0.947569467423951,-0.905918411484731,-0.846488356367085,-0.736418107644882,-0.60899008523877,-0.465336312736449,-0.31374822146581,-0.133817531329704,0.0360680468373484,0.19435646362782,0.349592761722171,0.481724707928754,0.585761466230747,0.66796322846357,0.703975536272567,0.702410716042723,0.670076356794507,0.615590802141096,0.502735310563417,0.369685105602684,0.229211966814337,0.0673115204851965,-0.108240286029311,-0.285883846332358,-0.449647440524813,-0.59397346290613,-0.72727858872566,-0.825970710859205,-0.900229775790436,-0.936727680185703,-0.950365455665736,-0.915843789749467,-0.854027773589679,-0.750109395578763,-0.611684898017846,-0.468049481733163,-0.304525159273553,-0.142065805349825,0.0338375714640967,0.208186689872235,0.353693549188126,0.491494909143672,0.587892058367268,0.657119216331742,0.698277830762452,0.703612480859649,0.672731384541348,0.604579006558585,0.513380645070032,0.373538457860139,0.224135462097901,0.0613889042682532,-0.11041900585062,-0.281479092822676,-0.448524660946491,-0.590181666841958,-0.725453862725773,-0.838512879155109,-0.892513200823946,-0.942356706785678,-0.936153231678684,-0.909454901163463,-0.854909139176276,-0.740129797210705,-0.615848725565068,-0.463043311496553,-0.313734890742562,-0.127576861991119,0.0426333343463158,0.201430760797268,0.346069208667861,0.476562781868595,0.594655988739744,0.660020264427402,0.697413876274069,0.700969163226522,0.669674130982933,0.608003997441429,0.505203830786642,0.384852500958134,0.224529615367596,0.0641245784415137,-0.112339139349448,-0.275202277515266,-0.451150600641134,-0.600113039794378,-0.726473357564756,-0.84659311280151,-0.905683263727012,-0.932765571432685,-0.936612337089334,-0.913935186569155,-0.84698140433419,-0.740564745037245,-0.610440736825963,-0.476396903206865,-0.310952007309764,-0.121558852588504,0.0521359295496807,0.205628505009447,0.359898153425782,0.485744481772947,0.588681941652612,0.666623712716743,0.697979038808323,0.707947311417909,0.672240139215564,0.600780059550503,0.496486075289,0.385969524019033,0.223377804716135,0.0506652800617048,-0.105353594039911,-0.28809168087408,-0.440226571202689,-0.597329651779077,-0.72635928923736,-0.832146088437746,-0.905824832422689,-0.946104701557729,-0.948616929438246,-0.910043197918022,-0.84824691778054,-0.746669793527367,-0.620833099981902,-0.465507471171234,-0.313594561135379,-0.129615928064799,0.0408860952852638,0.210298685904071,0.351573595934806,0.481102477800107,0.59499311620123,0.663717663042708,0.702049558396308,0.70228514990974,0.662728133091687,0.600835811320557,0.506636656207806,0.370459261648824,0.222973676589975,0.0529056052693167,-0.102640837116213,-0.272499625929069,-0.444288053256445,-0.587223656838499,-0.741935349793995,-0.833613259292015,-0.916351560987685,-0.94484454908669,-0.950088021285298,-0.914428433955538,-0.840847818754721,-0.750402095477984,-0.611368595255226,-0.473308715603112,-0.297496338826416,-0.13132929412003,0.0463824304872442,0.216926651088233,0.365472640645542,0.489489177878418,0.582994146282617,0.663222150725232,0.701112251338843,0.700346433081082,0.669091651740037,0.583833976282567,0.488117936957696,0.362367113767828,0.223890656424238,0.0488325350488681,-0.108313736443265,-0.275570656535974,-0.461865970023876,-0.60910380550178,-0.731319674304743,-0.841964521568766,-0.907604982627083,-0.951090700729394,-0.932999277782462,-0.912190699070017,-0.841729653362125,-0.750288949406226,-0.618057597498262,-0.459377253396277,-0.292351337572569,-0.121639858597314,0.046196902949264,0.210716869439177,0.367408634691956,0.497831616600433,0.583233185112206,0.660976840446073,0.705172337763794,0.697422787542138,0.659767221266579,0.602815326262671,0.489966040023136,0.358264939448583,0.208826718065021,0.0501517746653073,-0.116256119231756,-0.297561521287265,-0.462075143267934,-0.608105262285153,-0.732067371598768,-0.831490214487699,-0.910153245829422,-0.940234919675121,-0.940340913455641,-0.913278947332627,-0.83894594459081,-0.734516507415519,-0.603928799996256,-0.461013049477245,-0.293617689214132,-0.120700111779006,0.0549183828632779,0.221018143235485,0.366230803626768,0.494934378435415,0.589047092152005,0.673109319257128,0.711193075526737,0.700929517805588,0.669157969804063,0.598236725548929,0.482942910580988,0.355999798540782,0.211139279840629,0.0526545600114775,-0.131264094779235,-0.297455367374316,-0.469856465990838,-0.618147880694842,-0.734683965631508,-0.838566493159406,-0.913540173586793,-0.949399162457484,-0.94535674549473,-0.908873918163146,-0.829507510835431,-0.729442822851358,-0.609039945673181,-0.452319192228077,-0.283428421143815,-0.116942863358554,0.0614506287137648,0.216522941541064,0.362668065376577,0.504861372083558,0.597557179546609,0.676132321893635,0.698597674854644,0.702214810832325,0.675382459963427,0.594073586768107,0.488770247548785,0.35574027159428,0.209996599167635,0.029377414538401,-0.130309712137972,-0.30451613047142,-0.462589719705825,-0.607342784365282,-0.752271212280036,-0.840778081538041,-0.912432696972508,-0.940790644419918,-0.94297319513849,-0.911745433490915,-0.844126486384157,-0.723423760334021,-0.598673867092448,-0.458318541617356,-0.281608136648372,-0.102972655912437,0.0589032207757431,0.220337629849776,0.370294869251276,0.508120537189557,0.597392111532861,0.675688940685215,0.709615002133028,0.69884989044323,0.668788725213306,0.596688134623916,0.480116783288552,0.353790064638622,0.208236058635322,0.0354848200347303,-0.137111118000057,-0.308045023083501,-0.464328740708518,-0.617862513203628,-0.754482388488407,-0.843515126177162,-0.903962355007695,-0.943770311341795,-0.936464094007616,-0.912098331674571,-0.822805683696344,-0.725550824482783,-0.610304135730197,-0.448025592974786,-0.27337600941341,-0.116004897489435,0.0742220572859492,0.227737457576398,0.370793223308793,0.510974879246614,0.601191388004905,0.667187404057781,0.705419033629724,-0.94956406558176,-0.124068786240135,-0.0404741877695348,0.14401566021801,0.301923950275964,0.421920646155125,0.555969054245365,0.631676773366225,0.691988905733891,0.707767208304253,0.68949779956083,0.620728218127019,0.539702782677285,0.432873738468319,0.284430092765975,0.132962247854818,-0.0439046847581245,-0.197420166804585,-0.38224859259601,-0.539316974399877,-0.671791481150113,-0.795727722268069,-0.876257681495937,-0.93329638296313,-0.956848147236845,-0.939031049122891,-0.867375238085146,-0.771621109290325,-0.663098090268866,-0.528306358172898,-0.366444627077963,-0.207673478128105,-0.0316502338988601,0.132700966991222,0.283864066368493,0.406415008129192,0.519676456662467,0.602699385140171,0.651807583976093,0.671218538828741,0.652757342974113,0.59935110132003,0.518874897207312,0.402631719305768,0.264384538152572,0.108222512422894,-0.0479281420200244,-0.21274281879359,-0.374792385309141,-0.519813949071965,-0.665870956924566,-0.761180153015099,-0.85343481301789,-0.891338365865343,-0.917290766691325,-0.890904434232903,-0.844577273077309,-0.759340397193714,-0.651507945722009,-0.501888761212684,-0.365602179674608,-0.188462671727735,-0.0383966841431433,0.0989479535365878,0.237122905292256,0.340544170085358,0.440664426772475,0.51024730864297,0.547159237250126,0.57878553019129,0.558012185863719,0.509412405214066,0.439606343218262,0.337905416020492,0.222896621329122,0.0878672509473209,-0.059851477577272,-0.192350210567259,-0.338773339297928,-0.461567891796474,-0.585417073438088,-0.671784031542986,-0.75436988900915,-0.799743827268481,-0.811119299719666,-0.793735292953396,-0.753940421449026,-0.681900181921078,-0.580400617512271,-0.459510917819824,-0.327383910203349,-0.182539364444581,-0.0638901340289261,0.0613208394827427,0.14811471160739,0.240135137901219,0.30480271900389,0.374514771791267,0.397157643353286,0.409815547935158,0.39613778745175,0.357035199921871,0.299816179295146,0.222156412673642,0.13972886890943,0.0334478685094911,-0.0657239401243468,-0.173358141029377,-0.295167955585648,-0.399329303226691,-0.479592555954052,-0.552849908880246,-0.608704761771968,-0.640618699459741,-0.648245251691091,-0.650645890257699,-0.603627456632272,-0.550700421186587,-0.474654085778051,-0.384666135958485,-0.287260564363296,-0.170031209758434,-0.0763746942297628,-0.0175182684025919,0.0439069194089819,0.0887537335030706,0.14659097938735,0.182734151228972,0.194782650221858,0.196518274574589,0.189534134147699,0.175152915245601,0.125527092342434,0.0855962131325095,0.0389659033166751,-0.0242972494052069,-0.0964971134667783,-0.147231494494841,-0.212228360574561,-0.295376745657735,-0.334356602891689,-0.386811833272104,-0.422774916655588,-0.433320607550038,-0.450737638219048,-0.440690684943112,-0.416075222606431,-0.381363944305218,-0.335317103497815,-0.276006723099702,-0.219810451205008,-0.149417984866498,-0.115448574563955,-0.085737921950917,-0.0644163941202991,-0.0473617022460313,-0.0349659010524697,-0.0423405583590865,-0.0343471857277649,-0.0468455317034527,-0.0419077961444552,-0.045045305243128,-0.0464430313362263,-0.0848528812692209,-0.0823374018438552,-0.0991937202113465,-0.118270910809436,-0.130223367864811,-0.15512758957617,-0.175330152677165,-0.176335388805358,-0.198777677677465,-0.197550173404475,-0.206649509289007,-0.213011967504691,-0.199557827138697,-0.196314418039601,-0.188334120005403,-0.176519582447607,-0.155019038396667,-0.138708212876123,-0.128002606655967,-0.121437769313859,-0.152488068347045,-0.202437172784557,-0.208680489146629,-0.242947068664879,-0.262627736574805,-0.276267516090497,-0.275847019503639,-0.282446339547513,-0.270082153599771,-0.246764153260019,-0.230467821063193,-0.193930484508378,-0.168062524520346,-0.147482590411575,-0.105360973452472,-0.0809719645586083,-0.0560337324747305,-0.0251974024608558,0.00633021543799092,0.0300668380711598,0.0201609043479548,0.0359137683584141,0.0281583146107153,0.0318269287553846,0.0140001011025482,-0.0164327331985518,-0.0490982870380249,-0.0645192212400417,-0.097166263808273,-0.154384770478399,-0.247376596740629,-0.317731488474271,-0.372166162634619,-0.433329980254642,-0.482193676501911,-0.500783891410085,-0.515117506362952,-0.521415896621615,-0.480375971559189,-0.448154381171696,-0.382403366764961,-0.308844596808832,-0.245566428764051,-0.16924942172957,-0.0798239948078211,-0.0100695321851309,0.0731198721013123,0.136786966484259,0.186852396072915,0.236459312531748,0.261139796148451,0.269194237374612,0.253377681345341,0.231763809212514,0.202725773834454,0.145043283358555,0.0799039747041395,-0.00366807831600965,-0.0706408230974105,-0.188263293656345,-0.305865767274467,-0.41654900730033,-0.512685400528114,-0.591639648842413,-0.658408469644021,-0.696477758880501,-0.696382098588635,-0.694952817622227,-0.653719957246277,-0.592341802192756,-0.517612931032445,-0.4197063702049,-0.310699424973676,-0.195321273416452,-0.0679842120577285,0.0439808535281816,0.169126986957686,0.270303782794772,0.359648415446621,0.416303876444551,0.451950614695148,0.463985313268829,0.456909446316362,0.417337146726246,0.348817033455672,0.281033740196719,0.172364166662308,0.072118392764745,-0.0568246702060344,-0.195784180543987,-0.339959155750488,-0.479141640434805,-0.60811359642702,-0.712199742147956,-0.793039828489174,-0.831576862644345,-0.852351646980618,-0.836970377856253,-0.795599577717827,-0.718811944172363,-0.613904701580386,-0.488211442708727,-0.357843646380624,-0.203785791905359,-0.0539355846637032,0.101455391383855,0.243431249174266,0.364013401437262,0.46329396157023,0.541757392492128,0.594572839458226,0.601265111116855,0.590907563836674,0.541876331401205,0.479278807799171,0.368630796253365,0.249849313092557,0.11180907350509,-0.031333469352617,-0.203467390252838,-0.357168222102472,-0.521917055476193,-0.65991039100934,-0.765838860333232,-0.859457483596151,-0.913615252606555,-0.940172322304526,-0.92221171609561,-0.861896950216752,-0.781782625564881,-0.666857724193973,-0.530584499703999,-0.383427987883495,-0.212581726730516,-0.0358962686755063,0.12417375483047,0.285078012899195,0.418706222517572,0.528424289029353,0.623125378260732,0.670228765916031,0.685602821959715,0.673028258004646,0.622328665054379,0.536918402236894,0.426149929435299,0.278274713723108,0.127290382267133,-0.0236241895519598,-0.116119552887087,-0.10728696316648,-0.10912942153642,-0.102356268257716,-0.114333786267911,-0.108973159873241,-0.1116134679101,-0.103722221313384,-0.109463843675725,-0.110653311519762,-0.109460048563778,-0.115852629571697,-0.12432883096436,-0.122537909092888,-0.131709006610443,-0.135262090493821,-0.132007871934416,-0.128921030195068,-0.13023136843463,-0.123019732855865,-0.125979231845776,-0.135612514863509,-0.130599545730896,-0.13605243403478,-0.129096806743864,-0.123546982158476,-0.126780784691155,-0.120164245148243,-0.122093933684254,-0.112306943997864,-0.108060607537113,-0.107879752282572,-0.0873183834160332,-0.0340231852963105,0.00879249748831332,0.0574845037957001,0.0858029896424601,0.114785824809474,0.127051535074675,0.122775104469873,0.116044401216877,0.0934343295705249,0.0692085842734439,0.0493656129539791,-0.0040549668122352,-0.0454545980231329,-0.103267797505606,-0.153180501155783,-0.201759035195317,-0.259690117138893,-0.294027539205991,-0.329485831428902,-0.353701158055179,-0.369471234216749,-0.369873943259907,-0.367033184881851,-0.329212019389579,-0.324231948666211,-0.275772477516296,-0.233148052818474,-0.190175063660344,-0.138585886591239,-0.0553357334220602,0.0415005785011551,0.112567743931268,0.211716182676556,0.274265772794153,0.305321291957539,0.346594417354632,0.353084722893194,0.328329033992896,0.298571526263136,0.24880183806196,0.180342616103472,0.0974170121037754,0.0108356386386096,-0.0799166734054053,-0.188213480033572,-0.274165081244192,-0.362256938480691,-0.43673683806612,-0.501884553657244,-0.567620822493704,-0.583459160602965,-0.592327507371985,-0.57811218627104,-0.542475992357725,-0.492083735275675,-0.415778832663316,-0.352925874292694,-0.248938370092678,-0.164555683428995,-0.0390867736010642,0.0903137700683624,0.221581442956502,0.324628462159482,0.421072717912555,0.477816219681099,0.509975660864038,0.522487213447357,0.508535180039008,0.468046965928457,0.385918367877393,0.303182943594659,0.200321351529991,0.0683534954539813,-0.0614815205251676,-0.195158881630808,-0.333988303697915,-0.447841867157731,-0.559043098056465,-0.648080486477614,-0.708198875221556,-0.753364821459336,-0.767954831070488,-0.740904285928096,-0.727842837469657,-0.633200378928787,-0.548926303313529,-0.435235902204232,-0.305354370180128,-0.182520015243696,-0.030405642414958,0.124597382674883,0.271917308342971,0.404422474860693,0.513762789903681,0.595839250304376,0.633550873922516,0.651774491399488,0.63483700633449,0.579109965556152,0.502989471509996,0.392541991700171,0.254908551058843,0.107946010199605,-0.0531307470189684,-0.216542671202353,-0.372758113320488,-0.520081320727672,-0.633720005660974,-0.746406509136965,-0.833175101844169,-0.871403611780644,-0.887906725848415,-0.860136326840303,-0.812747964704602,-0.735752865836111,-0.642716943204582,-0.491164360420221,-0.356295086598339,-0.181292732884648,-0.0202769551938837,0.145815569132371,0.307834737098446,0.429389809738871,0.549790173145078,0.632283423149894,0.691410530621342,0.709160021063227,0.670362179656534,0.627980259793198,0.539879788330944,0.431537450915184,0.283638714776427,0.118432654576702,-0.0379745827603684,-0.221565692997158,-0.399263796193977,-0.546861727607144,-0.688799020872096,-0.791774428004281,-0.87788752775608,-0.926597940954414,-0.958179572113062,-0.921686230897153,-0.875785975046097,-0.7797736533804,-0.659195834740427,-0.528443057623291,-0.359657343115709,-0.196359353230152,-0.0222635086901536,0.137300410286474,0.294729030670079,0.44293126720804,0.539973150031725,0.624184975975241,0.679346516983677,0.690303717306334,0.667209425905435,0.615845946580816,0.530911268417412,0.412445265206087,0.263858669048226,0.115201885510095,-0.0433737240900977,-0.21775412655545,-0.370866036684177,-0.540394207512845,-0.666264624835538,-0.784594389716515,-0.865410845439762,-0.922475360891622,-0.93636308811389,-0.911364468911779,-0.850252698782928,-0.762701187413461,-0.649299351370288,-0.497421030111791,-0.358553729094354,-0.190757711595505,-0.0448428123880848,0.112578831052175,0.251022445628474,0.364790786655651,0.465064517555957,0.543238923218061,0.590630901142123,0.611637988680925,0.580233841370294,0.521812166275938,0.459364024669463,0.34460554806938,0.231311833791699,0.0899957676622733,-0.0453059836698152,-0.200287208051176,-0.360516905197295,-0.493081328754943,-0.604765562932619,-0.710562883353093,-0.784845798916722,-0.821126116093681,-0.839446372084898,-0.833510280462328,-0.774949016545877,-0.692780781308807,-0.588699893400026,-0.479881738704577,-0.332139814724713,-0.185318230377497,-0.0549483575421591,0.066693615737853,0.173408300395816,0.274064306401975,0.333961285201011,0.409262503175266,0.441827130454405,0.457376455761546,0.430390993148064,0.395825808806593,0.339783546084342,0.252226151261949,0.153366215099795,0.0411956577083763,-0.0773539915443731,-0.19107603596919,-0.320416135897297,-0.414472157514674,-0.518570839785209,-0.592797299587479,-0.644898125033372,-0.688576034382687,-0.68586704007572,-0.671267841567973,-0.63553581803711,-0.591720010504782,-0.49592590711778,-0.397066256676993,-0.276078605738684,-0.169118344229438,-0.0686681266802584,0.0111426189011761,0.075307784557873,0.132127383870708,0.188829465271807,0.219434815825868,0.250527871173429,0.256058257345415,0.24106812764004,0.201183338111059,0.174503680127332,0.111893685456406,0.0562833471539809,-0.0213805752970153,-0.0916037140796275,-0.179546014279324,-0.237448796971485,-0.324048218059526,-0.379636220356474,-0.440308926533078,-0.469553854342916,-0.487899332183462,-0.478725160527638,-0.48760282724298,-0.460498331663627,-0.414033983270936,-0.363588644828239,-0.304122794766802,-0.2261028239646,-0.152924401108648,-0.0970110507833217,-0.0678772646787322,-0.0496527498642746,-0.0213798339281966,-0.010568399550748,0.00614501042517312,0.0193674870132392,0.012900290259211,0.0147673781689795,0.0153369471005081,-0.0119805519978986,-0.0313372678083345,-0.06204098163189,-0.0831555704606372,-0.1196175864605,-0.151942317366203,-0.17932459216691,-0.193739628903548,-0.218069146107217,-0.232648857188434,-0.256024129715238,-0.262756699612937,-0.256692101197434,-0.255485716219148,-0.241336514360815,-0.223712068974554,-0.205423736501451,-0.179429727402006,-0.152108968666535,-0.130867497406167,-0.130923947605488
