0.106416197450345,0.225058503748802,0.462447392746362,0.698403317540875,0.905886192429315,1.05925252159069,1.1688055139143,1.25569691716355,1.28329013612925,1.2482841084898,1.18219546125128,1.05273928397821,0.896236783335972,0.688457487960201,0.469469912871086,0.23086736411123,-0.0223316768256028,-0.253661128793566,-0.477569856378605,-0.683229806799461,-0.848871338560829,-0.967689788835669,-1.04683675839192,-1.06652771229709,-1.04645007394359,-0.963440506538483,-0.844326745871973,-0.682240167681348,-0.478310100104571,-0.268577666291476,-0.0194593503490802,0.217102526003038,0.459734152253231,0.694041654994735,0.889740262516074,1.05494864412518,1.17676041502834,1.25322209997307,1.27426617134274,1.24304679730063,1.18605133870931,1.05048826898771,0.899861821841585,0.686903203252609,0.475691140182293,0.239165306672865,-0.0199313671870413,-0.256077800047775,-0.474823281832532,-0.687591391473418,-0.840882598106102,-0.972851863388194,-1.04729459655298,-1.0671359593841,-1.03353552970454,-0.97438294184549,-0.850030339743579,-0.666796652362781,-0.486034275796405,-0.254719831576641,-0.00961300288207636,0.227989025483006,0.46137106209893,0.677180203450876,0.886909136284,1.04030695186291,1.1579979867118,1.23082497852327,1.26552624200845,1.23805618958886,1.15894081988871,1.04983397321303,0.884655301276902,0.673583929816956,0.465262866526523,0.216041509897016,-0.0185829857159216,-0.256622731523055,-0.487373310838071,-0.665110102000455,-0.844537291623061,-0.947894269556203,-1.03533643983452,-1.05545510020601,-1.02979583802935,-0.951808806385465,-0.83889001306577,-0.679266272209676,-0.465735251706722,-0.251326756832232,-0.0212499918232648,0.220119855702376,0.463360573838995,0.673164462599675,0.871032305162827,1.01461838953041,1.14512538417328,1.21934197034147,1.24156775678198,1.21901088886869,1.14874046428527,1.03375623698427,0.869688046977021,0.67899047216057,0.458614867955038,0.226266154722466,-0.0259635252486848,-0.249004824201291,-0.464962395997594,-0.669094788094348,-0.813397324747244,-0.938909803538182,-1.01594930507481,-1.04128529355726,-1.01300315004221,-0.926659036617045,-0.812531314873002,-0.652221159918876,-0.464779719287531,-0.253350060490692,-0.018406977217004,0.220314791324706,0.451791997330026,0.659774704089856,0.84666041672559,0.988575041617279,1.12187175204289,1.19152398972199,1.21278253316742,1.1997121389869,1.12382059812655,0.997756261457202,0.835987352813442,0.667356848039623,0.450701227915275,0.217157817904989,-0.0102215256553825,-0.24284191973326,-0.447342371525516,-0.636642824424948,-0.79339661738146,-0.89858901031273,-0.983554036930153,-1.00636246336522,-0.975287403042847,-0.917806904888037,-0.789454822635081,-0.636347744702061,-0.460392576022036,-0.247586002333324,8.23951236529393e-05,0.22569064225789,0.436418676264929,0.633100609290093,0.828348906504572,0.965573174185922,1.08033120675331,1.14858972018861,1.17257188798614,1.14540711813385,1.07519491234521,0.957410401057068,0.834686810394122,0.63591168364497,0.429118353174466,0.218790936213515,-0.0220060136972671,-0.218088964156433,-0.43343037801401,-0.605389045967449,-0.751361165084075,-0.874192578626654,-0.947598229375854,-0.957852485503052,-0.945847769379375,-0.877022981539826,-0.76237705060442,-0.598979695748727,-0.433935240003696,-0.232708599001843,-0.0053871865375711,0.21178457933412,0.416744091647037,0.619688734177231,0.798213773798676,0.939356233424472,1.0270612919611,1.10162254002693,1.12652544376079,1.10959552225596,1.03590184499483,0.939664643621595,0.787513127949239,0.619448675879105,0.413629118126068,0.208855287611051,-0.00801036775753702,-0.206032148911579,-0.41427869571594,-0.587577202494508,-0.718310901965007,-0.827049777688963,-0.88582158457495,-0.912200083824821,-0.892277345961673,-0.821750609929716,-0.724862173820729,-0.565466629573547,-0.399405395488237,-0.215351878866742,-0.00297014405677169,0.207221125851065,0.408745869607015,0.588294064700269,0.749073359280974,0.894221265145409,0.982529609469878,1.04653493337996,1.0772009245342,1.05247095603975,0.970842080010252,0.877707634945575,0.761162941698906,0.583049830935406,0.40124148681181,0.219055620016343,0.0131058307143283,-0.192678611356316,-0.379165479023887,-0.541392914402237,-0.674541904867644,-0.773114251055027,-0.834695496341438,-0.868589916517065,-0.845284621307734,-0.771045369260205,-0.679515877403017,-0.535185459480836,-0.374219168130922,-0.188744369934253,0.0115239520182133,0.199929192868139,0.374306140433842,0.555376209432623,0.706954621294816,0.84034886977342,0.923822420927862,0.980847118281168,1.00040520831703,0.978697082484114,0.927221389919681,0.840903033139314,0.704514964362405,0.553913077043181,0.388689134306661,0.203008374945555,0.00106547400378508,-0.176053380578071,-0.341825211863275,-0.498664582612687,-0.624669686078526,-0.724479994099658,-0.783667901674427,-0.799497729715338,-0.78246534646241,-0.717247065325081,-0.629041865887482,-0.505056388300604,-0.351336631760252,-0.171333099329991,0.0154082877693359,0.200146075922219,0.368197003504356,0.515910589837828,0.655902653756217,0.779605621006281,0.867023383477157,0.926300493353429,0.944552534470285,0.916002114042252,0.867147813526664,0.769951457330248,0.660808907911643,0.526437014092938,0.359830259547598,0.176008000339595,0.0281820565055759,-0.157595165500435,-0.317857140337846,-0.464275433583856,-0.569242257636841,-0.662596103574904,-0.715038043590662,-0.732927664261019,-0.713705872692161,-0.65785587493997,-0.577201321582693,-0.453269950168409,-0.327000292297199,-0.147698148836565,0.0112391951635567,0.179597837124067,0.341140466995747,0.485844699787518,0.616559463988999,0.709010089180319,0.802663947860122,0.852087923554817,0.871875170561955,0.843568025986144,0.800841021978426,0.717185313977599,0.606796276826125,0.488432222895827,0.328968891102815,0.184085605888816,0.0232418349932139,-0.132051108911164,-0.273064364884777,-0.407492468652947,-0.511804682962171,-0.592068008079463,-0.635253264138241,-0.656958746083305,-0.632990884782949,-0.598848822171852,-0.509270544149517,-0.396250610228219,-0.287378797058101,-0.140199587191742,0.0247429777002207,0.172936244909654,0.307188993235317,0.434268937541905,0.567920152372023,0.650402990014345,0.728031747118132,0.768148380350853,0.784966733055831,0.763924448226819,0.721931688388496,0.660518122032439,0.557517794641367,0.447728350457675,0.31082044521999,0.167316675715942,0.0403293600663984,-0.113656265789602,-0.23518090654632,-0.342926379340858,-0.44052591455796,-0.511625208736274,-0.552006950940606,-0.569249629615444,-0.545449920270499,-0.512343440064867,-0.453328901555005,-0.348765636054026,-0.236824614322878,-0.105196948032156,0.027457486469558,0.162943372848624,0.280991150932402,0.39612975538693,0.506613103879462,0.57071027180339,0.645180924597048,0.682781946396475,0.698222936426665,0.674767171218753,0.640576253787286,0.586302137501328,0.503768584559274,0.391011934032341,0.300871430141724,0.170912657535062,0.047092259499142,-0.0727605249890531,-0.194118527173048,-0.294674853866027,-0.38320129380313,-0.437264999941598,-0.46652295784748,-0.493052018239841,-0.466788507689507,-0.436276076280695,-0.379467635690969,-0.297707771433289,-0.191731616827274,-0.0842815530355382,0.0413410073737452,0.160274516091566,0.26447293478483,0.359610471233264,0.444249950510267,0.507466820881811,0.558345948467723,0.593565975051294,0.610515324243062,0.593717126698412,0.564595600645686,0.506480684334542,0.438369913870729,0.350922026363692,0.254594790935199,0.164660638599665,0.0532420823274868,-0.0587358126902149,-0.143243461853753,-0.223089885894013,-0.299585048070468,-0.343458707924065,-0.395725785314143,-0.387882926791838,-0.390889152392036,-0.34563020535547,-0.292021511520511,-0.220671535564393,-0.142552178952361,-0.043088410078527,0.0510486693071655,0.157950141542526,0.216612245108774,0.304001739712231,0.375489306895452,0.418878065015367,0.473086922382897,0.499275524085212,0.506032952251722,0.495599909721893,0.471613096092552,0.429095327507749,0.367236605671566,0.311774847469793,0.230735345604354,0.15004739418952,0.0581637445504171,-0.017408124079406,-0.0961116371451212,-0.161527294642822,-0.223809519359229,-0.265432475170423,-0.290070533443316,-0.296709270428938,-0.289373555212846,-0.259287899140727,-0.217722855304927,-0.171514000224213,-0.0985775828447967,-0.0231203646355068,0.0705526667280931,0.140273142445707,0.203660887829918,0.261493594375326,0.304158286439063,0.347480959061394,0.389193951107218,0.400057513360544,0.404787356874447,0.402247968122199,0.37750679696092,0.354910324677049,0.318186575940398,0.261723791549829,0.197667966715087,0.14026994133726,0.0684323657570616,0.0139906165799556,-0.047503752161569,-0.0975365017658688,-0.144113258319863,-0.178339548095605,-0.189258116704993,-0.194154772066568,-0.192579969771718,-0.171256360369942,-0.154506505636317,-0.101740000599241,-0.0515249301702527,0.013793745853665,0.0736353509552346,0.129452501801669,0.165935147593492,0.209639922319131,0.242439002639976,0.260259182724525,0.294589610554799,0.302728248373875,0.311504011170811,0.304568620889338,0.284433223964027,0.265860324577757,0.238038479806924,0.203406186273598,0.17562381014365,0.124181076870331,0.0825331582875019,0.0309857707137297,-0.00119471567736962,-0.0281987658532168,-0.0590889702224647,-0.090163033746279,-0.0987047579882694,-0.108334303075429,-0.0901554854972475,-0.0856214102830514,-0.0587655511413497,-0.0260638379462198,-0.0108648951768223,0.0375419927585758,0.0888431538114386,0.11248408425761,0.127602895902505,0.155494207131712,0.179244822908866,0.183351156171393,0.206145638009389,0.200949557859151,0.207977471155177,0.208432279532873,0.197934472236592,0.185247826027024,0.179238918524176,0.153850492746896,0.146601041845091,0.114434011814203,0.0877626709801513,0.0752603793097847,0.0484493205456393,0.0469074490632398,0.0242987289599393,0.00347601938019775,-0.0115170201993899,0.0040591567031613,0.000236006183860927,0.0138743354637762,0.0275795050236261,0.0262401159003755,0.0478329018483785,0.067308259063305,0.082854852229318,0.11116635510408,0.115077909632028,0.109086997138974,0.0998939729038115,0.104434380372988,0.0965219518055702,0.111894890969488,0.106680940003628,0.108247777322159,0.110312179232259,0.109624490886711,0.106892587347999,0.118059051390498,0.106229975239847,0.108185175659434,0.112683516049615,0.108317459341654,0.0970945052302636,0.107753647676051,0.105515077814636,0.107459069493519,0.104359401676973,0.10719205739736,0.102720670968914,0.101233997244962,0.115143255728629,0.0955792727585942,0.100205403386998,0.121089447274092,0.0995295148537892,0.0706177569168552,0.0742834122514497,0.0511529916405646,0.0411516824953958,0.0270407494897847,0.0193686305679481,0.00396658070237679,0.0112530307400083,0.00644550537879803,0.0113235415457083,0.0322588298231568,0.0441434681574308,0.0478460952662071,0.0740903814572946,0.107042223274963,0.127356863950261,0.127587584078507,0.149248857635972,0.17441497823402,0.177489257507242,0.203153999009923,0.206268167639196,0.205285760398694,0.20844578876868,0.205979340312379,0.190462069071025,0.175978104151753,0.145570549143047,0.134479401485432,0.106573407106883,0.0882524781059508,0.0502895981443824,-0.00828966942894976,-0.0297337941026904,-0.0567848382163286,-0.0818223837558282,-0.0978352235344596,-0.094734157747007,-0.101759298609315,-0.0863037353618172,-0.0654191552715346,-0.0304677129855992,-0.00428398642385643,0.0480201929860781,0.0723481818627707,0.126653045920905,0.169688582147218,0.198159083415316,0.239976880822527,0.267772689259818,0.283338512520105,0.30167356664284,0.304399254111314,0.307606008082293,0.297176935817022,0.26918820141782,0.242680170895281,0.219976264335213,0.166246650100391,0.123819650661984,0.0733904849435824,0.00834797180590914,-0.0413934052950647,-0.103475669372042,-0.134265409157607,-0.170653277359011,-0.1936970927149,-0.188397428955125,-0.195229956061899,-0.172825233943675,-0.147305462893454,-0.0914550913317459,-0.0464339806067452,0.0173690627392668,0.0856343996979264,0.144533497922106,0.195937879590752,0.261024092613548,0.307791209178589,0.347959437317534,0.382940917883618,0.403306131176213,0.405386773664775,0.408145337812307,0.385343360050503,0.355544524476468,0.306008147983234,0.256202242640612,0.198612949207977,0.134720074910932,0.0640242940256365,-0.0222618849679206,-0.102244877323129,-0.163700683568841,-0.214050247686795,-0.267011119946685,-0.28370593564964,-0.300732752133586,-0.286038401608045,-0.261799595209073,-0.218926499773103,-0.179457268081084,-0.103539840718451,-0.0261780228192943,0.065281305644817,0.143117973720366,0.227290316289123,0.305837750170437,0.37322168806909,0.427125928630245,0.479071631322743,0.492794974254719,0.506530890240236,0.504228888900933,0.470184770648151,0.427267303168085,0.372046263050152,0.315019558881628,0.219008726863594,0.140508463830243,0.0510515158855472,-0.0526497718826182,-0.148894713343207,-0.228980441794153,-0.293533094504665,-0.348740406267814,-0.381071059544356,-0.375592707468129,-0.391538019588516,-0.352319092205449,-0.302162511570127,-0.234164750535431,-0.136618367079365,-0.0434060046780378,0.0513795630215953,0.165788231536275,0.25424089503268,0.351016885830841,0.432708542070302,0.510038560417699,0.562727279124144,0.590958902638018,0.599951941890568,0.596675721847489,0.557229354179533,0.510738824392736,0.439744855597567,0.343628718726246,0.264058334866635,0.154394360105664,0.0339720646709403,-0.0736760630721402,-0.184712449795793,-0.286562454634554,-0.37431120183076,-0.429980518187306,-0.462903628845623,-0.483398577914749,-0.478798041651798,-0.435918583285487,-0.377392808610899,-0.277570100683187,-0.198175646747823,-0.079963271458143,0.0460955452609182,0.160247580193959,0.279835091130253,0.402129460037023,0.492745761094139,0.580346950559425,0.642423669804586,0.679871277856644,0.698283903326344,0.686402684188362,0.642832140728285,0.579388903473557,0.505857147394033,0.394681850614778,0.281334352348815,0.169536652207659,0.0372798896612004,-0.0976469418087705,-0.230780011102467,-0.352026624656189,-0.433522014581489,-0.510040133263926,-0.557053646032481,-0.575614628426571,-0.5573142857537,-0.515420459763511,-0.444185609444715,-0.357793653615526,-0.233951447288371,-0.0998292046451657,0.0345757769215948,0.179265489657916,0.310693009570779,0.443719858563876,0.555563099983637,0.647215687064256,0.720619269111404,0.766745573652143,0.779419647606047,0.768997490609288,0.736811237162717,0.651420638772016,0.553629140233442,0.44851602163619,0.318447187149321,0.172408898367265,0.0180871456629193,-0.128638705393004,-0.271768234143335,-0.398970495353433,-0.507845224621499,-0.59404276332287,-0.630691970623624,-0.640810597076869,-0.634417368899652,-0.582107453255941,-0.510198993955016,-0.391448201260971,-0.268336434980687,-0.124656219486734,0.0272284848844979,0.176388176081459,0.328301155207907,0.48624521862235,0.618496198206898,0.717515091948883,0.801914889510323,0.841497886801026,0.863507308724472,0.834624280144689,0.795216141500089,0.707735469596249,0.611486875964807,0.495068368061495,0.331403908853171,0.176905641123229,0.0176805820958206,-0.151184153779242,-0.304202199269636,-0.449701572951901,-0.575692789071692,-0.660439854093364,-0.712374492258852,-0.726073412850985,-0.707915438053267,-0.650331837193119,-0.573549761473666,-0.4467210405716,-0.311921965598341,-0.151842370894372,0.01912451050824,0.180504763407787,0.361079739632206,0.518814988514648,0.669992796850084,0.78010112999182,0.865123849064298,0.918840845180932,0.922327413916893,0.919980760890633,0.867794678060785,0.774377962225426,0.661926090893223,0.517094706686729,0.358710328978662,0.198447885049933,0.00393904474390445,-0.173245748463604,-0.344870631524883,-0.497799811696821,-0.634485973869024,-0.720652954316389,-0.781764772419924,-0.786937280125919,-0.780371831169511,-0.728331608882406,-0.620329128062199,-0.505615638426268,-0.348536823686688,-0.171186574751606,0.00593993922167535,0.204960575635796,0.389586540434195,0.554649339838779,0.7158426358342,0.842801652142804,0.928362650373969,0.987410722354265,1.00593672983346,0.989158257752094,0.934739825261623,0.839433531568736,0.711307961919342,0.554290071522884,0.390253535907181,0.206697639365855,0.00551380292764876,-0.1945062087324,-0.386491006694988,-0.542457175862559,-0.677943869460417,-0.773587268139473,-0.841560279921712,-0.856342669605115,-0.838197705335749,-0.772848769231207,-0.679094497027222,-0.549595836333581,-0.3812341707826,-0.192942276975779,-0.00233059212370833,0.202630363356271,0.406096150931591,0.584926391059769,0.762901848324269,0.876957038834386,0.97933793169765,1.05391737365505,1.06446392160658,1.05354694781811,0.987129549436777,0.891022146243543,0.758982137694992,0.58703916265124,0.41671957051059,0.202759389151273,-0.0139697301561888,-0.203999149437059,-0.406507793423065,-0.579583888874379,-0.715010607838744,-0.829498148775817,-0.890490913729701,-0.915139709358937,-0.894015029878531,-0.828402831153799,-0.720693777061785,-0.57803512884947,-0.405399521676566,-0.208251511311814,-0.00942806705811106,0.213202794614382,0.418797617550872,0.608638931055082,0.782890763694173,0.933418369522433,1.03318418817885,1.10274266991742,1.12736906469987,1.10335428379258,1.03677198152566,0.923564436884217,0.784162038422249,0.613972256069891,0.419991621078018,0.208261376675598,-0.0207725093219343,-0.222758929802258,-0.438964645335988,-0.616267273842088,-0.754623924762747,-0.873576658624895,-0.946424876364928,-0.96684617465573,-0.94901924057957,-0.8704303247286,-0.757638192968753,-0.600667074243663,-0.438586626534394,-0.234395006154954,-0.00626676092323736,0.20008127456493,0.438665279094548,0.639274680437426,0.818276851251559,0.962808965576749,1.07643558152052,1.14811171629176,1.15566373146691,1.14755234633373,1.08829299697375,0.962615793652889,0.821133105998959,0.637176454010283,0.42666256223786,0.2175300675726,-0.0225871540753595,-0.239326398018777,-0.445475025227946,-0.633157399413301,-0.795645513541105,-0.904798031100313,-0.973071767430489,-1.00209214357887,-0.972424692906235,-0.908367971640755,-0.78756141569118,-0.634856077677828,-0.456470144421095,-0.240433578977986,-0.0113171717321441,0.211733020658825,0.441205395115766,0.656947704969711,0.838787204883256,0.999488149634067,1.11169916019656,1.19574968606124,1.20311946152181,1.18014055046028,1.11690999786654,1.00872669000523,0.84632171061186,0.660180976784463,0.442854915726957,0.21945418471584,-0.0217025829418283,-0.24145067401513,-0.468420238499272,-0.661586292563207,-0.814488475824345,-0.935282293983514,-1.0095766929483,-1.0228535853592,-1.00857004388811,-0.935716941137398,-0.825363294343282,-0.657329884869936,-0.459883372314736,-0.256614300010861,-0.016435839974793,0.230480651141073,0.463604894553541,0.670744222244286,0.866633830250014,1.02632557423101,1.14428801513261,1.21256138198971,1.25106989172454,1.21060734656859,1.15294230184998,1.02209523389381,0.856320089363515,0.665033787035338,0.456451425750496,0.227818835284527,-0.0171352550349962,-0.259312585251654,-0.477883319643306,-0.669262624641384,-0.829749991189186,-0.965017251228698,-1.02462812035675,-1.0630156694845,-1.02807276469076,-0.955842491363902,-0.834228787329502,-0.6719200390543,-0.473794974560773,-0.25321027565662,-0.0158901758432724,0.233722345745652,0.463803502187875,0.685405567075225,0.890356176641686,1.03565868045665,1.15983478001373,1.24316673993517,1.26529970002424,1.23409153247714,1.16591329508059,1.03534009677335,0.882176921329212,0.695390899070706,0.46481590793411,0.234101190607559,-0.0218151581098814,-0.253411363405781,-0.483932253270968,-0.678388598450095,-0.857087823263948,-0.973760641593368,-1.04639666854615,-1.07371052782316,-1.03745373186202,-0.968884165826371,-0.853006498410126,-0.675812010743338,-0.47571862052296,-0.250327658216595,-0.0144748885488679,0.234014873475971,0.46652582258284,0.69265138242105,0.895788839400056,1.06219526332129,1.17921520529451,1.25109110975341,1.27195402405356,1.25542095387725,1.17313814203138,1.05189718580393,0.883457234760335,0.68638010162335,0.469331594011542,0.224553209491369,-0.0141897420126164,-0.263963138918516,-0.481332323657951,-0.69098025957135,-0.841471256848189,-0.958347143071797,-1.05598914323827,-1.07239792682122,-1.0462183267573,-0.973318818865036,-0.849483706492654,-0.678815101121121,-0.485648786625887,-0.260168474586501,-0.019845346077341,0.230427075488465,0.468849312449598,0.677786593182357,0.886619683232134,1.06555350180382,1.17190127744704,1.25329440709808,1.26387452489505,1.25390029913032,1.18955006931903,1.05554191360786,0.887512550612563,0.700676361542615,0.476308181356887,0.222801339062351,0.0909809624334732
0.0490331074477133,0.0315835099679537,0.0355569601610083,0.0391521293251331,0.0399855516951262,0.0459527512606056,0.0399842295978558,0.0453386747632015,0.0383995534963949,0.0445700074826995,0.0467417887505517,0.0452201611382383,0.0393460840274201,0.0443481672389542,0.0436173878414736,0.0403031197702579,0.0392666176237297,0.0452976426725917,0.0329087288712247,0.0355716194652112,0.0322892614830465,0.0306377966582521,0.0412274208023172,0.0500062410834987,0.0447530160551076,0.0421529265216038,0.0471915698524254,0.0403953919212275,0.0307027688976833,0.0367404289040467,0.0455144651267632,0.0465139129927967,0.0706072954965286,0.0832075590562873,0.0963860093761238,0.10823591073004,0.11112315529683,0.116309126761454,0.126225841629998,0.123364740009794,0.111003591253304,0.112596004771515,0.0985625936563542,0.0902278749987903,0.0824841055871444,0.0502959263673504,0.0309060180546875,0.0209613886770252,0.00276665613320937,-0.0137053714314595,-0.0266217700693482,-0.0472260065030812,-0.0402939072330079,-0.0337633866408576,-0.0427681946717693,-0.0317703445207358,-0.024973888126904,-0.00655350227479547,-1.96410832988148e-05,0.0069641651631434,0.0310755094257483,0.0538601135427258,0.0906832695526603,0.128637363343457,0.153190923018041,0.168416349863534,0.193422601506092,0.201014937409861,0.197908970477752,0.217411543513721,0.182980343567758,0.173650849933979,0.158296671935456,0.119881852124444,0.086171899525782,0.0515665460453155,0.0149606397692644,-0.0105125277962137,-0.0386823814861519,-0.0698313665144909,-0.0901222004721723,-0.118753682262323,-0.12004979851457,-0.126922609810778,-0.12247087302662,-0.111302829100044,-0.10306762018874,-0.0638437916631917,-0.0473494851148555,-0.00496999536424448,0.0283974084301277,0.0716650385052538,0.111746293026097,0.163769515735567,0.209059102569632,0.249391267346913,0.252195717689079,0.294130127164222,0.284235484692146,0.29055523349957,0.272596318414801,0.238211458069097,0.210208518272245,0.162874947408982,0.112658792165771,0.0669079698959197,0.0259649184845226,-0.0409419651724904,-0.0916088652146249,-0.130800444055945,-0.167253567822867,-0.189912691188674,-0.200083349656212,-0.210239402274717,-0.195581954157597,-0.178413665019329,-0.165830582186961,-0.128860988120349,-0.0721667938026997,-0.0353998557063257,0.00668815011004431,0.0702227290284673,0.138241756813225,0.209379096890419,0.258861324987869,0.306570623426288,0.340454523104948,0.362311501294556,0.371482093987019,0.361569269057095,0.346619626083484,0.322391731920932,0.262661128682018,0.204982046008089,0.14087858145727,0.0797254585569438,0.00605649236278663,-0.0636905653091464,-0.116909418296506,-0.181784414851538,-0.202671224703213,-0.262831904372937,-0.280410319696661,-0.295123386302242,-0.283103338136228,-0.261381312639473,-0.217519543473931,-0.178831136550638,-0.1333409907405,-0.0633218985659004,-0.00567530187774682,0.0936622636902734,0.167738030064037,0.236280715119874,0.310493683158463,0.372812551765778,0.411748787153915,0.446634562593743,0.4407787519422,0.449637015998978,0.419198605737379,0.374290065897339,0.310640076077169,0.235148839321519,0.16264465319488,0.0893412489039421,0.00782105096470669,-0.088000449914216,-0.167088471363063,-0.236285699561242,-0.289032835870139,-0.327796088787948,-0.359786809739242,-0.35900279078482,-0.364438690449315,-0.338571284880279,-0.290653059702938,-0.233199589482222,-0.163579572303803,-0.0814669314330193,0.0075507146895439,0.0849780875086279,0.203805421181915,0.283428064369519,0.371522298375211,0.42490968932097,0.482808212147572,0.507641886986872,0.517761513177198,0.509143351900156,0.485185691100078,0.427280849248,0.359882500951058,0.288159162148599,0.178890652080155,0.0924703669542089,-0.000899660629852271,-0.112634324731581,-0.199449677846212,-0.283695440464726,-0.348999388228797,-0.402442133884407,-0.426154361805832,-0.446521809274588,-0.433249106163617,-0.398729587492818,-0.344442519103594,-0.282393073433335,-0.194406065799004,-0.108016236544076,-0.0117142129886964,0.11172400644833,0.212674982270199,0.323448358731397,0.415990569344333,0.484992288136029,0.545074999518198,0.58786242944918,0.605021750441772,0.586602393909693,0.539744178051066,0.493512289175135,0.420847379587851,0.320335980480987,0.215819268234121,0.100982434241849,-0.0219501517665127,-0.127488470722891,-0.236564324918172,-0.329438849835297,-0.402334579464043,-0.458796705173993,-0.494609129126722,-0.522356735865022,-0.509648200328507,-0.475101712974103,-0.422254560849306,-0.323253319029082,-0.233794719916983,-0.138672922836746,-0.0227550394580418,0.112557981041656,0.227023969539615,0.349010295916488,0.450026914205613,0.549961356957815,0.613616495896851,0.633917563334533,0.667645853142081,0.646492914702333,0.600450697055019,0.538955171495139,0.449468162036917,0.360927395767447,0.225862969467354,0.111701160123176,-0.0245483463892113,-0.147844126742137,-0.27090979986228,-0.375105517632742,-0.45579301834289,-0.52433466023169,-0.560975412997761,-0.580440768588995,-0.574454755351968,-0.521047092479034,-0.462356245559153,-0.363471368606295,-0.271112757304551,-0.153820247733188,-0.0248521036493177,0.112131954814381,0.245254387807491,0.374322839505522,0.497311462436558,0.588789972535903,0.661646459212212,0.699142362209676,0.726604229885862,0.718160869702421,0.656954927728485,0.583768302716717,0.499897576060167,0.372685502281139,0.255046157784046,0.110339470619073,-0.0361980886563671,-0.170326622428716,-0.298407157725308,-0.413773973466957,-0.506872594668279,-0.581640912574072,-0.625833089145039,-0.641281077651683,-0.636183451965275,-0.590315923020308,-0.513679818663622,-0.407962999498367,-0.307390251979883,-0.162243678210859,-0.0373747891593079,0.123258527190482,0.262998341209837,0.42155301520157,0.528387086087186,0.631767427121608,0.722134594634391,0.75768093234218,0.794340025586969,0.771458719045198,0.719753760147927,0.645311251128164,0.533765157376335,0.410481164129502,0.261490664886589,0.103355620430418,-0.0397511585963608,-0.188312675580826,-0.330896321054581,-0.461142764692385,-0.558592466403131,-0.645229792358475,-0.689287997868366,-0.697923771091651,-0.68928799167546,-0.63906893124328,-0.556218046297476,-0.443727954288008,-0.323338378097077,-0.18343536977906,-0.042842050813092,0.122654597616033,0.281286084940154,0.425943059529037,0.57045050523888,0.677485564174354,0.764344611776077,0.814298916655512,0.832908361460575,0.81604161309263,0.76770338541699,0.685176025167599,0.570019535093087,0.431585724622691,0.282632295734541,0.119730396411789,-0.0300090946505848,-0.210431309222074,-0.359347953232065,-0.481859785348055,-0.60346411315923,-0.683821169377193,-0.74469426547329,-0.748087075938327,-0.735604283263377,-0.678521623233827,-0.599746884278442,-0.493827895006322,-0.358791680569295,-0.2019873040813,-0.053049502663034,0.131989344966448,0.293308734405398,0.45967708287644,0.603702701034689,0.720095623192847,0.814350141814848,0.862295570709319,0.876037029798633,0.855702132223428,0.813523002132274,0.725368511891797,0.606441482235827,0.460944304085805,0.28872677329672,0.131268545377497,-0.0537372791073445,-0.221720464001018,-0.388931418197159,-0.526400121992253,-0.651028919466926,-0.731266864796498,-0.78528547873805,-0.797781151772466,-0.784119388933086,-0.726733542079129,-0.635284244406097,-0.515677602831269,-0.376892811839034,-0.226048735407119,-0.0467461885177262,0.127223166554693,0.317219069913436,0.467008942377312,0.633291395071796,0.74653130698891,0.84961125591352,0.892256337335247,0.91423943956747,0.893311534424433,0.85061202182791,0.7558734211832,0.628505170738008,0.47242219140275,0.315004864221998,0.139288841999321,-0.0491038654541551,-0.223550389386625,-0.390124423004674,-0.547916213792594,-0.668510340511649,-0.754949316499481,-0.813420863953327,-0.851572590744364,-0.824515789052574,-0.75408244552647,-0.675254438680888,-0.549571716547703,-0.401720760670917,-0.230792695449165,-0.0442949177785886,0.122674322578813,0.327003941449721,0.500609321164842,0.646087822286408,0.78298081886155,0.872437689305197,0.929277082383345,0.950414257279792,0.929070292754979,0.875399485734205,0.772375337998449,0.639981397908687,0.493514170318888,0.32800560937709,0.147295969034903,-0.0578451708244665,-0.241978644301168,-0.418830895919781,-0.563571267020635,-0.701181007108091,-0.792757078742827,-0.843139284592336,-0.85904942452325,-0.850195218984317,-0.79061223273715,-0.686745232163519,-0.567278912457127,-0.404868850134036,-0.246028936284527,-0.0545022821729187,0.138315267845554,0.331602350545236,0.502971082999094,0.66441298673955,0.799947653086118,0.892079719977981,0.957491763982988,0.975564655026069,0.957901456029217,0.900388556696229,0.790435584852915,0.667590026353452,0.503263224311643,0.33150061016402,0.138590116917776,-0.0566507142096462,-0.252077389339591,-0.432872758048792,-0.589010535702908,-0.714767992663998,-0.810377296331121,-0.867298250807977,-0.897351718387666,-0.877839349668804,-0.80967515074276,-0.71840487080324,-0.58591300695223,-0.430945571534749,-0.254042146524091,-0.0525935434244032,0.14407594622882,0.344980389607191,0.512382785442309,0.691273297802251,0.812382180807944,0.902044437970245,0.973424884416566,0.996758258683646,0.97445397786143,0.914633568400193,0.821617781860556,0.671326036952854,0.523124824782521,0.346590048836783,0.141273746086903,-0.0652153438844009,-0.254099083554527,-0.440856855194282,-0.589505800170935,-0.736808958696306,-0.833524396351282,-0.889982534962419,-0.911859509379495,-0.895050948673962,-0.836263670809467,-0.732380410986015,-0.594445127570429,-0.435500700822022,-0.254660706732501,-0.062142861962211,0.139555051141297,0.340283272501931,0.52077710182989,0.689228799820835,0.815698901160498,0.914171797723309,0.984397756106073,0.998556096928797,0.98626620736032,0.911192002284914,0.810633947535822,0.68579747838749,0.519893775930353,0.338106398384022,0.134923321244228,-0.0670274610078855,-0.262596312676206,-0.430230002603159,-0.613097568995027,-0.738130310562336,-0.845621841001146,-0.896821899207154,-0.921063426231884,-0.905624420350512,-0.84528573777612,-0.738289698812006,-0.605521190396397,-0.438958178175266,-0.255996963570093,-0.0623755218550349,0.130533333604079,0.332214118009606,0.517765783046671,0.688939569777632,0.823690315423733,0.926951438951315,0.996352456092563,0.999923750743079,0.991845490243796,0.931173876181137,0.827347872682158,0.689429077888767,0.523272762886965,0.345473767877009,0.131905674336535,-0.0722111000335226,-0.262882882231309,-0.433274097214328,-0.605696981830536,-0.729413315712111,-0.840111812299396,-0.919509528576224,-0.93196165034743,-0.901204311165443,-0.836707792941982,-0.734905073924163,-0.609425581055642,-0.429643899775978,-0.251342490975827,-0.0638095555054737,0.145312705701293,0.339785662071838,0.521691386123037,0.675054536541753,0.825245087162816,0.920681551806624,0.98854502815872,1.01021496228224,0.983836525093493,0.923232520983558,0.818018759636291,0.685030696718717,0.518678001250033,0.344596666623627,0.155277262230326,-0.0566396710151634,-0.262783629233799,-0.441003107250063,-0.607963578812038,-0.742239479338563,-0.853246724685197,-0.898839597128867,-0.922350186431065,-0.897440277221759,-0.845214384993196,-0.729884347919552,-0.598737701972259,-0.445211373419191,-0.253921036659153,-0.0519368911974701,0.136998339378421,0.328178112944979,0.515803832401866,0.681309813454325,0.806631307779712,0.904092066445132,0.978739515008088,1.00062715106788,0.965893186541008,0.912538322210249,0.81890302469237,0.679798203323114,0.519894615637151,0.324514826192062,0.139194386964574,-0.0562339975160281,-0.262959258079209,-0.440431749767103,-0.604223726445586,-0.732624052241526,-0.82193761368015,-0.898506929971627,-0.917662022170273,-0.900202805182816,-0.84047479154494,-0.734306099341452,-0.606139141345843,-0.440342691423546,-0.256155747042056,-0.0538089787347397,0.143952252848189,0.325110070490143,0.507686607094023,0.666195731687321,0.811275993116343,0.897362716394907,0.952422549337151,0.965359829478685,0.949237542610889,0.896311519202958,0.802482083468373,0.669363731388235,0.50348038797207,0.331069200377524,0.139418075608294,-0.04383346094315,-0.23978953921519,-0.435004857865799,-0.593126718476812,-0.712160284541267,-0.810387456628226,-0.8847922268193,-0.894077257763633,-0.872424084739132,-0.797896133034097,-0.7064916320345,-0.591567915218277,-0.416246207451713,-0.237972326907269,-0.062060201132898,0.128586163627361,0.318443496071386,0.498083226979714,0.650327066827396,0.775035645515925,0.879769908948641,0.942048987348428,0.94640037412201,0.936478582175429,0.871767168752034,0.777160194108454,0.654850614487551,0.485725079898783,0.320854858360385,0.128248747989224,-0.0498496971524721,-0.239556600555071,-0.422142596462885,-0.570808937602777,-0.689214813721592,-0.801668891404023,-0.850697608172906,-0.866493344540886,-0.842992164098332,-0.79704661721819,-0.684797114921265,-0.561699757074643,-0.418386449898519,-0.245128370753661,-0.0505175451449856,0.132899208367079,0.315802625726892,0.47398432320983,0.640584573067338,0.745382440923591,0.84132877553117,0.900422470652654,0.929783548775714,0.901185019145216,0.836437486057263,0.748508258463408,0.630065957026388,0.47716888824938,0.316293862959002,0.130743585424154,-0.0445258746903868,-0.231526287267839,-0.402434149935948,-0.547081131575181,-0.665904976470583,-0.757491833242162,-0.818002012812747,-0.842519251039102,-0.829316391467245,-0.762583856749896,-0.677301052964622,-0.553308091431462,-0.395759472889667,-0.223153989002282,-0.0522818916517831,0.124943177100978,0.29879116825254,0.460761773764609,0.588762435676304,0.737800429149509,0.804189892969576,0.865727348514768,0.876573876086704,0.851863342725532,0.824893570636492,0.722425284999206,0.602363099479377,0.462286369721495,0.296846616412005,0.123740410397816,-0.0444486772509971,-0.205010542231395,-0.379300065488993,-0.516206811123061,-0.634290933920869,-0.739797305060566,-0.786019169184342,-0.805849013505143,-0.777393913355672,-0.72150145749433,-0.648231955305818,-0.523169951020834,-0.375290647369337,-0.204832288845184,-0.0502083786402337,0.134222328122277,0.279162684884101,0.433318576043534,0.572176625897396,0.687157710748902,0.777439328587612,0.823905673566819,0.836156260294771,0.813243542792665,0.769192556581168,0.685012437548374,0.563957151741689,0.436300594248392,0.293529529811405,0.123991994175376,-0.049194182794705,-0.208307556407889,-0.361345385408102,-0.486578431822254,-0.605222875970527,-0.673135783344391,-0.740919901759743,-0.754286708587858,-0.743975223276711,-0.684542517878549,-0.600023040788361,-0.492583074067825,-0.366505209760417,-0.207388153565532,-0.0452797572324173,0.119624384144164,0.265226950289426,0.411498855043752,0.542013240451289,0.644994336199603,0.707139080173313,0.761730218389701,0.773038181953213,0.770598404162064,0.713640710898951,0.629665341766703,0.540176842497371,0.41768175284372,0.260223858139715,0.115921942956509,-0.0389602338500325,-0.187731696805925,-0.327232030230611,-0.469236548930781,-0.567842124006942,-0.640530942944109,-0.682117918760986,-0.706103275842515,-0.693159633618662,-0.641306905447384,-0.557239429330165,-0.459212688607846,-0.338311619503164,-0.182316692061696,-0.0330556059944022,0.10893058731101,0.238073428010659,0.385467627302407,0.500974050128549,0.592997560953319,0.664536382156858,0.718134892967676,0.717129136747282,0.714488101427,0.661105538516193,0.594851688396296,0.491026146850865,0.376496748845207,0.254202294205993,0.108559457921546,-0.0400288305794904,-0.176445410503579,-0.290705864312114,-0.417454332645808,-0.523623200772768,-0.58650862076288,-0.633286411942831,-0.640940673167065,-0.630052899911565,-0.589089104296689,-0.517695923463929,-0.412221366142594,-0.304698595321371,-0.175394754878978,-0.0360428528666319,0.106616659252187,0.22454446604561,0.348219023270845,0.454835439596886,0.549640013565189,0.605853593669929,0.651424159130849,0.667160953136785,0.649908358617684,0.610685952916667,0.539370479000511,0.447414711904283,0.34573160839901,0.234433709067441,0.104375811879256,-0.0284318612161542,-0.155489583916652,-0.266587601450067,-0.392807357378784,-0.467018351966474,-0.540895389404285,-0.56513812371633,-0.574863280437361,-0.560971645345993,-0.524832263576416,-0.465032050498277,-0.37574607582694,-0.273389659495208,-0.14357612006904,-0.0286761916374723,0.090849869236289,0.213949997193649,0.319055315475746,0.407396421867312,0.492302008500201,0.542865260926696,0.58646380782359,0.601050052141972,0.583984478237139,0.550254028586355,0.485678536853894,0.405071280131026,0.32610080776125,0.221177514084527,0.101797233469145,-0.0251579917473182,-0.144131979013439,-0.234315160498688,-0.333727305690392,-0.416191327422344,-0.464205561304043,-0.506359182677374,-0.522043212707766,-0.516744958602016,-0.480930775455363,-0.411287832007011,-0.340235219770665,-0.239881700921727,-0.139161082739594,-0.0129567824044748,0.0930367648803609,0.191604221319754,0.281050022593593,0.361940153804993,0.437982830600846,0.481619939010896,0.504195123062879,0.539458456439836,0.512146956142399,0.483980762321956,0.433919742630261,0.372161372693582,0.284396079452691,0.195406849829653,0.0976290201933749,-0.012217436974122,-0.111265122656627,-0.206092035874327,-0.281202949728332,-0.359271154224813,-0.4136695359784,-0.430732422664733,-0.447818340772314,-0.44279836420321,-0.404058591035154,-0.353840090035498,-0.284186928405369,-0.206294565041738,-0.109240166256577,-0.0172985958030205,0.0959572766857159,0.160853091525893,0.247240779252989,0.318207142796843,0.375062303692566,0.417254461819254,0.445528201924093,0.463863909762943,0.4394120560826,0.416784463355615,0.366883573226202,0.31586210936728,0.237919540365258,0.171200513413243,0.0855100624090328,-0.00148691958575223,-0.0940104628496263,-0.174571107743556,-0.238187556873153,-0.282762796451595,-0.337952601768839,-0.344811498203064,-0.376526650665398,-0.356998554385824,-0.327122473686291,-0.297712289857623,-0.226494278631414,-0.16153949821271,-0.0836828515291374,0.00751161723598909,0.0738532962849994,0.139641467587985,0.207406980725075,0.262541946618467,0.316834180245849,0.351480160895421,0.374520941810262,0.374241862999302,0.379525595629042,0.335095314084731,0.309258194029601,0.256557662757198,0.195317284084572,0.148174698243456,0.0757121354348354,0.00387741465853645,-0.0738723504181974,-0.131255538121382,-0.174537424520704,-0.219914237853184,-0.269562828105917,-0.288784717206704,-0.286665923258891,-0.291134732486082,-0.256597887508784,-0.235657429871064,-0.181928290847289,-0.136499512921755,-0.0730471793720634,-0.00159755973795296,0.0741302787218696,0.117814436554527,0.158386923921589,0.211038245235789,0.242212973394419,0.269219714819206,0.277997724992606,0.300418264450444,0.276193027904516,0.279133819608457,0.249820419911786,0.204160739577461,0.168848653667516,0.10946377305782,0.06926609763798,0.00600139211156107,-0.0325520349073292,-0.0903461362028396,-0.131261812170421,-0.156480932784692,-0.189879904149381,-0.205332191618503,-0.202094396263436,-0.199679561744833,-0.182844728124406,-0.15547419270182,-0.129006197375844,-0.0877347793841369,-0.0321168889673662,0.0131679750178526,0.0507257499784997,0.0926503702017802,0.126571492358645,0.144401410719111,0.176555301093463,0.195102677170946,0.20784104710513,0.226769220149117,0.206078427598395,0.198443725408644,0.184130288206314,0.142975982313957,0.13310785833279,0.0924333870542429,0.0546167524328749,0.0238281782178594,-0.0116661000577454,-0.0454272529558459,-0.0685972415585682,-0.106363106145973,-0.112434805469037,-0.12182087973486,-0.127085449730841,-0.124324536996992,-0.118228750209392,-0.104417793867411,-0.0760632543627749,-0.0475142557920189,-0.0228647758558067,0.0142902693216498,0.0494355732074461,0.0740549067472161,0.0790597750915575,0.0946198887083917,0.108727364610853,0.124315393905115,0.116709734544894,0.122857176252869,0.117969080956872,0.10828633359268,0.112100944923933,0.0957189907655689,0.0888197747223616,0.0584800430682462,0.0506588278387062,0.0207777067239914,-0.00225125212898129,0.00252228829685832,-0.0136105591713713,-0.0280283443347627,-0.027056604399973,-0.0421232688292498,-0.0428922499190887,-0.0409411280051456,-0.0412187341033122,-0.0364140575943504,-0.0255073547003841,0.00127066930821873,0.00485855746125898,0.0275254168551984,0.0514776419218916,0.0429996437210598,0.0273379557288478,0.0368785719674746,0.0390687735263091,0.0330964377886311,0.0361642413808836,0.0448480814111007,0.0498113005570032,0.0355884580340255,0.0384368718898525,0.0416922673131638,0.0445533001092827,0.0371077675858543,0.0394617899659437,0.0438272877065892,0.0388495296649274,0.0268290942415723,0.0475543248208935,0.0407480267889348,0.0322626247788459,0.0379538296663131,0.0442934877667148,0.0416707450183941,0.0414571136567678,0.0321328234393089,0.0424765765302572,0.0503997397761772,0.0348474517671065,0.037736262989656,0.0314962317140977
1.1587559685799,1.13770456211046,1.10479865190472,1.01276462087079,0.883217481533799,0.708693309065154,0.5339707728222,0.298693818586511,0.0646413072866628,-0.142520536895295,-0.35547062914897,-0.566079658324127,-0.736151028098844,-0.861445886362451,-0.968206747745755,-1.01166877902175,-0.999125190574369,-0.95337443680077,-0.871806554230698,-0.730278749574716,-0.556835430998638,-0.377476782238446,-0.146893625328168,0.0852339942239368,0.296954578404258,0.515025272670049,0.713005236505871,0.883402343775037,1.00414733026654,1.10043519599678,1.14313124020441,1.14697577495656,1.11041590204289,1.00192797277713,0.882970091355873,0.716377699569263,0.509190270283405,0.294496720667695,0.0767961615690697,-0.137546959944415,-0.365104897054662,-0.567202285726203,-0.727141372269179,-0.866235691512951,-0.961808229272602,-1.02161618523563,-1.00757978348153,-0.944560918552344,-0.864879589045445,-0.730125985579159,-0.555180536902391,-0.36462186020593,-0.167260647568428,0.0719663099936699,0.295541342906649,0.512365470681485,0.720780322158187,0.859944384515121,1.01029769267684,1.10558512061904,1.15539591962118,1.15482520794318,1.09468629489459,1.01036780952766,0.868621242104318,0.701368189939668,0.509357121895524,0.310458512500927,0.0692325676561486,-0.158537526880244,-0.369318737848452,-0.573026137294107,-0.735409730210656,-0.868780086019384,-0.968776602147505,-1.00681300005544,-0.999694896567048,-0.960378060530912,-0.862870853943866,-0.722650900626199,-0.563391945086582,-0.355739485537201,-0.138327776511385,0.0781573493405076,0.312357968724735,0.517249277055637,0.712346282336143,0.893987885274871,1.02278123101398,1.10696682617521,1.13884294440166,1.15704369882002,1.07793232594886,1.00659158467634,0.875183355704156,0.696416888717424,0.503258084009722,0.300849324188453,0.0689662463879736,-0.164110425831644,-0.371331777458307,-0.569833924867614,-0.734529403429023,-0.860518091036861,-0.954922788897918,-1.01489609787031,-0.996171624312457,-0.950817736893034,-0.861959524893526,-0.739219215781941,-0.558318115545106,-0.355881755509814,-0.141963769436307,0.0870960066337993,0.31325082113033,0.524357819545151,0.720843230782372,0.882199015452314,1.02176701664927,1.1024570670612,1.15126296585624,1.14612031859481,1.10142593131046,0.999700222883736,0.86924660089201,0.693147748142735,0.509828963487002,0.28643148028414,0.0460345143146645,-0.15886867695882,-0.376350056050993,-0.568109125254384,-0.737221272011239,-0.869306465244008,-0.956735138056037,-0.997603608586113,-0.996700797083364,-0.946949924329769,-0.856449477587056,-0.717062660827687,-0.545467207327466,-0.349214939113845,-0.13462836509281,0.0873608174524506,0.323771580802285,0.531262789134728,0.714082354046195,0.893695286119818,1.01454523024817,1.11211147094469,1.14478522671253,1.1466207284974,1.09307673689451,1.0069828637331,0.875495885256635,0.704791406667185,0.487838379910293,0.27080837268459,0.0589959926239695,-0.164627772944402,-0.389076864074282,-0.577825189131223,-0.741221761896421,-0.869830977469788,-0.961897653797277,-1.00850096020982,-0.998187106845215,-0.953267264585097,-0.838924423070846,-0.712324187008789,-0.547810959008881,-0.340788703242582,-0.128848415811072,0.0954674439538999,0.314408385506886,0.532447927078145,0.726703481759202,0.893498293308472,1.02370329991201,1.1163583124642,1.15393652945242,1.14145984172717,1.10371257479009,0.997034403038253,0.866870920239844,0.690091956308991,0.500057609699697,0.27674125950486,0.0437556594682307,-0.17000004518117,-0.388692553566105,-0.579051013919641,-0.749559504206793,-0.872133147722931,-0.965255911122352,-1.00779717939695,-0.996454479694579,-0.947275463014526,-0.860428606575867,-0.710677367660722,-0.538302968971802,-0.350776718158583,-0.134457875323135,0.102125255788227,0.323345497667263,0.533773562433342,0.730043268099651,0.888264556632174,1.01896296503202,1.1088807260399,1.14999691894223,1.14751682974659,1.08661046397757,0.993842909696828,0.862781612102944,0.699126866121526,0.482471216249509,0.273127250252908,0.0535373343168956,-0.172992225919217,-0.394799063707086,-0.577880874304372,-0.737646991863925,-0.875216299038537,-0.965513597278783,-1.01124951540837,-0.9885375869103,-0.942642732088286,-0.851013508086939,-0.710737977942946,-0.538855103811138,-0.338586053543439,-0.126366888390337,0.102768338556294,0.334259394022329,0.537527131063925,0.734689889719955,0.898882190792372,1.02740878252828,1.11726610893081,1.14482996709521,1.15283735314822,1.09754979336408,0.994022945151464,0.860789308568661,0.691432780755372,0.489655172544106,0.260662680993203,0.0378644267416128,-0.172595599463575,-0.402076937737619,-0.606768831477227,-0.746399617077874,-0.878753446972283,-0.963520900988702,-1.00534414872904,-1.0024797238661,-0.936519393466647,-0.849640737904566,-0.705869303064813,-0.548672677557267,-0.341245948583628,-0.112730888914586,0.100232528374125,0.325822364961195,0.548461935048659,0.739395623506751,0.893510822198984,1.03524579763636,1.12735847171594,1.15099353157645,1.14520175289723,1.09691418791769,1.00138405326385,0.85115423651621,0.673555203228867,0.481873888650005,0.2723929605661,0.0480759866437649,-0.188689301960793,-0.399871501823646,-0.595612223245593,-0.75657388889045,-0.874692631114535,-0.965050895856438,-1.00491332580663,-1.00135745066235,-0.947491251590341,-0.84651385391287,-0.705500087242283,-0.526985585351092,-0.331602492045545,-0.124961612037912,0.107570242989537,0.318257689768431,0.545542630893399,0.739470014403097,0.90102030503391,1.02757854075197,1.11536720460984,1.15135717884809,1.151038057832,1.08316746851983,0.992249970887223,0.858552726483795,0.67778948945662,0.485053020656983,0.269542725299321,0.0319763572584654,-0.189293242303284,-0.403486209674145,-0.596606617402342,-0.747077804001326,-0.883704829578237,-0.976290638181575,-1.0024299830364,-0.997026343358084,-0.944106433094991,-0.840360364960075,-0.697777640298177,-0.525483631263598,-0.324949914166806,-0.117159465408984,0.109603079295726,0.344724535839824,0.553650561352788,0.733451285882614,0.910625716126991,1.02657762346019,1.11194783018016,1.15431988613726,1.14819204822474,1.07717128703525,0.984430554311384,0.85551301332961,0.694003483745601,0.478257130113901,0.254284606577043,0.0258135518324839,-0.193652718626764,-0.399575627734075,-0.591705642592608,-0.767175673307654,-0.881731686702504,-0.961685738545542,-1.018020423581,-1.00134192782591,-0.938942910806217,-0.845496846111353,-0.706100004563104,-0.529686161342423,-0.330152074671242,-0.102119431573522,0.131543442813199,0.34087128520234,0.54260821110751,0.742138875627987,0.923251006372501,1.03466178081103,1.12228544183515,1.15182208137469,1.1428132777876,1.08422863777451,0.991600840269094,0.841963069652667,0.68994679249691,0.466996509742563,0.261963117348879,0.0221603560362399,-0.194879878412224,-0.406176363510015,-0.602888864375844,-0.769144633534487,-0.883326825508138,-0.970604632081813,-0.999325994995571,-0.999023049996251,-0.932831045699427,-0.862380400249489,-0.706635001790181,-0.523204199269876,-0.329815589280938,-0.0977625049962684,0.116444066723603,0.345488477499516,0.553824552724894,0.758013138493796,0.908299982598626,1.03210270313064,1.11377772135153,1.15372329804972,1.1457799912674,1.07977023307779,0.991707233212521,0.844006051333776,0.673482101594346,0.47349636636521,0.252371857808893,0.0233502246824647,-0.201134285315463,-0.414659913754901,-0.595711624536122,-0.756767220027139,-0.888629670429008,-0.973705523663367,-1.00299624304776,-1.00288081388281,-0.935650850498407,-0.847210195167193,-0.702606050651056,-0.526386280192064,-0.31091878206741,-0.110923363174743,0.118660549121197,0.339782188277577,0.547083019246524,0.742473706495615,0.911854242598414,1.03168221349551,1.12193876347836,1.1511779394144,1.14471879674375,1.08699374895972,0.98112150340276,0.847830201704356,0.675570397071947,0.463192241176926,0.23889851822576,0.0203219229839261,-0.209153087652417,-0.404085028436211,-0.592687456746778,-0.760482386560569,-0.890920323660319,-0.960369646865084,-1.01056275381188,-0.995536362161645,-0.939904101680382,-0.843438898187992,-0.693583752049485,-0.514054695859692,-0.316650724156649,-0.101015938159695,0.111112616344092,0.346992425411301,0.562308441427292,0.750903997274576,0.910003525125297,1.02665384556347,1.11572473260439,1.14950433041418,1.1457405831033,1.08684027349549,0.992813491966714,0.858402362563948,0.660226803497462,0.463921568235065,0.242666078497779,0.0218765604458032,-0.203895852257299,-0.413888657361719,-0.603405619608078,-0.761792101596968,-0.888262928718133,-0.9682960709659,-1.01028288363009,-1.00692576996811,-0.928931717781304,-0.840870856414898,-0.705565616578274,-0.522990387567108,-0.327352075175186,-0.103642626754859,0.123804394810296,0.366723748318696,0.578666114928802,0.761904530163819,0.909420254183406,1.0266202869003,1.11354165291168,1.15146655834484,1.14072217094751,1.09528785324535,0.982758136197569,0.849633026374249,0.674454051402948,0.472173209347427,0.250420959364983,0.0270363483461162,-0.196680116703428,-0.417788270080377,-0.603681468786017,-0.77500965816481,-0.893654742753712,-0.978125513908965,-1.0120381744168,-0.989221171364292,-0.937129145285963,-0.837566795843444,-0.683639636562853,-0.52033315845505,-0.309305339465902,-0.0983691675985959,0.130689155871001,0.351394110728753,0.571153403747037,0.753814211817799,0.917176176268381,1.03800855065559,1.11112176336201,1.16134118996874,1.14700365679993,1.09339160627472,0.991608216772484,0.844963425688155,0.667895691720093,0.463677542838642,0.24728309053177,0.0162678009414429,-0.199352202796126,-0.417439925928163,-0.612652297403101,-0.768210257049429,-0.893320511526485,-0.973354694150708,-1.00600976376855,-0.989159890686947,-0.941051271543954,-0.829018949892318,-0.698184003332564,-0.511029781044891,-0.312685012239746,-0.0911990646331932,0.137960558229683,0.362336414517145,0.553146768153009,0.753127097026473,0.914339033533761,1.04531636203914,1.12225105012942,1.16177157119991,1.15011401799051,1.07875120767818,0.977775151807789,0.834798064475137,0.666922432007972,0.460664036325933,0.250003915497456,0.019981953550711,-0.21085002424796,-0.410167094933157,-0.605608170096658,-0.763817974516233,-0.88382187865788,-0.963459472269845,-1.02250190052536,-0.994527250860438,-0.943941511564079,-0.837344516930499,-0.678545075097143,-0.523293752546123,-0.315152987444771,-0.0956827203801791,0.127986228540519,0.344849257081113,0.548454266959471,0.759595187844685,0.908097628303018,1.04181726316685,1.12928126891387,1.15680288048236,1.13901675866585,1.08399354130278,0.98665053485836,0.84267390135366,0.662376882483037,0.472536952491958,0.249305524817447,0.0228178856563093,-0.204793953245473,-0.42004672265719,-0.599816812172096,-0.775084853208248,-0.888586001870898,-0.978513016586536,-0.999451466553208,-0.994426156177045,-0.942256834596387,-0.844360816625381,-0.703373373035478,-0.525245902879542,-0.319969584332343,-0.0954101689986994,0.122696662163082,0.352092689824432,0.570824985185574,0.746768159323842,0.912370910899471,1.03873713082655,1.11553951001759,1.16306400649382,1.1444363513111,1.08134733657918,0.982397952027884,0.841858032377578,0.670248493865378,0.471814760334415,0.255897135279142,0.0217849389268136,-0.206742004539033,-0.416044139283786,-0.60233096551862,-0.763968257175743,-0.890086312992961,-0.972357261246847,-0.986629391880744,-0.996448113621807,-0.929090511643704,-0.84005944031777,-0.693820555849755,-0.506685454657304,-0.313949151068773,-0.095508722328672,0.126171332187772,0.348832583459329,0.57320703924338,0.751308920725061,0.908912410168481,1.03382677866843,1.12618368023939,1.15553042214494,1.13468493442442,1.07948281722551,0.977183531673286,0.840897655643344,0.665737312709924,0.465019917746913,0.237210131800195,0.0150019134566561,-0.208106015205691,-0.418055349949854,-0.604778678676475,-0.76347244158127,-0.903397172623404,-0.966614097692052,-1.00857577277411,-0.989231021359981,-0.937024433296051,-0.83045952918618,-0.696665139119558,-0.523593311248069,-0.322709118000205,-0.0986141718642731,0.133447012773268,0.353977339206434,0.563400133218226,0.747117908235947,0.904290038336728,1.03995894654634,1.12052828960788,1.15237631264869,1.14942870609464,1.09567360327125,0.989526913859636,0.843313833523172,0.670116295372349,0.483572876748824,0.247012966346758,0.0133158898496154,-0.199007332065903,-0.412768333110566,-0.601106907232292,-0.765507725103543,-0.884497437552481,-0.974418951505436,-1.00710284338156,-0.997178909063596,-0.938797818782502,-0.843996361441278,-0.690847433336253,-0.50963556002096,-0.326811710754095,-0.0900721874126011,0.119068342383945,0.356599399913529,0.557776494009027,0.749208798763189,0.912798083126526,1.03830826422032,1.11464777339419,1.15763020766936,1.13846697898634,1.08501187276261,0.989279311695328,0.849245536293798,0.68545044600505,0.467501047746086,0.258347213058487,0.0300445160146765,-0.201925312306472,-0.421479553780299,-0.61061144159753,-0.769520794949045,-0.884917217325313,-0.966223957830363,-1.00964418014181,-0.996633178610061,-0.925794843406948,-0.839301713413702,-0.681141098064519,-0.528850289488594,-0.326021681485716,-0.0996825547330773,0.122458116700799,0.336468697993612,0.560032734001233,0.753742580586227,0.907401695829212,1.02663153926423,1.10703907298654,1.1652730361279,1.13544459396116,1.07932024170836,0.991901798907495,0.836351513038121,0.672911035801879,0.475012327393361,0.255915525362339,0.0215776418558064,-0.202419998144198,-0.412894699864071,-0.602351305280094,-0.764291468533586,-0.892969672260193,-0.969019102106806,-1.00917268845758,-0.995394240167772,-0.930175347975763,-0.829658573526691,-0.707064285628826,-0.529741714750441,-0.323139395233503,-0.0965408344525569,0.126639014523092,0.336456750380814,0.554011065052204,0.740414927885023,0.908857603457867,1.03952691665254,1.12482874779677,1.14999033435451,1.13835318453147,1.07378549675203,0.98276588798138,0.847543900951293,0.678869021328892,0.474985912763416,0.252630504217938,0.0217390941718602,-0.20136287817989,-0.410606631253983,-0.602327949445987,-0.760548143916161,-0.889181326930385,-0.961347818892121,-0.999152535777638,-0.999284128806023,-0.942055283120296,-0.844346326872121,-0.693190844043173,-0.519515263252597,-0.308073982934246,-0.1149971950972,0.121097934022267,0.344438570327486,0.558147964384991,0.74710980662183,0.922347026628424,1.02433752262376,1.1316296816533,1.14642439278773,1.15483900058346,1.09941520088924,0.987137039247747,0.8487926968615,0.673633476831482,0.473251800805567,0.253592456836306,0.0225557663937014,-0.19579632252255,-0.402057089976064,-0.607384367947223,-0.758944381684471,-0.875456492793773,-0.977541890850326,-1.0193488248859,-0.997725038168702,-0.930268933651634,-0.834673792325797,-0.696056803297272,-0.523035748958572,-0.314905523599726,-0.116257293744385,0.131793363300151,0.339076153411819,0.551641188767716,0.757200690121711,0.90681405394537,1.03655124893746,1.11498487581675,1.1524074345964,1.14582813068595,1.0893427733821,0.98416333266691,0.857003161796621,0.674500358116908,0.480744881267831,0.262969336256809,0.0305815671955079,-0.180022143618136,-0.406025327782852,-0.59020749076547,-0.759308054802803,-0.878536044194848,-0.957557324456956,-0.999687903314975,-0.997613137378709,-0.937007068022427,-0.850666928611199,-0.703979282943368,-0.534192552150058,-0.330669946836704,-0.103230154774131,0.112040091943408,0.341609559241198,0.559091492606708,0.742193595031843,0.911729954482865,1.03263391987485,1.11820638430425,1.14459672572086,1.14957563455684,1.09835579349203,1.00377690726377,0.858117212618724,0.676758329575105,0.473437080462507,0.270636112217361,0.0313544375590645,-0.18244704027022,-0.397237293545815,-0.5933747131834,-0.761175206729626,-0.880676157595324,-0.968265236228372,-0.997065089307435,-1.00536952204279,-0.943844527577692,-0.850903156902751,-0.710216427207643,-0.52440602667033,-0.324108691467058,-0.105986785005627,0.116708904742751,0.338665315623563,0.55507135174452,0.739683736067239,0.898247398834922,1.03518969704194,1.1104081866138,1.14919079280518,1.1538731746991,1.10044542354346,0.991457846332333,0.857648051843488,0.685897321664865,0.479349019298537,0.261837559935907,0.0409081078374054,-0.187153759728489,-0.398329449556129,-0.583364038997492,-0.762241748398521,-0.883019570036336,-0.965376256693882,-0.999120604708538,-0.992581745123291,-0.950692298088456,-0.842597447202461,-0.718864935528283,-0.538122463412666,-0.328052685427966,-0.116912911895865,0.114796301122658,0.325304280420135,0.545537838579253,0.739467659947315,0.90858096806164,1.02106798076346,1.11223905075726,1.15586033065802,1.14623369372481,1.09193330982983,0.993393748184887,0.855443803341823,0.684772732831533,0.487789792486696,0.279940897567624,0.0421977129770638,-0.179341342642957,-0.384461759105129,-0.580644614686922,-0.744876008661578,-0.890783672463191,-0.969237412235355,-1.00958826166012,-0.985056078423116,-0.937292825512621,-0.841996463379773,-0.710010822208486,-0.532010621693134,-0.337518255527028,-0.110400246147885,0.11803679246847,0.328275577194386,0.531368287609413,0.731689305778094,0.893668768549399,1.02603118686332,1.11079957543826,1.15047439968929,1.14882590614585,1.0955889275919,1.0045363802631,0.856223396173112,0.68018109267452,0.49669237238779,0.276990400896698,0.057708839418335,-0.1837035874944,-0.401037047036782,-0.593752215387961,-0.759767692706524,-0.868975413146246,-0.970756944295215,-0.999834905206166,-0.987685273512038,-0.952353277012249,-0.852987608861655,-0.711427468970999,-0.540164407184556,-0.340049747327261,-0.123703572037226,0.104934694567875,0.332000395650555,0.536346570820058,0.735904980850296,0.89244002543407,1.01323619639323,1.10584076900048,1.1545238992326,1.14683788600266,1.09149568765751,1.00155276510763,0.862171676595136,0.700260210829574,0.490144491409344,0.265118160654167,0.0541669734940495,-0.160768680290926,-0.39323269485941,-0.586154226316686,-0.741985473492747,-0.872544481101499,-0.954802199421681,-0.997168345240873,-0.991293835470145,-0.937711968620008,-0.841202275154188,-0.716814581847247,-0.544392421844399,-0.347733037857058,-0.128059736594357,0.0938509561326638,0.323810170698361,0.537394327669052,0.732506011777005,0.895189029008075,1.02575286034316,1.10614953414999,1.14788211207612,1.14875044663043,1.09940734976963,1.00558668842722,0.866601208868792,0.699946469863257,0.501339627489906,0.28254001334886,0.0571873621459347,-0.169321542841773,-0.375382604742119,-0.564258121312031,-0.74668014698456,-0.873581187284487,-0.962288360918132,-0.999209653364364,-0.997952089178272,-0.946335151168816,-0.855606913203929,-0.709099565086837,-0.557948881112477,-0.351474749524708,-0.128373119533025,0.0915745514416557,0.32210178988778,0.526208007477647,0.726034629903034,0.892291412204892,1.02473691063442,1.10789320226013,1.16336766964861,1.1541672076174,1.09532499413431,0.998765937034448,0.870146922674296,0.702545132854443,0.505732118841133,0.285309059464108,0.05555182355286,-0.166621270675274,-0.379426197606173,-0.570146334284532,-0.739736925041247,-0.863274541981456,-0.95633453624958,-1.00411556796205,-1.00868476868442,-0.937027655806614,-0.857040135069469,-0.728027202286361,-0.54812780102066,-0.353868535544274,-0.134640480648604,0.0925096041472111,0.320576287473443,0.53217846449899,0.709455606231474,0.88742927617557,1.02398636827568,1.1100367493567,1.14874347423282,1.13908187739537,1.11056416030509,0.999263961950084,0.870158414447624,0.709267405858508,0.512268288538392,0.296182984726711,0.0578296256735073,-0.156150020730119,-0.373910600380613,-0.565480795940222,-0.746001710557416,-0.8706972000677,-0.957024967076388,-1.00381042744781,-1.00064977325334,-0.952991422267917,-0.844369338467036,-0.733009648417939,-0.548971941017322,-0.368017337164497,-0.137271921920586,0.0785991199420181,0.309037923999548,0.511182806872502,0.714330245671327,0.88907649607215,1.01274604507793,1.10191945765997,1.15898732654563,1.15086980019041,1.10588670550562,1.00994866968494,0.873930363536073,0.712039321440495,0.504173978537526,0.301764120956456,0.0720143390625865,-0.146567399734819,-0.373971544632144,-0.565382839064284,-0.728382842483864,-0.855122683721907,-0.952838660263226,-1.00775807833493,-0.998538713747125,-0.960327971654962,-0.865393643848242,-0.728631040166004,-0.562408179879805,-0.359018055066019,-0.144859948884892,0.0725999675945591,0.308007825310394,0.512489486002975,0.710454268319544,0.876769579089979,1.01081357125968,1.10606525244683,1.15418352677351,-1.00195411680976
