-0.192258494020637,-0.0632597015367231,0.176286745544824,0.408107850255593,0.59211297446488,0.790662680812734,0.897506509813491,0.978902970527894,1.00615453792542,0.97977038069299,0.894926587712003,0.773979494027988,0.611463484867263,0.41491106957088,0.17935330031859,-0.0655802848338549,-0.314352154965503,-0.560208747479689,-0.78018620927531,-0.983397998181028,-1.15292016524925,-1.2738041163135,-1.35821227109004,-1.37223262469193,-1.36040476653193,-1.26821468545525,-1.15288791875394,-0.98925155852221,-0.787887739095787,-0.560611972326873,-0.31476191975944,-0.0727425405109158,0.173406313782879,0.400020173399923,0.595522680317471,0.767829061710856,0.88960769885704,0.96263672014936,1.00413669697131,0.964685858758834,0.898445498042619,0.768822291029549,0.612207325651516,0.404781584988276,0.181958210876182,-0.0651388141824763,-0.316722894312558,-0.548895469213916,-0.778095281503943,-0.98404095196969,-1.14601287829442,-1.26803588745634,-1.35388873514259,-1.37248758759139,-1.35937848838388,-1.27002601123349,-1.1428819714332,-0.98594204698611,-0.777871113795775,-0.556628475693933,-0.31125904958297,-0.0731695970165646,0.177557168953752,0.385434083459929,0.596947717890512,0.75726154925944,0.869582559010218,0.96273623243849,0.979155556703872,0.9579708156603,0.878101428866929,0.76093008864938,0.592798438036639,0.396716349414309,0.179089816612955,-0.0714869546303874,-0.308786044372319,-0.556944313333781,-0.778815459438333,-0.966917468524005,-1.12811402639932,-1.26119144819537,-1.34067331955961,-1.35968735450733,-1.33453514163026,-1.25837701993423,-1.13183053062188,-0.968188740616827,-0.773130643839207,-0.554741613440085,-0.31284854267238,-0.0734295837534574,0.16724209145061,0.376689808561337,0.576312885575973,0.730921793661928,0.85895321660342,0.943869783444734,0.958122797569346,0.932000992472193,0.864933626599348,0.735629797682033,0.578552437411371,0.382728580165307,0.171388992785742,-0.0744845618387715,-0.316267156693739,-0.53578313286429,-0.767406361091344,-0.957216885878838,-1.12193634252946,-1.23583199396439,-1.31180526455331,-1.33950519131646,-1.31373121402333,-1.25410830048995,-1.11030124296148,-0.956003901298136,-0.772064546502592,-0.545387815781448,-0.307988426226596,-0.0761675674700657,0.151512351285984,0.368023121957442,0.549500911039749,0.710416951853539,0.826723886531669,0.90071111069347,0.928931539206229,0.906562107648653,0.830580535711408,0.71961495469025,0.556896269852874,0.370032005561471,0.153420054290703,-0.0634293142316529,-0.30664808338579,-0.545440001801684,-0.746443388070245,-0.94393569661285,-1.10295154965742,-1.21576280572315,-1.28132674397979,-1.31428465111398,-1.28269974307739,-1.20883613389259,-1.09942559573401,-0.928420857069091,-0.752685401695076,-0.526489943290086,-0.323534355441567,-0.0735083927960166,0.139444343921108,0.354020336630029,0.536709225766858,0.680871068067908,0.79117473908694,0.860018873599806,0.889897808043797,0.875619468514338,0.799535696200376,0.678781067312431,0.515152284913888,0.346159393466047,0.143937908262701,-0.0734518892976344,-0.299087034694201,-0.511952155620976,-0.733205618689433,-0.908058242582123,-1.06311949851877,-1.18401069682414,-1.24473331483532,-1.26369201654975,-1.24432029134084,-1.18298262752301,-1.06746535859069,-0.91144010945665,-0.728886833715501,-0.521532387814196,-0.297825681477753,-0.0866731115597602,0.125625714511027,0.3157347338347,0.491441724933208,0.640461371784168,0.74401776211031,0.820574382798136,0.841192172267355,0.808961382196036,0.754698076634013,0.641486419656234,0.502933231029916,0.319208953331102,0.123616451058043,-0.072653641065149,-0.290277853489753,-0.503554870102469,-0.705084063199593,-0.868280873748391,-1.0152415879729,-1.13032115571451,-1.19389688108887,-1.21375753725972,-1.20556338829688,-1.11649962694194,-1.02708656672985,-0.87969161238265,-0.710368288579773,-0.51416719204702,-0.294167648665066,-0.0992514883972957,0.101051093274179,0.296304476373489,0.459459897063437,0.590925738594123,0.688120435971473,0.754411227966529,0.782669813279137,0.756983119880553,0.693520794516276,0.591921084761421,0.456596339757387,0.300817287520662,0.106050600491175,-0.0923813283827212,-0.301925402274724,-0.483382695938073,-0.670216299975946,-0.842834199620545,-0.977988305129769,-1.07826019977345,-1.14407697660087,-1.1557064168573,-1.12854120802682,-1.08018768003665,-0.96930145310955,-0.846941144794813,-0.674866668098761,-0.497876961158049,-0.292590844177837,-0.0912568917118071,0.0959953041985465,0.275602150726603,0.407715470351507,0.548155800566873,0.643225445569082,0.69398797198967,0.722079243860906,0.701739014541404,0.641534323618431,0.550183047607573,0.417423795032337,0.270565856278928,0.0860469932103035,-0.107442366072176,-0.296403119616513,-0.477245798894389,-0.650948628083776,-0.80257246827903,-0.926534642426247,-1.00983401767107,-1.07722809016329,-1.1062496785054,-1.08000439587401,-1.01707367733865,-0.922326264021556,-0.803762051032241,-0.644580423939198,-0.469983476396016,-0.286387571376522,-0.0967721322067324,0.0711452550868051,0.23403784360451,0.367181972497693,0.489356907246398,0.5817434760209,0.629882215303348,0.649175282243032,0.640998725382764,0.561357619979407,0.490636236633623,0.36453411124229,0.22326409274795,0.0700499062071851,-0.107802918895303,-0.284066562426991,-0.452680942547994,-0.607889243620549,-0.75949091506994,-0.848483513238263,-0.950895581470456,-1.01954584848213,-1.03882809110364,-1.00993982773628,-0.958141430719235,-0.871953161207363,-0.754767080300053,-0.609186987997845,-0.447489201143491,-0.284713426481251,-0.113002943471988,0.0528650092515354,0.187977283270662,0.320414067259684,0.433789104242264,0.509792060824213,0.562690708260819,0.563250588583886,0.559831394081229,0.503836064934949,0.421334371679614,0.314312783114385,0.187077238677844,0.0470224567270297,-0.110253644625912,-0.267482509544694,-0.424736949442883,-0.567924190599537,-0.697195049530515,-0.799079100010924,-0.883978102822274,-0.936751426806787,-0.961751598244259,-0.941819320228227,-0.906557414311449,-0.799632422531293,-0.695097304211815,-0.566197415895643,-0.435684656146939,-0.260244724510964,-0.135081565092481,0.0298129984755647,0.149978541895392,0.255974449617592,0.356684670435799,0.440394277096116,0.474808611697932,0.489682124930957,0.47010092094006,0.428517249196066,0.366206175247423,0.259135768936143,0.154067576341988,0.0176696154931241,-0.110546791272754,-0.260052938903548,-0.394704375561433,-0.537166427510563,-0.649069608532694,-0.736870039872414,-0.824068430877469,-0.853173252480578,-0.869525345369285,-0.852231801458656,-0.811060761378092,-0.740086374784209,-0.653194222882698,-0.535882708011695,-0.395789854634933,-0.266309071501959,-0.131116708848606,-0.0135505972708498,0.0989244415583967,0.20351973184622,0.293016684532421,0.361836287544896,0.38983336770708,0.40941866685998,0.39500868092422,0.351824709587075,0.284254527637892,0.211302625370736,0.108764112218633,-0.00769358070596121,-0.138417175522487,-0.250792494705672,-0.366198096913345,-0.476901745348876,-0.58734124065038,-0.664496784221069,-0.730565376020151,-0.760672483235758,-0.783301259824164,-0.761285140009118,-0.734771081184461,-0.664718744995247,-0.584840643529322,-0.490477824343959,-0.375314164004955,-0.253857020864746,-0.133066048059646,-0.0398728197987028,0.0693209791896341,0.138057494563232,0.221855984970149,0.262816468028597,0.298576773890854,0.3111594504898,0.307934938504082,0.268170703234382,0.221204340521914,0.141338070232093,0.0510735731554265,-0.0423685252402707,-0.143313049357252,-0.235823569504369,-0.344289553269006,-0.444745333033514,-0.527082408443115,-0.599524566972315,-0.646429785766166,-0.687615185723401,-0.695293324370946,-0.67170418595259,-0.652217957548037,-0.595974821253746,-0.527551263282086,-0.43979048799766,-0.347488853341904,-0.248475078187005,-0.143189677822015,-0.0752724273139404,0.0193077492321252,0.0805414172506044,0.14449541699719,0.177283930386175,0.200694996631921,0.216994005373776,0.210341677738996,0.182585988358885,0.134106097880918,0.0766274444018825,0.0190645753155441,-0.0639363929855823,-0.142893422872247,-0.245381236152511,-0.313654362731981,-0.389571786086334,-0.457564643017136,-0.525620055476021,-0.562312787759131,-0.586499603450627,-0.60259872121632,-0.580292643053889,-0.559081857464879,-0.516407616486899,-0.471390153057531,-0.392068174793907,-0.318149723090984,-0.222330665653143,-0.160259917249255,-0.0926696575046589,-0.0369490920269101,0.0106447427470926,0.0549223030971764,0.086271544802612,0.102537964431848,0.118259793488998,0.111644437558936,0.0846645594908088,0.0643631953015485,0.024519687428688,-0.0286260501162397,-0.0927442617901622,-0.153774878993601,-0.220226028972215,-0.282259107529656,-0.349566689074451,-0.383660865323892,-0.436808000374049,-0.476428431766186,-0.491668984940759,-0.496016000244706,-0.483957864235512,-0.481872847239469,-0.447715970903563,-0.395014969875066,-0.342116560286548,-0.274622046109033,-0.222881603726976,-0.177233610001947,-0.128065432891798,-0.0771962442505747,-0.0563752421895826,-0.030300734371787,-0.00403106406167758,0.00959453720336958,0.0140296504475201,0.0182514459989418,0.00670369178390839,-0.0112704436288609,-0.0413398440209282,-0.0857724464967929,-0.128084228334778,-0.182807835315059,-0.217339713759826,-0.263669746298279,-0.296042146355795,-0.33137330829178,-0.359129422718936,-0.384140213117277,-0.398874993533304,-0.397655999034758,-0.392779923841468,-0.386354358710693,-0.348803176537893,-0.31914107551496,-0.290771549601044,-0.256361392485534,-0.216749756896372,-0.175941686715733,-0.173726328611452,-0.136809141409914,-0.117146834368817,-0.106092879145054,-0.0905616956430929,-0.0884864848368565,-0.0920035690934663,-0.0860674644088599,-0.0895831041412886,-0.110942239924645,-0.118619960704478,-0.13429659772563,-0.149674180520775,-0.176777970097807,-0.192800822399057,-0.227686875212725,-0.239312551688943,-0.265917584146236,-0.267394022746812,-0.27941051594112,-0.299457293735297,-0.28886461142216,-0.286824589389076,-0.293798080000063,-0.278842831692597,-0.257393715686066,-0.2374239107263,-0.219898110970698,-0.198422268747502,-0.189069011608683,-0.184111260100418,-0.190571672887953,-0.195622798135644,-0.189075107070488,-0.190378272484744,-0.200735024458787,-0.191187297443278,-0.199859876485242,-0.189888950935893,-0.19268313030329,-0.190796502667421,-0.180322630315667,-0.186952057245417,-0.196399146674915,-0.188848110889522,-0.183857917066562,-0.180395669978102,-0.180630501453659,-0.194985979632567,-0.190970715433715,-0.178869085183976,-0.189653671370519,-0.182522420894169,-0.203082029502408,-0.193775850474475,-0.199365840247248,-0.193705858135466,-0.187149587315484,-0.191091269459462,-0.203837228356649,-0.219214787951299,-0.24197467062566,-0.263012154960591,-0.273827308541704,-0.285927295618927,-0.288161793328179,-0.299166042615132,-0.289195930581038,-0.273821931336058,-0.279210409839038,-0.263527102529658,-0.235880734895878,-0.225333562148722,-0.210959783699022,-0.170899196308296,-0.1433603865969,-0.140352508254612,-0.112376964181476,-0.109235779638566,-0.0838868131974476,-0.0825902081232283,-0.0732781258915938,-0.0922302306511855,-0.0983820922289701,-0.106306644133229,-0.116112939302027,-0.14009765908281,-0.160777907819527,-0.177060292417743,-0.218379935779989,-0.258274057963867,-0.303215495412267,-0.322302533779219,-0.349864545549401,-0.37374495089232,-0.39667702748653,-0.393870643524123,-0.378490442403178,-0.377166946318201,-0.35123334316461,-0.333537586433487,-0.294429023609963,-0.235587157584654,-0.223750785446183,-0.170776592466112,-0.12718318823318,-0.0795979948802408,-0.0546475766109976,-0.0153353014142529,0.0047229118634576,0.00785581221647243,0.0087355726717445,0.0106498697486846,-0.0114230377820954,-0.0338298364415747,-0.0584327059113737,-0.0846021315277651,-0.135929920154585,-0.173116796376458,-0.220006455831539,-0.298758143119487,-0.349641795055124,-0.411619670792814,-0.439213925106533,-0.469895756940545,-0.486222834992565,-0.503070266759208,-0.491309831531942,-0.469316810298816,-0.431291441722223,-0.38860347278525,-0.343157807598466,-0.285230449755788,-0.228124065218995,-0.16629914114454,-0.0944555061295889,-0.0376969888868489,0.0208629234624055,0.0615795610522955,0.0876837706159131,0.116968021600011,0.111024912547448,0.100234162981082,0.0908742776359596,0.0588432631523087,0.0189154756128212,-0.0356020356186691,-0.0884175771692388,-0.154085074147423,-0.235234395786009,-0.317485103753245,-0.38486299591428,-0.458404866118615,-0.5140422966275,-0.561882830086125,-0.586023054773337,-0.598808667663207,-0.58045678696805,-0.567678303005172,-0.526391095780194,-0.469103020662363,-0.395516766908561,-0.323141858947153,-0.226569209669097,-0.138124332017514,-0.065204042863464,0.0200565348753589,0.0863406305601467,0.137243635289039,0.181374336614145,0.207899812988001,0.230182453880667,0.202678193642594,0.187250672262763,0.14326521572025,0.0764736793043497,0.00803204044444402,-0.0591844277634906,-0.145477282818463,-0.253816556542883,-0.340208818860958,-0.445280303596137,-0.523674893880996,-0.599975180915242,-0.648083306586691,-0.683697816378726,-0.696964173377429,-0.671601223394703,-0.652035942233297,-0.599615943322556,-0.530092324218103,-0.442638424375203,-0.341007398337275,-0.243360798172266,-0.142064336748453,-0.0271538855734397,0.0617239592012753,0.131272988636965,0.212831240988456,0.257563629271482,0.298745384526915,0.312612325396792,0.292363418499635,0.274172170044617,0.220196370662366,0.148514264332601,0.0626822277919532,-0.0302580963427295,-0.137756187845133,-0.253114043651341,-0.371906369458906,-0.47265382006191,-0.594204917462716,-0.664194321145904,-0.732222326422934,-0.765552624767161,-0.789906828238304,-0.779738190100596,-0.727713113102475,-0.66505661425157,-0.582517091043404,-0.489895035241937,-0.376857641177338,-0.253858701430084,-0.12943776782236,0.00296008045205253,0.114754903980794,0.211457238964933,0.300444835147754,0.352721897952383,0.390262101725495,0.403808862748511,0.383795768028281,0.349991377165468,0.296579583938138,0.21332518724853,0.106622907436468,-0.00798627686671981,-0.127374106454806,-0.259770882765443,-0.400769010781939,-0.524492698273141,-0.644149356990243,-0.746421489559316,-0.819247406881699,-0.860866039295693,-0.872530691940794,-0.855484320700339,-0.817269476510692,-0.739749250521588,-0.66335711553535,-0.526414939736188,-0.408461140552777,-0.265302694148077,-0.124468344510378,0.0289548566073589,0.161748526937934,0.269100000359112,0.354083389834997,0.439438141363065,0.492556356931431,0.494365583883899,0.484695893865569,0.420379575262069,0.364932450564006,0.275007201352885,0.137959083569559,0.0278732924877375,-0.126663327781153,-0.268295055056029,-0.426309744006495,-0.576638739096006,-0.704847477879985,-0.805429590687825,-0.889365358139686,-0.932619893819387,-0.955172677843954,-0.929019358164489,-0.88883793661714,-0.80536370905297,-0.698338157729932,-0.579572493508215,-0.436065403637406,-0.27359377003566,-0.111588845761508,0.0510398918298903,0.189936637288824,0.317291463996366,0.433106895286379,0.520630456446097,0.556665075675053,0.582247826122833,0.564344206490171,0.505771442537422,0.427895010003137,0.327666931311528,0.203881939550673,0.0402248541437946,-0.118474754434024,-0.281879358784358,-0.451956428384444,-0.613060429118381,-0.759136249279466,-0.87318823240882,-0.968677999603132,-1.01237626782273,-1.02456839998019,-1.00890613374236,-0.950977273256998,-0.87826545553154,-0.753437338744717,-0.610886263964663,-0.457880167045022,-0.283097335880857,-0.109404757777776,0.0770171963429325,0.227042348589163,0.368081313367195,0.495346024937602,0.582185150329149,0.630568383366635,0.644383634105708,0.630420192698137,0.580321831314407,0.488375290236875,0.373212282159037,0.232871738917726,0.0692985678858523,-0.0948983864104381,-0.274589321787021,-0.468880885380002,-0.641970562362037,-0.798363075392961,-0.925479347468639,-1.01747600110921,-1.08458912579788,-1.10929811710715,-1.09055582127387,-1.02651171552165,-0.915649372672171,-0.795625233198028,-0.654103706740199,-0.472553116614838,-0.278598007661838,-0.0973277270462208,0.095322337281751,0.256867637377823,0.402958666484299,0.555950896624281,0.649711391662397,0.692931059884193,0.720276679634574,0.702023730112107,0.645138268835363,0.546876493836651,0.424565109552771,0.275502681526409,0.0867282127648057,-0.0851040755923989,-0.29642914441493,-0.495181788080596,-0.67212088989973,-0.837185550189931,-0.967470992977088,-1.07612464149741,-1.14722636210683,-1.16028704168675,-1.1398605444107,-1.08840014570706,-0.973759990131947,-0.849867747228783,-0.674406023225995,-0.488772080454322,-0.287099141737615,-0.0914242456688852,0.114630775775565,0.309594194212836,0.45582839626036,0.585927868476908,0.691730414124482,0.769662433565427,0.777815858421767,0.763134453942935,0.689697297295967,0.603095545178526,0.463751929745649,0.297670303681669,0.114247627308018,-0.0879271777579203,-0.298869110314044,-0.514931859028364,-0.701409788906152,-0.885027164492748,-1.01652915242624,-1.12619484588658,-1.20050473741104,-1.21879850759547,-1.19143943980226,-1.12477082943644,-1.02674275984326,-0.879674488987942,-0.702298832800178,-0.500176986301621,-0.301102212153762,-0.0889092667193513,0.135447573404323,0.327352675489622,0.500699326764537,0.642759091911984,0.737787385606574,0.829795835122632,0.845946119065102,0.811122829763814,0.744854496101236,0.639159739791534,0.50466275941428,0.32654676139206,0.121699720281886,-0.0714064212376468,-0.289851737738071,-0.525019288176366,-0.732604163884823,-0.90631703338839,-1.06576288292419,-1.16772549102819,-1.25181173991056,-1.26292278821723,-1.2328915409605,-1.16637254506397,-1.0528777447384,-0.902402472201914,-0.724754343932685,-0.518728505011992,-0.301019973468093,-0.0725880015262422,0.148591681642262,0.344622365112105,0.529163146314526,0.678889426021151,0.805089532568317,0.868163975076888,0.889767581268862,0.85769512862555,0.790060720943768,0.676634572725527,0.530192616120423,0.350786722546119,0.136771232578539,-0.0735420692960707,-0.299045170179015,-0.541523096232126,-0.745323000390939,-0.937016952334661,-1.09260156532887,-1.21011410069975,-1.28391482366861,-1.30466222359396,-1.278327007962,-1.21717163919865,-1.09695059642355,-0.937907732503065,-0.761792283068037,-0.541224073333253,-0.303618225686528,-0.0746928421498436,0.165140944028425,0.361243807941799,0.557670082538051,0.717029481456139,0.830512007887231,0.906811120312179,0.927228327176865,0.913711087420205,0.829860849221864,0.711664718729986,0.563147060290885,0.358307099324433,0.160067053856205,-0.0724406104659744,-0.311088516713625,-0.534354373203172,-0.770473245850935,-0.94887567546782,-1.11725886356304,-1.23288575893775,-1.31473508397437,-1.34327378167852,-1.31985295948603,-1.23919600457428,-1.10737564723461,-0.957731909555797,-0.760911734503315,-0.553371961540084,-0.306698145129733,-0.0800108199960036,0.172037454487537,0.385998793505829,0.572219586678557,0.736668757705796,0.859236122033201,0.930237588776398,0.956624719923345,0.940516809089841,0.851577203624565,0.729547497058477,0.574632349245099,0.383576855760373,0.15609110122473,-0.0751876829302944,-0.306495698508261,-0.545949457767343,-0.776245561926787,-0.983717920357609,-1.1339528065331,-1.26742335677613,-1.33620814947448,-1.36251847277572,-1.33333790059701,-1.26194817844842,-1.13970656803181,-0.969642510226603,-0.786313531876025,-0.553378880833538,-0.305332119789411,-0.0666868370220964,0.175798050682869,0.391132753929649,0.591121016317931,0.765083708216677,0.869833153197819,0.949713879796504,0.990083459428884,0.949925050967686,0.887122028211222,0.754688634037387,0.600849481548397,0.391859770345674,0.160044330350081,-0.0688182217671699,-0.303504033306162,-0.563485090163673,-0.774554049112449,-0.988593684232434,-1.14437364516849,-1.27793372800069,-1.35670717906253,-1.3848270908136,-1.35080537553084,-1.26973900494195,-1.13435754862334,-0.992766885346616,-0.788258619670152,-0.557154674964104,-0.311986888205868,-0.0730218272021352,0.170553374548449,0.408018384819962,0.608865449968754,0.763370232487847,0.879574308535478,0.975243764057138,0.986372670070484,0.973836766215785,0.89115533477999,0.765425611033638,0.598856638301941,0.402666452067164,0.174475209868022,-0.0664774423397977,-0.306140311034903,-0.559304881200396,-0.780133774913722,-0.992233865354917,-1.15246302628418,-1.27075082974712,-1.34807194350598,-1.38214675311785,-1.35967696383375,-1.26884835579936,-1.14775526864654,-0.98564457170931,-0.791341004853552,-0.550697164602704,-0.310805985807399,-0.0679894429158173,0.179088670178029,0.403241484619565,0.605638444711757,0.775362354426512,0.88564783743243,0.973002651872678,1.01018026701989,0.961075670563844,0.890797746926662,0.766099939965821,0.61164354622122,0.407016476963104,0.189701922126396,-0.0600509892929109,-0.192200878010264
0.16203374325777,0.160188065712756,0.160913179791177,0.158234204119845,0.158921746607818,0.147062580529854,0.142727886583922,0.145355076350604,0.155238581078345,0.152472047684324,0.141260981843547,0.155861820665485,0.163444901123796,0.14785992506219,0.161892676671464,0.157626018781915,0.161745732239592,0.170451077450331,0.169946837157369,0.16946703455737,0.182640332313448,0.170978411631469,0.171169601085937,0.169617740476202,0.166895608566147,0.176623243985979,0.169808720620491,0.162016594212,0.162660653485381,0.167903349907039,0.177552088123187,0.16948232600152,0.195263767451802,0.199759322027598,0.22601058374362,0.224330926355196,0.244009377037623,0.245392718926979,0.245228616800317,0.244309252074699,0.241443662683464,0.224751958460984,0.216562810070666,0.213028490933183,0.195346963158901,0.175897532298764,0.151638686664378,0.141791203057698,0.114439568105547,0.101808531590772,0.0872486975147284,0.0982271614827848,0.0850977402806963,0.0815199747536204,0.0902049318228506,0.098307333254504,0.0896167808253393,0.111563296014788,0.119328672737866,0.135413128634025,0.152255168785411,0.183214942371876,0.215671754238934,0.242318909246146,0.281084051188858,0.302592320498894,0.319779626039248,0.334054337371025,0.337583068711456,0.346243759515062,0.320698183334189,0.300973020935333,0.28014207682295,0.255876424527819,0.204231462745101,0.180649094781968,0.148977358546011,0.123506124565921,0.07113820323588,0.0419510717257471,0.0319605317415355,-0.00296024549382861,-0.00927049226264753,-0.0131239257368318,-0.00451519103977524,3.55156562115819e-05,0.0222030580299452,0.0448390351182486,0.0748885309715711,0.10992128024698,0.140914439049348,0.19701821505262,0.23801898238542,0.293173320420529,0.345610412219141,0.385344082503085,0.417851109893041,0.42131961667507,0.432078941694309,0.436889543563574,0.404234204665555,0.36250812824066,0.340563073991143,0.302848725701165,0.24547382185166,0.191436475742672,0.142636656791965,0.0766203197988787,0.0438155975065386,-0.0237539530253866,-0.0525776115968103,-0.0802600548418116,-0.109131133044687,-0.101292862965732,-0.0970506400694937,-0.0851299158127467,-0.0515082645937302,-0.00873940665665684,0.0257809855518002,0.0759819028533329,0.129785425831126,0.196939047306263,0.278006940010667,0.338069815576691,0.409030576992248,0.445240040971296,0.494764765151339,0.514938381621169,0.519324693297887,0.515824536143855,0.491125904134465,0.456175580346769,0.403278703164415,0.339535813559048,0.26888389812209,0.203047931024021,0.122604058765752,0.0408658882463583,-0.0112889810603641,-0.0741433114791203,-0.129182066460719,-0.170789586429662,-0.189503436980803,-0.18271158333861,-0.179780017792423,-0.165146712238759,-0.12412672193569,-0.0697693318895334,-0.010931080959582,0.05044211043956,0.128594697598326,0.213957188502386,0.297369936840898,0.379589989835557,0.451596286210354,0.527376465643711,0.571654887326907,0.593098857042035,0.596851350319317,0.58359869445609,0.55881132567773,0.524214517401642,0.467291561375504,0.392225914540068,0.318074709853845,0.219820663849792,0.123789492489116,0.023634300276034,-0.0461907703666506,-0.141364771325142,-0.192588098492719,-0.244644409689867,-0.270041752222605,-0.277865529469713,-0.265424971410191,-0.239463943138231,-0.19634234861804,-0.133843004739545,-0.0476598691398656,0.0263984325371132,0.120220925685616,0.219834564289117,0.326445226708037,0.420059050313684,0.511336846834547,0.576667915687286,0.64130214445989,0.686679198784173,0.680532935979726,0.675929951152428,0.642572253154706,0.583728087689462,0.503148989357168,0.41936573763942,0.326010370679467,0.230099154060424,0.106990951041407,-0.00610960877298684,-0.103003732319553,-0.192412851598512,-0.271292610741377,-0.306708750007458,-0.358495201449731,-0.359215197827429,-0.349714764242564,-0.31518898750481,-0.257750070736277,-0.187882255035396,-0.107697101610705,0.00381191878627206,0.0989508740943966,0.220245817508197,0.353075230206458,0.466921898704808,0.567250245100379,0.648438658043206,0.717523316787397,0.750919307573121,0.773997495802594,0.752168072537333,0.710876750966285,0.653446963937543,0.566662894942457,0.459719905203558,0.359189270886549,0.227248558739519,0.0974527493306168,-0.0343235000812995,-0.136488627546642,-0.239814927331803,-0.323268495864974,-0.379713086054019,-0.426057036548758,-0.441762735288564,-0.435268389364244,-0.395225248956524,-0.331254675989637,-0.243138402006437,-0.138753529114575,-0.0324174237395969,0.0978081700655803,0.230045868683582,0.374580428508961,0.502694490112494,0.616474659890138,0.715844029494724,0.774538570265216,0.827960069334611,0.841954371941897,0.835682370230458,0.790031236749973,0.715882296082942,0.616596589834749,0.505314665456894,0.378226264800426,0.23383980111512,0.0973973545137314,-0.0490609960227325,-0.17525015274142,-0.289231396935749,-0.380142488688789,-0.449570091077892,-0.49709052164415,-0.520998632493559,-0.497539896632591,-0.449515623291887,-0.378961664051433,-0.298279645939365,-0.171573859821759,-0.0432008373495176,0.0937265696773148,0.243799635158616,0.396632079301237,0.523062750137469,0.65162941711725,0.770642027496292,0.849688927497309,0.887568014133295,0.91112629854865,0.890160193049549,0.854890431195904,0.762626426609946,0.65273733634247,0.536419841942137,0.395820428091775,0.247058764938011,0.0942999288994293,-0.0618397435943257,-0.215206925112849,-0.347920225839432,-0.440583486892623,-0.517670183154706,-0.57248259030215,-0.582064275098599,-0.571604066967702,-0.517156698354746,-0.440817880847282,-0.339427849339541,-0.210529462512343,-0.0647993218554176,0.0874682726261506,0.248652394268074,0.403951475333493,0.564544545441357,0.715244920228284,0.825624932397812,0.906803213686112,0.956698036495332,0.970694866089788,0.956080815140111,0.909112002529051,0.81913668064043,0.706448564739826,0.570270535293634,0.430346929931251,0.247847400738598,0.0828643381427827,-0.081179686082761,-0.249857786598942,-0.383516193633602,-0.491270976563829,-0.581309827872793,-0.630206879048874,-0.644196010839584,-0.61889586998084,-0.578566799424172,-0.498714404615386,-0.383886453630599,-0.243763685289452,-0.0747631370535334,0.0927298489232485,0.25030388602138,0.433119613432724,0.590162153118639,0.742700920725996,0.860813835794447,0.95489454634832,1.01851580565256,1.02397991406383,1.01911410639899,0.953946459460385,0.868458874145934,0.738690785060159,0.601561094455103,0.425366228631073,0.250924278466134,0.0688963641378442,-0.0940963866578477,-0.26929262051187,-0.421172100146181,-0.543177743046234,-0.628241477019697,-0.692222049563425,-0.69466879124712,-0.690066810975878,-0.632117966570221,-0.524425195174502,-0.411656276494453,-0.267173977348782,-0.10574398863369,0.072645291460936,0.253331973244101,0.447641483080992,0.62355024465993,0.776876829733559,0.912356484594736,1.00232067593976,1.05958625065546,1.07303802666987,1.06339556285947,0.999906171563191,0.905281144664264,0.776895462303846,0.624422508250417,0.448052639292606,0.247353059327258,0.0735343922412648,-0.122188796310344,-0.291493770696453,-0.452005861720958,-0.576425873092835,-0.684188306131948,-0.730164376583719,-0.754831492028485,-0.727834557368273,-0.68062036671318,-0.584397694983347,-0.457455746147714,-0.30292770837124,-0.109556093755528,0.0642886167359146,0.260103689104352,0.464170386329029,0.650667032582254,0.804577125076018,0.928823780193701,1.03942703395328,1.09640782317164,1.1229206997398,1.10172967922055,1.035489153214,0.943363743535971,0.804421516024808,0.649473988175379,0.454191737407857,0.259789246488931,0.0612818073268497,-0.13965766022749,-0.312973918377447,-0.487594761235671,-0.61038442068834,-0.71504142814364,-0.781359868926957,-0.802897674791412,-0.772168216182521,-0.716621763121469,-0.615469992199307,-0.479068100069808,-0.325445662946521,-0.132419064457761,0.056018088840538,0.26057805424996,0.480530280111039,0.665624691857363,0.837731378689268,0.96934995930291,1.07712746833557,1.13568299224177,1.16208522782258,1.14954072244828,1.07486241702233,0.967755480087906,0.835384085305253,0.675607068235137,0.472230963040402,0.266658291073738,0.0588004166669507,-0.135900325287123,-0.343932346481678,-0.505246115141343,-0.650259955759635,-0.750770465166185,-0.801526458428933,-0.823577401934683,-0.818694401919231,-0.740092030678051,-0.652406792942321,-0.507829731244029,-0.336663566153979,-0.146488351339315,0.0610147862588303,0.264996183384208,0.488737942109506,0.681540131299509,0.857355411365305,0.994485966227895,1.10856488940753,1.1671335823585,1.19061965511568,1.16115821122975,1.08935377207022,0.985864961715754,0.850143669260864,0.682347560486403,0.478089805957275,0.273821113130883,0.0552477018559223,-0.145271308475773,-0.349666810797723,-0.533494251029609,-0.675885794862553,-0.778946896858039,-0.848091604159691,-0.858295587605284,-0.843483755716773,-0.773767760516897,-0.669435718578587,-0.52790990811513,-0.346736336403672,-0.154963207190246,0.0478429356213348,0.274988481156959,0.490652744946516,0.689621380295988,0.861535190433444,1.00725069918054,1.12543637980804,1.174154414248,1.21838474407486,1.19358337968069,1.10893492366897,1.00839937643397,0.870450400716057,0.689320365696962,0.494824584579865,0.275653472369389,0.0590312147695804,-0.15462930159637,-0.368318716837969,-0.538670833954461,-0.684516415043096,-0.787832315192129,-0.866634578324724,-0.888537908336113,-0.859098837077904,-0.794609738343745,-0.689529229423526,-0.536211966614176,-0.351143669130442,-0.163133511610375,0.0481879810275119,0.267288339526528,0.494953383409923,0.704226942497151,0.875257849028156,1.02523611002862,1.1266440078897,1.20071661701347,1.22128281287611,1.19430421635949,1.14197655363125,1.02324554266122,0.876429944087223,0.696582630812977,0.480358105686366,0.27581792088821,0.0444572629165449,-0.163652685856491,-0.368841928606679,-0.538647215220714,-0.694554398753206,-0.797551397764142,-0.87627126073255,-0.890147238011919,-0.875812073288946,-0.799250874945644,-0.687809397846033,-0.53935472884872,-0.364104695699917,-0.15274049773758,0.0654061867476692,0.274867917127506,0.497214876058078,0.692667469634786,0.874572138227913,1.03834830963496,1.13470110569875,1.20347796251598,1.22255561303971,1.20474781741851,1.13785525777327,1.02910978951458,0.889808170480699,0.686458212229968,0.497627905785994,0.265859909734163,0.047274347981259,-0.16708665475091,-0.363706866401263,-0.553914988066237,-0.690838168607122,-0.809222014885107,-0.882357964131453,-0.900758117021641,-0.879482303932698,-0.815569640401201,-0.707190323261642,-0.550570139680154,-0.368664355996442,-0.162254880539768,0.0618545681743088,0.282852851057359,0.477391418504712,0.691886283375491,0.873822710217863,1.02734120188476,1.14130230889955,1.21377596887433,1.22407398270427,1.20542443345448,1.12884516882512,1.03458542337417,0.872721173725283,0.694161763420751,0.48774034880739,0.273575196901391,0.0450279527353032,-0.166426033630147,-0.36815958118496,-0.537633741934271,-0.685782943345579,-0.806317876501973,-0.87057783205505,-0.898802545779765,-0.884157091898785,-0.814672090873033,-0.701615223044525,-0.562158897447774,-0.382151327023977,-0.161748768969009,0.0559496893360179,0.269059119972248,0.48096591662452,0.688955635161345,0.868900405598087,1.00882032556146,1.13121135476209,1.19206928165203,1.2236701444975,1.18930081504233,1.12746038081991,1.00260426442225,0.859179697333776,0.688235523111783,0.49583857470577,0.270361898035714,0.0479763230625247,-0.170420306153918,-0.350525761474526,-0.549817503082139,-0.689983876412546,-0.790648761429206,-0.859584842802302,-0.884703658308346,-0.856043369858208,-0.800519219930611,-0.683257607583577,-0.533270608643971,-0.370568794008866,-0.152196301920787,0.0550026234897318,0.26643419625159,0.475938108045736,0.676297108627661,0.852475720050952,0.992552100302516,1.10800239431969,1.17287744277591,1.19760903845733,1.17845365627302,1.10428090670229,0.999925227616711,0.849827659210875,0.67044349747151,0.476483818253795,0.273045762427642,0.0527926872000834,-0.157712459280699,-0.353328857945717,-0.52901955985379,-0.665011591559881,-0.789576939641469,-0.837313978381505,-0.862906532658026,-0.840813702008867,-0.777545347833683,-0.669270126285311,-0.532102960765429,-0.350845247928605,-0.155854493656095,0.0562393003957947,0.269205835277159,0.470489547835302,0.669880879247494,0.830622075112936,0.982879220576714,1.08009083086038,1.14732516437683,1.16223567642468,1.14313780828727,1.09459977649407,0.973357337746585,0.847901863498802,0.662421657934251,0.461063757551267,0.266661996421121,0.0586618532082564,-0.16025376521943,-0.343298931179109,-0.510235793058553,-0.654612590903896,-0.751150210371638,-0.811187504739062,-0.83688129734369,-0.820088558167625,-0.761452947411047,-0.651619660208009,-0.510192716719693,-0.330614014501663,-0.142717724753486,0.0631716557387932,0.266597063698973,0.457672754839459,0.641836617143374,0.807478235741072,0.939155243451663,1.05465266143673,1.1076062408103,1.12532883435056,1.11419091218516,1.04261770852304,0.949467698902231,0.815218857518335,0.648314948954078,0.465164405833264,0.260844630261071,0.0740490730066978,-0.140124519255033,-0.327985650743199,-0.485805652717964,-0.622397794516224,-0.730068877187199,-0.789002681675377,-0.805823362687564,-0.785362653295817,-0.732972692586591,-0.61649132428236,-0.490260087673078,-0.317724525944641,-0.137565517401387,0.0631290086443038,0.259693773287843,0.452406123769395,0.629526432913344,0.787270281584085,0.901405880806675,1.01502840097587,1.0673913943586,1.08452171031213,1.07227096853915,1.0057609142098,0.915969682005401,0.784027502114844,0.636497184140825,0.46075301385284,0.2584719924678,0.0633397703400764,-0.128496056651701,-0.303914881125229,-0.451310231962818,-0.588402864302869,-0.682923657753404,-0.747791149042127,-0.767081752503911,-0.746248734697534,-0.684838895112682,-0.583191795877832,-0.463293576148763,-0.296675789925993,-0.125103912710507,0.0668540815014619,0.249549519377315,0.435494864107962,0.596208808260238,0.749571682346623,0.868159200765415,0.965650311063622,1.01341763944289,1.04939096855093,1.02627813799742,0.960039961704457,0.886309511210545,0.745011953314246,0.592085478778058,0.440352199149502,0.263903204286493,0.0740927814876521,-0.105011129364672,-0.277538760350856,-0.426113202385199,-0.545225966807458,-0.632838301408297,-0.700372991546995,-0.709965593917762,-0.686649011540823,-0.633749361802259,-0.544890207329541,-0.418531535068093,-0.275277237019161,-0.110255754611411,0.0688310315555142,0.2555986727211,0.417886932359199,0.579851373998456,0.709149701854605,0.827668537326707,0.903628852265982,0.974061568253403,0.977076418033374,0.964709196319365,0.914807419611724,0.829203986411251,0.708348330799438,0.576728303127222,0.415936355736636,0.262934707500243,0.0822859369704973,-0.0903993717611084,-0.261140397763496,-0.391540478582852,-0.495786739899232,-0.584433414799941,-0.650911887303424,-0.659689685902335,-0.642431492945974,-0.584739606270736,-0.504064216612275,-0.39190405369252,-0.245382867453201,-0.0922499056351346,0.0798315384429665,0.251864390067172,0.399151242032239,0.547861633605219,0.674519723378425,0.77632644094031,0.855759986739048,0.913158217824698,0.91526416228342,0.907022726966204,0.855572541837926,0.7810408017261,0.667901764245762,0.547246514069884,0.38822557724376,0.234103538285926,0.0875669040280035,-0.0647875082518598,-0.228370471093541,-0.353521701735214,-0.449101787701875,-0.520413944101691,-0.586443204655693,-0.596594005081953,-0.58857514429437,-0.525493442783371,-0.450008270015454,-0.339896679195619,-0.217227868378215,-0.0686585561433383,0.0800994674834869,0.22949459824473,0.375030197849542,0.508344453085613,0.624638534315515,0.728709042159551,0.786770738824146,0.838172524271659,0.852796769697628,0.829438554648765,0.793247051443028,0.723055661791931,0.634388509570466,0.504497601666043,0.387565219148162,0.223559193798159,0.0896073789090822,-0.0450662984717162,-0.18640144453412,-0.29344192485319,-0.397791059686226,-0.471783508070468,-0.513568717507926,-0.528178867480834,-0.520341326023216,-0.474982986812035,-0.403897461213384,-0.292559643955877,-0.185691053519933,-0.0575103527187317,0.094966426568855,0.24048352545731,0.355206939662168,0.479373070166533,0.571313074890229,0.66308352813612,0.73252097707374,0.758169003589566,0.777272648388656,0.756759422697251,0.730202319511804,0.673811133001768,0.574223712692217,0.473494504655664,0.358563570013538,0.224533981356149,0.102115698367698,-0.0164537090406255,-0.148576835169999,-0.248290715373081,-0.330884057197626,-0.399188992532836,-0.439199305117729,-0.456560573978793,-0.430794484756507,-0.40292693579587,-0.346143922851101,-0.250556549278652,-0.152724763092257,-0.0302385735348881,0.104682343911299,0.220507804684647,0.334191222204218,0.424391364794853,0.533572561158526,0.603087883395961,0.670591187261933,0.706443746896009,0.696703652361796,0.694957259630046,0.670491715369309,0.594634150430495,0.521361939837535,0.436986165279071,0.327502798884206,0.210371559457547,0.0914848994373502,0.00104149086222523,-0.0986199922793431,-0.205160459476428,-0.270934763081772,-0.325219042940185,-0.362766751871962,-0.37136590228237,-0.360747188458752,-0.323543115600292,-0.274308966113736,-0.197394583382998,-0.106508704734923,-0.00672386255740663,0.113955439673525,0.219547907376293,0.308321671427492,0.391323958928408,0.476303484684102,0.526487023886295,0.585112718896135,0.62219090322386,0.626634061891217,0.60855192961873,0.583464979872066,0.532842216565312,0.472920382549932,0.400181125905796,0.30619415719208,0.202029333977411,0.114250408187649,0.0306286686152938,-0.0664050204039612,-0.148873655492674,-0.207456773024866,-0.252439189379994,-0.288051004472171,-0.294550532129495,-0.282179028440853,-0.250117400831263,-0.211933568270753,-0.158405314557272,-0.0739882720977936,0.0233815284005986,0.123181324159094,0.204818349996898,0.283102847015613,0.33960570280766,0.407082998892642,0.466785573119253,0.50927648206445,0.517231937226668,0.529659783823648,0.511544289634444,0.508986840419673,0.458300860907354,0.408627840840871,0.347281413962014,0.282233975114482,0.187649658702736,0.138279414965805,0.0415092107954093,-0.0181283030721127,-0.072733785950815,-0.141400053503341,-0.176082923448606,-0.195516212142936,-0.209907471152908,-0.211951109641413,-0.178307395662202,-0.143972441258333,-0.0856006916440638,-0.0239406391607194,0.04566943126368,0.12574735785601,0.203891147030983,0.250973828212616,0.307049248924584,0.373761842891814,0.389196278493603,0.413624381968456,0.440583654228972,0.445322475373353,0.441305254265275,0.419603463734783,0.393246942470155,0.354878958587345,0.311899432307151,0.244927975363123,0.198080387016007,0.133735886529558,0.0831850174681495,0.0198482048881582,-0.0333236837738881,-0.0693332463354743,-0.0909111062110008,-0.110835708100424,-0.110558574670781,-0.112194177283058,-0.0908170326311921,-0.0624014792810054,-0.029796909098744,0.0227214422798688,0.0718381977517072,0.131481561170018,0.186445723045291,0.221676972656331,0.252909200006826,0.298161775950968,0.326659265051444,0.343434722644474,0.353148008317272,0.352265906213716,0.364077734597405,0.346511495664924,0.321286605328741,0.305857820665463,0.257549758502138,0.234945667376767,0.184621716070032,0.153247644723298,0.0977461957347758,0.0567558248578366,0.0445612375131784,0.0111950556943489,-0.0205248883727937,-0.0256844440523532,-0.032128165934357,-0.0171812694327141,-0.00165338655348207,-0.000141171661290743,0.0294484051495144,0.0797755061421187,0.10541951317853,0.129996011330524,0.165137618382774,0.199462147886398,0.204268040052,0.226790117365763,0.241456631084237,0.257568530101395,0.258259474157576,0.258921126299846,0.262062365963635,0.252908993856051,0.23806381598042,0.231226173351857,0.223197561358608,0.199297647982877,0.179477222487021,0.153152389299354,0.132221112734699,0.119158202807866,0.0983107018618194,0.091151462332836,0.0696534239482199,0.0565020276774543,0.0599423172606913,0.0701384890502767,0.0672431957815366,0.0787636701586539,0.0794524685797231,0.111515797072303,0.133798753266105,0.147778685629943,0.165033869284103,0.166092100623365,0.163211271798423,0.163391532635563,0.16109766684303,0.168943225781198,0.173213948260542,0.172427537848333,0.155404901568089,0.185635342355195,0.165636466111063,0.167319531002988,0.164005943482933,0.163207532204223,0.172754987081,0.169127447122503,0.171902743108552,0.156942336733342,0.158391255253225,0.156353133614133,0.156711642454431,0.155082368431098,0.153944488146458,0.160711490835611,0.14825497238707,0.151972599408745,0.154616514365915,0.167356185731085,0.162668129685107,0.166494916397911,0.171315068083436
0.989626419842628,0.990151034794308,0.937703977828489,0.841449055263651,0.707800894881806,0.554362185203208,0.342431921129694,0.12727288161154,-0.0951367562288379,-0.335893541218012,-0.560828474849716,-0.756860202089359,-0.935491460012689,-1.07177195778384,-1.17251009425099,-1.21286786348165,-1.22181535187724,-1.17697527765192,-1.08477992486385,-0.953835015934897,-0.78376064839579,-0.587567758309773,-0.36714309166333,-0.144439877828793,0.0907838752300778,0.308863389933216,0.508180254333026,0.698661429814717,0.823298542230061,0.927542493733915,0.982670207705169,0.974528967479276,0.936385994979829,0.845943196762519,0.714817238193681,0.557405336314815,0.350356171516639,0.143446296836997,-0.084979397695594,-0.334080250002212,-0.552336081631497,-0.755507190496744,-0.927579146509759,-1.06315892624286,-1.16623360925628,-1.21403683464274,-1.23144615940645,-1.17513026832177,-1.09058719841096,-0.956305089977406,-0.783791072167781,-0.58722274996198,-0.378891503443942,-0.146924896925895,0.0869620528122041,0.304294196818445,0.500552620914092,0.678856093331787,0.830034035501536,0.930836755283914,0.974185702708934,0.98426625379242,0.937222459336462,0.847884387492828,0.713910546283757,0.552069634785224,0.357404036960601,0.133940172474623,-0.0905330590243519,-0.318329318504981,-0.536527906373108,-0.74664205906536,-0.922449869734852,-1.06953965283785,-1.15402304025353,-1.22146950253416,-1.23626766059929,-1.18002236977614,-1.09457528097183,-0.962086908649052,-0.796694378086803,-0.596901379618159,-0.381109385090801,-0.139767642188682,0.0788397522253876,0.304831849703167,0.505950920471026,0.686719899250353,0.823265295522324,0.929827017332988,0.974790260515431,0.977451169871784,0.928852217475759,0.863427688598882,0.720847002802438,0.553335537618679,0.36130426918445,0.149353980632821,-0.0968046177516269,-0.31187555366466,-0.532826477473156,-0.753249741177637,-0.916688785127138,-1.06753736502142,-1.16747531888007,-1.21407180042533,-1.22006993605127,-1.19722705211482,-1.09951988840844,-0.969594409834681,-0.790160572437149,-0.603554989378166,-0.389757700465024,-0.15779588096459,0.0735517268298319,0.302108664156521,0.497312389530521,0.682476739928472,0.818566858429471,0.913186837623598,0.98037398008784,0.965883105563402,0.948881539253706,0.863622817863327,0.730959804426829,0.568207942331039,0.36291925900595,0.133537308452842,-0.0927797466336729,-0.31652101448505,-0.53899279598169,-0.742294300959257,-0.910159117757164,-1.05678809950169,-1.16869532412457,-1.20757923907793,-1.22677537787696,-1.1846621003397,-1.09559555232755,-0.979681322566081,-0.805710064569438,-0.610128095955135,-0.387819169190263,-0.158744984755439,0.072366924365915,0.286371234698116,0.497068902182793,0.666109494587377,0.819966230807925,0.921516816738499,0.981760817805939,0.978485274504855,0.93141783828186,0.855208198093074,0.729514954049697,0.553587459780272,0.370778222973031,0.145560787281668,-0.0702982573159955,-0.301930372081267,-0.525674810728933,-0.731243791450252,-0.90078121450761,-1.05729063010801,-1.14972665605413,-1.21392814516159,-1.22318740677196,-1.19593902819823,-1.11161186008672,-0.970687381327317,-0.810047328231548,-0.605587526964193,-0.392467468489207,-0.169631913154988,0.0574163144825767,0.28425162982603,0.493071842309595,0.672055362237967,0.818525428089533,0.916621070383885,0.969072283366458,0.980582062993893,0.947048546434898,0.855129482216357,0.732382056567553,0.563142835805778,0.366945110330222,0.148908110697853,-0.0740343233462989,-0.304627511291446,-0.528782604278787,-0.73576361461772,-0.912629035124502,-1.06396395361667,-1.14180299361059,-1.20690667664848,-1.21014306828087,-1.18812377702257,-1.11014202751561,-0.987289484436685,-0.806727414043189,-0.623566510858845,-0.384962141108686,-0.170473838973728,0.0576488061508635,0.288334484478786,0.481264738013548,0.678514943025657,0.80187636830533,0.915806671858954,0.968662659905904,0.97760301604164,0.946897366835818,0.863518287006775,0.72887109080968,0.569932365224183,0.37580458874491,0.152331921921289,-0.0658508447881939,-0.312838894925036,-0.527800360972301,-0.731554127312183,-0.90064954891858,-1.04754965673221,-1.14921193943488,-1.22452782533974,-1.23507167249571,-1.1877518988421,-1.10347435565754,-0.974576492461882,-0.814879423706145,-0.613114527723895,-0.409765878291152,-0.166761053249729,0.0493216662566879,0.289551602006721,0.495403334908102,0.662532738190329,0.807338961684035,0.907442968233293,0.973272418689712,0.977127084654932,0.954974831759325,0.862679220849772,0.736050001191033,0.570391123458975,0.37205244981948,0.150380820095285,-0.068400522383501,-0.308771239925504,-0.526779500433374,-0.734711255228189,-0.91605388554975,-1.05035463144946,-1.15479576422559,-1.22773310298993,-1.22745040754994,-1.18294832682974,-1.10337170129877,-0.979817525130438,-0.810371256135896,-0.616090794970783,-0.42052318540167,-0.17594838059579,0.0540567752457967,0.279917673844329,0.504332502134724,0.658077364615147,0.820602074742532,0.917878248934373,0.975624382151708,0.978211246879414,0.949156782434494,0.867157240312379,0.740455406593113,0.577373518923085,0.377966846879281,0.169595345218462,-0.0738920917385377,-0.305271720033921,-0.534000960512963,-0.730172298778408,-0.900478290150662,-1.04269771607505,-1.15372888749729,-1.21637886161776,-1.23321344082527,-1.18790061049967,-1.10891404844567,-0.977190329509331,-0.815801858056509,-0.614664923487252,-0.404708953449026,-0.173314181452343,0.0527200013683869,0.288696354028041,0.478246128502048,0.653467661393245,0.806026875458692,0.901514016394382,0.9712717135191,0.982608251479189,0.948988752191861,0.869758065916572,0.73275462157177,0.581697230232938,0.380358393494998,0.167034783298382,-0.0691739854971392,-0.292023268755535,-0.509343012720479,-0.728387266669683,-0.907768187228615,-1.05244138335558,-1.14747903347725,-1.21817945056864,-1.22947778735111,-1.19075160095675,-1.11417498324498,-0.987648026749668,-0.815954048928568,-0.624351934710494,-0.396327694586455,-0.177510741222188,0.05922965014821,0.282385686672189,0.48507923107601,0.663829714425377,0.809335242855663,0.918311289512132,0.965483585231021,0.987887633232814,0.928648928104585,0.860404528008592,0.728628156175362,0.574980633179481,0.382883105229349,0.161679434463676,-0.0665351055323651,-0.303779705624783,-0.524304195322172,-0.721701164548323,-0.911804465320125,-1.04253103219992,-1.14862409124628,-1.21878723827884,-1.22280426691523,-1.19721188225699,-1.10882334929375,-0.994053524901781,-0.811241371738592,-0.625672892117034,-0.403729392250519,-0.178115984567543,0.0481003317958628,0.272813187089935,0.479793095243248,0.661244402992875,0.802242484212281,0.910084325220168,0.969472752466299,0.986578735826261,0.949694070632858,0.857877465250361,0.747705610824435,0.583079857338292,0.3802882670013,0.157013947031765,-0.0695891351860063,-0.290173784389901,-0.516920186399753,-0.730140273238447,-0.90925589462901,-1.04066541226835,-1.14683826856515,-1.21414760506345,-1.2252220609566,-1.19554919013372,-1.10433304712892,-0.980946871014563,-0.815482466649207,-0.621587973414487,-0.399993679220758,-0.189521363369191,0.0510474242900057,0.270741075490656,0.489434160490671,0.649106621712986,0.808037246134416,0.903518934326493,0.971501981151862,0.980919916317089,0.954288559494178,0.86953235259789,0.740500755454075,0.578324546986046,0.382802978194172,0.17002008062955,-0.063629643406995,-0.28963570296753,-0.521415166600799,-0.723653495257412,-0.893696023994236,-1.04548532381349,-1.15561434210821,-1.21669831401252,-1.23100823611255,-1.19588665864612,-1.10512196749478,-0.993183526953275,-0.824056605452487,-0.615615195221575,-0.409645412847022,-0.175105409040629,0.0482767116864908,0.265489062119697,0.479942848062916,0.660694954481172,0.79692493365229,0.907510233477184,0.9663528255365,0.986087994333165,0.956389626387876,0.863758198127303,0.740365778530131,0.575055793330287,0.383296719964621,0.165611115182281,-0.0627452849145601,-0.292828462407914,-0.525542582629997,-0.717381081932142,-0.890824460475887,-1.04791370404441,-1.15828782597972,-1.20188744246926,-1.22684940153457,-1.18584610428373,-1.11392688977122,-0.987261828191738,-0.822382361121455,-0.628786144417728,-0.416016364139813,-0.173481801524476,0.0498550470103337,0.275969167730948,0.480216734363924,0.660393159186842,0.809361202903222,0.90678334267743,0.967703921327485,0.984252829435556,0.947140995569909,0.85757287587028,0.733220245046935,0.579428955476701,0.377102970314484,0.165548852912352,-0.0553377517345649,-0.294415375708052,-0.502726812009931,-0.725609703068354,-0.900861455062589,-1.04515509406205,-1.14887075545346,-1.2258748097992,-1.22589462277574,-1.19848571677985,-1.12031564365552,-0.987443064660592,-0.817659953451746,-0.630443921542475,-0.424169358374388,-0.181515821889385,0.0460827203547867,0.275740518907586,0.478270972866426,0.656063313020752,0.807037784718288,0.916035988999626,0.973963732735427,0.988291538907959,0.949266744700169,0.873447088054119,0.738360461931694,0.57425410229583,0.375769740796753,0.167142066423087,-0.0608273374127548,-0.290436068431549,-0.512917757565317,-0.709713254839151,-0.896134433707506,-1.04645572527737,-1.15352137863179,-1.21316410176316,-1.22799763772983,-1.1873576484098,-1.1230504006659,-0.980223213284399,-0.815930495875816,-0.630378031876743,-0.411426392123323,-0.183436060472516,0.057052829011679,0.286216211885136,0.486926598889251,0.664861263976133,0.808653419890869,0.912529549127666,0.976878157369225,0.984492049809436,0.939346849592923,0.86964737436754,0.740112473316818,0.570887360877655,0.376266481543458,0.163238679991094,-0.0629399611753087,-0.295832926101763,-0.507263000329658,-0.725190679187375,-0.903020840764192,-1.04469703171013,-1.14855316594932,-1.20654253851267,-1.23140997948756,-1.19565611347035,-1.0979907591061,-0.984067678703372,-0.817783873437067,-0.624419829961033,-0.40208960694149,-0.182309183086583,0.0554676983031994,0.27071130555403,0.473604735197031,0.663309158204262,0.799645199043517,0.92255941845494,0.970256934572987,0.988424440916146,0.946601293751252,0.860441959117394,0.746514541066369,0.564946788615135,0.381472573440877,0.163568318738669,-0.0563869464368842,-0.298968609110248,-0.515090963394105,-0.72865244648632,-0.898945845015712,-1.04762097536886,-1.15237029443674,-1.21698013234498,-1.22682238911367,-1.18869355734532,-1.10147931862249,-0.980770854395964,-0.823566529496167,-0.629603368346937,-0.408514549376347,-0.177459899644002,0.0449719812954476,0.262976799421336,0.491301496347213,0.661962598352879,0.806434178023679,0.90408179260075,0.967846271325673,0.975094545468503,0.944685840639511,0.870572001922158,0.739276668188953,0.565945228369095,0.37656552144337,0.159644942372273,-0.0615277158849655,-0.299902597000716,-0.524688086204986,-0.723633202248917,-0.896521260482221,-1.04303036331363,-1.16215958303737,-1.22194007689675,-1.22558711022304,-1.19336171300356,-1.10727216361848,-0.981133803352,-0.825431975832746,-0.622917304383939,-0.404873991591001,-0.180714671619773,0.0504939036165752,0.274049334995234,0.481689811160013,0.66211889524437,0.807151978152,0.920321272421871,0.957927332799338,0.977975900644326,0.947341958856009,0.862407910661467,0.738688422114943,0.577573638796703,0.38322166781689,0.168341215604968,-0.0729113059394801,-0.294220748829288,-0.512261133483605,-0.723698514592198,-0.905769109365352,-1.03960792116074,-1.15715829781239,-1.20541129085344,-1.2212327891639,-1.18301195954258,-1.08605408281097,-0.977929248813166,-0.816281902900925,-0.618677715858796,-0.400910941326069,-0.182304436896509,0.0579648119786347,0.277157497388717,0.488248111335293,0.658184399300876,0.805306212972904,0.915067653923918,0.970257598248504,0.973846288698298,0.942307890495295,0.854698419539836,0.732001305473777,0.558388939831398,0.365579114861446,0.159296736403418,-0.0828157711170761,-0.296255292642368,-0.526450170502132,-0.724745525676744,-0.919955185962585,-1.0550546758496,-1.14961251629261,-1.22110188663632,-1.22290857366526,-1.18909738560676,-1.10561312369741,-0.969580488684319,-0.810574972183709,-0.621429752988338,-0.407787317012772,-0.175231162086945,0.0569043772370097,0.282689085646418,0.48692956492936,0.659220459907482,0.814966985997809,0.91632823853003,0.969303063340341,0.98394198700107,0.946137070792656,0.859650358919979,0.733065661069868,0.560465248795084,0.370804999185567,0.152056555656379,-0.0709267819742659,-0.307256201627973,-0.518650545595403,-0.72498028141944,-0.911048039637509,-1.0491202630904,-1.1680700127589,-1.21432752555166,-1.22366976329985,-1.18815281592403,-1.1052322839877,-0.980658157575872,-0.807052910070589,-0.619582281426823,-0.403351913397553,-0.16720036220922,0.0613284576337829,0.277480224762983,0.483069686171575,0.665585202312988,0.818574395429876,0.912413477306232,0.972371982896478,0.97881068884555,0.942173308706214,0.862358442179261,0.734219203280128,0.567515059167316,0.375943776281893,0.146451741809403,-0.0790200665246222,-0.308332541742268,-0.531134237386483,-0.74372195083703,-0.915694241429206,-1.06251881436951,-1.16253698926235,-1.21374056091613,-1.22122964480777,-1.18913603771593,-1.09712168580169,-0.964405444386239,-0.807147841659521,-0.605757835749978,-0.394094784009514,-0.167229114779081,0.0729279269632478,0.300613429784844,0.485091488319883,0.661067750177221,0.820422732168123,0.906375587022695,0.971491274914988,0.985230426546345,0.942447452848806,0.855893377815785,0.731455964709285,0.566658296143752,0.374729806037686,0.146656577690343,-0.0867031995456344,-0.305237008257138,-0.526756929021454,-0.734992815240645,-0.907078734139505,-1.05717415575353,-1.15233740097936,-1.21391032351521,-1.2285089863377,-1.19292303201507,-1.10006798881417,-0.964715536013037,-0.795497969619597,-0.60495864779854,-0.388993749882818,-0.159875084894818,0.0731424301821042,0.288950001020675,0.494753751709687,0.672131218233893,0.822481325710567,0.915270779534449,0.98235028396204,0.977395194470534,0.934323469928559,0.842059359462949,0.719356223614546,0.558427698884567,0.356712965845841,0.150887111359497,-0.0810402262995204,-0.314405360085475,-0.54501523800485,-0.736595923065468,-0.91693183862474,-1.06314209048004,-1.15404042214444,-1.22142936163337,-1.22295262389854,-1.1856378724978,-1.09655436604162,-0.978837497913866,-0.806263627581999,-0.613502230197943,-0.394093601660321,-0.163576788769753,0.0744250583846099,0.289472050880472,0.477310263802401,0.669898876852356,0.821512460451059,0.920761050724666,0.966302854326273,0.988307880097529,0.943067276335633,0.855140878249782,0.719426512786707,0.55050334217498,0.358700039602132,0.139712309158307,-0.0918681275135618,-0.321826635627799,-0.548109025042976,-0.757079916432164,-0.924887238148656,-1.06044040937647,-1.17315157865333,-1.2124523092754,-1.22335105832697,-1.17755913646104,-1.08377094677005,-0.969152294819423,-0.80384993452103,-0.601710589544063,-0.371187500342099,-0.159782206514339,0.0843582887781798,0.301380621726683,0.501280487797021,0.690170694863387,0.824621362123326,0.908343119264272,0.966099330258905,0.984923648503059,0.937874937835042,0.863694943618558,0.714725582606335,0.550431986447232,0.35979267639589,0.14138367288204,-0.0897321878333318,-0.33276611626909,-0.537172695501242,-0.74992031444269,-0.924493403946398,-1.06365844786928,-1.16754289313773,-1.2173587294344,-1.23235842922147,-1.18252089208283,-1.10139247469129,-0.962050523497361,-0.791927433441914,-0.602275732225289,-0.377184084101817,-0.149343065859343,0.0843361064912289,0.298701205300136,0.508132897624925,0.675607841332745,0.811316524162404,0.917769948204281,0.975556920885386,0.983212450946771,0.917931245736976,0.843830223380315,0.712233293185942,0.541121579234412,0.351038599330297,0.130163639968007,-0.0921257125570371,-0.333592870595703,-0.549618031886596,-0.756904215859611,-0.936993705599072,-1.06947279618602,-1.16322676180803,-1.21653195579544,-1.22353433162904,-1.17007367641421,-1.07752621148342,-0.957161719108038,-0.786381646217486,-0.597423594279866,-0.372631189103692,-0.142952398304113,0.083506830544153,0.311042579232455,0.516954730476763,0.680030343875654,0.821875558395838,0.925663557419645,0.978554019263944,0.974558909784258,0.935420382989494,0.842855388963265,0.701389721012228,0.536208007133333,0.345389954252784,0.12606398242758,-0.102455201414184,-0.330443815623203,-0.552788671697476,-0.752891263538599,-0.938049829374129,-1.07213968957702,-1.16564833246459,-1.23165503320904,-1.22978784693281,-1.17503899397249,-1.08706065490406,-0.954768915751554,-0.77773774221227,-0.593267162164772,-0.365779768689531,-0.146880089086104,0.0841508165081944,0.318140231873748,0.511476026380809,0.688340740369348,0.821110413345931,0.914545875317363,0.979650562856827,0.981821446389263,0.933872151105515,0.841992218023117,0.69876516574841,0.535928158785514,0.344784956287405,0.12096141388224,-0.110163790361776,-0.34077792032636,-0.55839836128914,-0.7643997121878,-0.92198375660532,-1.0762956348685,-1.16932964234755,-1.21665169980213,-1.21775575814956,-1.16464924085006,-1.08401502667699,-0.950657541806236,-0.787919909640104,-0.57959829974387,-0.360137818360831,-0.123755816824692,0.0947475308770744,0.310409659173531,0.524538283815395,0.700340935995928,0.825505332557107,0.926728756842963,0.973256469308515,0.979251670466657,0.937280893346855,0.844544664973941,0.705644069841322,0.532601818685223,0.337276074622438,0.113421236476834,-0.124017074085233,-0.346323031450668,-0.550264328407167,-0.771319493578693,-0.943318747621387,-1.07894621526756,-1.17113100819731,-1.22111551515727,-1.22318187859966,-1.17573202565631,-1.07630523867135,-0.945603471072752,-0.767848639552756,-0.588250746395784,-0.351842177215231,-0.126064667016383,0.103397782283052,0.325939754368551,0.521717638976487,0.689593745241144,0.829306641314129,0.916453534966904,0.978295971778787,0.978920714154382,0.931686816777186,0.837861192688625,0.709249635742284,0.530886122029198,0.332415539968074,0.11474881411204,-0.119799900287656,-0.35417393852856,-0.566955331942141,-0.761636743480465,-0.939596241166573,-1.07196733503294,-1.16326454956867,-1.21895873368747,-1.22717244952597,-1.16894827676421,-1.07669395305764,-0.941502182697195,-0.768130709866539,-0.576247697687948,-0.352683815305899,-0.119405375660486,0.106929129776673,0.33314999969921,0.517393150992017,0.696451843898592,0.836146188413852,0.930950197085022,0.979591062096794,0.976329524674472,0.928175525233266,0.826771193859365,0.699940590808151,0.520527467554092,0.322736925762304,0.1066604732646,-0.130515398072091,-0.34990588532467,-0.573333172761091,-0.7724852687874,-0.939020084717989,-1.0729985716098,-1.16653094579408,-1.21372604104646,-1.22976883312644,-1.17165623229047,-1.0716864444714,-0.953475514003241,-0.764672405722815,-0.567387976264907,-0.338950070503789,-0.118631766320293,0.119529512362154,0.318973427873826,0.531235783960825,0.711852444071024,0.837238844465186,0.928917593274369,0.982109447648819,0.98078374457004,0.921018953319774,0.832980997322373,0.690414799114199,0.52545144116507,0.318634477972683,0.0983288367301334,-0.134224585704763,-0.373461804168641,-0.578437735692863,-0.766492255201967,-0.956600085874857,-1.08156052877217,-1.18258308077624,-1.22809552850133,-1.2246837891979,-1.16672993606273,-1.07417481992856,-0.932986489109048,-0.754309427703989,-0.557747123303592,-0.348549351694429,-0.115720394411667,0.122394408572387,0.337796000696922,0.54266217157876,0.705476994759259,0.849697928610764,0.932699293713013,0.971270230619694,0.976269621627869,0.920756997854964,0.831595583035896,0.690709223323121,0.523468828606492,0.31275604166925,0.0939759604523895,-0.12477006392545,-0.376723804227372,-0.592713013110022,-0.789215486636942,-0.951244770735114,-1.08117185845914,-1.17100060512557,-1.2229764104188,-1.20949103342939,-1.17819563924914,-1.06711572656616,-0.935269626198628,-0.766917938143159,-0.553557681942521,-0.341374368017527,-0.108376356642732,0.127383140292738,0.344855526191765,0.540049265547907,0.708253619094744,0.845216135380341,0.933767330140219,0.980252713742643,0.972699553139736,0.920064083782475,0.827072646264382,0.689809691096076,0.516326366111855,0.321390331481835,0.0810985347668473,-0.133513600771675,-0.364098582907079,-0.592516379662178,-0.793388016824454,-0.955168092746116,-1.09657629010807,-1.18559600312454,-1.2320803909915,-1.21454729026795,-1.16060629559484,-1.08566844425049,-0.936958484875414,-0.749025403539209,-0.558752652281274,-0.325261298534222,-0.0970445829166655,0.125565561642297,0.336848159376571,0.5531574548556,0.707031929340751,0.857056312743826,0.926593369660333,0.974603984339664,-1.23573288832802
