0.114065312032046,0.222197285904057,0.450325457537962,0.670913225449797,0.854931221563159,1.02183496276619,1.13359750980993,1.20700741937949,1.23086541578455,1.21373261971547,1.14554553144996,1.01584319195788,0.850264341602947,0.674976618631295,0.447501415001589,0.235882732958079,-0.0140229421501238,-0.235676014987455,-0.46079104776172,-0.644230510592403,-0.802526429711459,-0.920697716263739,-1.00048058447459,-1.03123452838516,-0.997709724932478,-0.926905958882506,-0.793240302347668,-0.645045623119036,-0.469728935702263,-0.240452534764065,-0.00690923680216485,0.224484563151793,0.458874256828613,0.669842519244386,0.866509676189536,1.01500625831386,1.13120452472027,1.20966592408946,1.24235228507195,1.21236662694589,1.12816282560444,1.01818835870069,0.865062400580838,0.656001501689869,0.453242988747727,0.221635566758406,-0.0126742698092656,-0.24160083094024,-0.464561745781919,-0.649501253962486,-0.804292900027343,-0.927910289130933,-0.99715663388782,-1.03009209850014,-1.00455087897488,-0.91135477294231,-0.801768987223724,-0.653120236824978,-0.456186078974799,-0.237369396531735,-0.00482083774406979,0.220422991686792,0.445347653909855,0.661213493152622,0.852299570602756,1.02401910489299,1.12575789583352,1.18859029921482,1.22351045742037,1.19425424080098,1.12952357969774,1.00486536538031,0.869087584629323,0.663050081753425,0.453525946638053,0.220862043819231,0.000307153060835872,-0.236394979722891,-0.447966072716688,-0.63841141915822,-0.795136416795507,-0.906259061822189,-0.974684158120975,-0.998311808592762,-0.979881972207559,-0.918584858229192,-0.793084212446378,-0.645064544138798,-0.453832543626033,-0.245396789522327,-0.00663899380755428,0.225674214943525,0.440661784606061,0.655545761965693,0.841338956405491,0.994516637524147,1.0970887758523,1.16100341873764,1.19649629596059,1.17497098841448,1.09279566766405,0.981730231998939,0.838993357563196,0.650027953971923,0.445232652104197,0.212727737812894,-0.00580617043285814,-0.230159362220226,-0.440406562797878,-0.616173107832705,-0.770785742058389,-0.883958588352423,-0.961062192057579,-0.987774604770787,-0.949968809554978,-0.900152310260862,-0.766529850760422,-0.621086508099824,-0.441564712517584,-0.230260600349022,-0.00260753238808967,0.208711171635466,0.436383648071752,0.643214080981576,0.822886357438351,0.977921270499875,1.0827736420514,1.15059093769198,1.17047630616826,1.14832717615162,1.06141212876317,0.971401669607056,0.819570639606487,0.640087250946688,0.436759626579324,0.208852138460255,-0.00444567953628717,-0.223461962909513,-0.416198768410949,-0.608342592383941,-0.755403586498023,-0.862420777643606,-0.937888026433594,-0.957439488284747,-0.927257117042667,-0.858450162265833,-0.761435134023457,-0.604441275666994,-0.429166794127061,-0.215142748862675,-0.00849544476527386,0.218292969020989,0.42652060976851,0.612546252153161,0.793319484013112,0.948379807458565,1.04999882993322,1.10656415562082,1.12810128114178,1.10010474416578,1.02457063186116,0.929304181552815,0.790244222810274,0.619356926288239,0.41238093527834,0.21755288386794,-0.00187963012158489,-0.206447387067942,-0.391151553356977,-0.582845932758871,-0.723501773829347,-0.835046970595755,-0.895080391651449,-0.920082405296667,-0.897166208323699,-0.81934077716078,-0.72566035899086,-0.576398158431026,-0.40536445367675,-0.211486485999729,-0.0026831860348391,0.210692569536492,0.409648688849141,0.588634245933696,0.760869838452448,0.903667526574623,1.00082742319662,1.06360764128354,1.08960462117948,1.07052252897602,0.994712660684112,0.894741792186691,0.764745516235601,0.602312714127577,0.415890077079547,0.2054502727516,0.010956405541206,-0.19589790335049,-0.378906075865899,-0.548400313175135,-0.678765778366907,-0.783339752642459,-0.85488372709178,-0.87604033527702,-0.867739243281033,-0.787093086812198,-0.684206969433767,-0.546816040834413,-0.38295523416807,-0.194506285063628,0.00521777760155591,0.203929839737979,0.387280941969059,0.558770751870538,0.731946546307719,0.870843966135314,0.955115393268164,1.01990163438062,1.02967596940347,1.00773286224679,0.952228689857671,0.859443257852636,0.731529080906329,0.562937624724587,0.389563160845784,0.199205268335684,0.00515552369167197,-0.180607403088796,-0.362708558058682,-0.514539393678366,-0.652284904584939,-0.740818562246833,-0.810096019581233,-0.819972898321241,-0.795602949395821,-0.746450052038199,-0.628349114473489,-0.518405832267495,-0.359277144924363,-0.183390407593702,0.00764457122188433,0.190968164296054,0.369486529207995,0.529410230308432,0.680937202078743,0.797770541221039,0.894543447366701,0.958599773986809,0.960878899975988,0.949942636792068,0.898955595880751,0.814133536786599,0.677229079448002,0.541053760225203,0.363584186637904,0.199471288402077,0.0199074367481023,-0.159630865304154,-0.337521419690427,-0.487430757536649,-0.589383669075265,-0.692793035238578,-0.736038825070898,-0.760447213621526,-0.732806681378064,-0.688796926612741,-0.595958538776733,-0.477594068545215,-0.325420334309836,-0.169233624640583,0.0161673543580386,0.188925254402796,0.348152825974681,0.496766072655688,0.639336564761496,0.761030308234075,0.832277574574498,0.885775179327674,0.907469554309589,0.886990929206651,0.836174571948808,0.762401283567524,0.647872647867234,0.507611715981285,0.351563076705296,0.192247828012751,0.018994907856751,-0.129220565164502,-0.291521847286401,-0.437798257451549,-0.54416126477851,-0.623582563441373,-0.681922408839056,-0.692649060745045,-0.672217935436759,-0.622257731539575,-0.542452907500809,-0.429013846326293,-0.284803927159309,-0.143381690319602,0.0263165576748423,0.179853656476391,0.326561331605243,0.476567556047884,0.592595032137656,0.699838255487754,0.772145713582691,0.821655842137932,0.841439368542406,0.815739614484377,0.772321779818807,0.687370498846709,0.588554000299785,0.460315547097161,0.324381476966247,0.186266634201117,0.0304231388171524,-0.118202777042013,-0.246210241538038,-0.381848576611871,-0.476232386890816,-0.543005088500676,-0.612415763160381,-0.60978257600831,-0.610488574302211,-0.552169294234613,-0.475980795092797,-0.366097353507108,-0.254303090836778,-0.114285483635204,0.0277397327905366,0.177319151926167,0.305099667304597,0.426512242823799,0.537816412751671,0.629527577923128,0.697396803905225,0.741856405365071,0.761433581580851,0.744051135203041,0.705512417661241,0.639580649701598,0.540279274392117,0.428044786955699,0.312644901068221,0.167949839236904,0.0396297111358161,-0.0934718196398028,-0.214651941704646,-0.323382692554641,-0.409286822093802,-0.48626252202576,-0.531878233674769,-0.54386692371065,-0.534873154485161,-0.478658412970311,-0.418366667564725,-0.322699672240987,-0.214287863311248,-0.0945947923223343,0.0411678589801421,0.169198670760693,0.287074484341972,0.382521903943155,0.492629802893894,0.560503226822016,0.623885565426949,0.66259928214368,0.68372210005144,0.65755672005234,0.625668592356273,0.565063697126491,0.48390215789853,0.389661969657114,0.290562682671799,0.161100158894627,0.0491658826202735,-0.0654811349530584,-0.172578151990345,-0.262028814658747,-0.34748477200323,-0.418446172860139,-0.451139783063538,-0.451714663649109,-0.440055210206842,-0.420961147226185,-0.349995422953817,-0.267358893532556,-0.169715206977274,-0.0756147312724155,0.0499213187897146,0.156526709308424,0.261933117302006,0.350780491669065,0.435383445976389,0.485681569872899,0.551598710341518,0.565420738061962,0.582723628460043,0.573840517594203,0.531603792812128,0.491699329415951,0.421619050675489,0.350181526307387,0.252946898808275,0.158238365239618,0.0624535330866137,-0.0412348373330645,-0.127611280351399,-0.21719397689172,-0.281885050705215,-0.323382223932415,-0.355492528610885,-0.368340288024195,-0.364252864299184,-0.339319033549703,-0.285139985837072,-0.207987488747793,-0.131514831971223,-0.0532314120863031,0.0503813649289864,0.148673859492314,0.227310836681652,0.298109666587804,0.376177373146966,0.422527651399382,0.456774029764472,0.493583853421877,0.496873803686547,0.48539870468199,0.456388893549131,0.421164256062519,0.365362408017283,0.303647474216318,0.230054272893632,0.155936539536736,0.0679768540206367,-0.0166802230102037,-0.0854530405920774,-0.134050292909929,-0.215314513941958,-0.252825816278518,-0.261359028100487,-0.285590771228646,-0.272584365908859,-0.246486506907989,-0.20424136175119,-0.148825248669141,-0.0964292758857133,-0.00991265580221186,0.0663155531915506,0.139861200757273,0.195012858083844,0.25369846819825,0.300683816887264,0.339256805723272,0.368030301851592,0.387913840821448,0.384563222582914,0.39363057907907,0.373231597992547,0.347984619683,0.306482594479339,0.257792053609151,0.200321967289588,0.1407259954415,0.0750895349232697,0.010308321705451,-0.0475813839033057,-0.0875968627130013,-0.141095094054719,-0.1638237210987,-0.174327654673587,-0.187350896785704,-0.174924915180734,-0.166353032716945,-0.133182480116025,-0.0979051179238103,-0.0413156958257431,0.022659464540761,0.0685459963127441,0.121041405428956,0.164954679974141,0.211382447490468,0.242608497088185,0.261654684057315,0.291094793648467,0.29525268243831,0.314033955073759,0.292842391283314,0.289182111217821,0.266432773569489,0.238893524882035,0.209384508913699,0.167025124751301,0.127614093087145,0.080692044407835,0.0465677455413641,0.0237009281875982,-0.0204771292525187,-0.0464044208160698,-0.0692173307616566,-0.0855517259422121,-0.0860482385330945,-0.0762439434312411,-0.0733528543323865,-0.0476534215382566,-0.0319468737286703,-0.00616358505324337,0.0438031397976876,0.0848270228992175,0.103413330654373,0.135191917606082,0.154742953609909,0.1782392259398,0.183849167824347,0.187422546364793,0.193741000688865,0.205009459956886,0.206740966779472,0.194919424273995,0.183450419307175,0.170926585854274,0.152379817742838,0.13746895076015,0.113990363248906,0.093751990573881,0.0770086421924123,0.0537244055747085,0.0440425440225695,0.0124258940777319,0.0170060515911792,0.00999975977870454,0.00990008061101819,0.00683807182352612,0.0220766997384028,0.0270575188754474,0.040460680510945,0.0546667583456846,0.0813772829545812,0.101455333041455,0.107619958289631,0.105352135783742,0.108381137857166,0.107465540733536,0.114689444365494,0.105128445799425,0.115630214157303,0.120357875374518,0.116203791469859,0.110578302973196,0.10145179866351,0.101983868902345,0.101465713689241,0.105627922512627,0.10510976034532,0.106608269846413,0.111767002589988,0.114042463470153,0.114982666681622,0.110713449325042,0.0963147723579543,0.0984034330556191,0.105015691818725,0.10507414048224,0.113050351431212,0.0982043322278905,0.095125682086848,0.118088063643634,0.10188971453086,0.105162857776052,0.0894482570632955,0.0788531654697049,0.0520049840849746,0.0365382383671416,0.0281574660114538,0.0111194714728035,0.0100885311979951,0.0130708086756944,0.00571306869357449,0.00614633691399483,0.0281129683292631,0.0298639194446092,0.059299326959696,0.0818206404845702,0.0950117866232222,0.116099094371205,0.13194315021032,0.162520970629616,0.173351058679919,0.190278163662579,0.198879210172233,0.201216372918426,0.202619074473445,0.205180224734014,0.193010015468721,0.19291575230226,0.162772507751796,0.15441974715961,0.140142863462819,0.126890454973037,0.0879321838187994,0.0448792629917763,-0.00723319217033419,-0.023881001635686,-0.0431175074653047,-0.0689957585215498,-0.0832699547307515,-0.0939576119743073,-0.0898553872314618,-0.0726185222892521,-0.0471985734696448,-0.0247225550269911,0.0104117841851517,0.0486123272938275,0.0913083990587357,0.12146658199683,0.156994037573355,0.211895425556607,0.242834593997923,0.260038520886066,0.283350266214507,0.297996003904723,0.314499590076463,0.295867889276402,0.286049132231012,0.263703719206988,0.241911588839672,0.202993425208954,0.164353469943954,0.131312626248663,0.0813535165163525,0.00564542923752259,-0.0393649628510137,-0.0827095052300638,-0.135229331544465,-0.158995532614593,-0.184029756620379,-0.184703773244979,-0.187997762138011,-0.168612666675296,-0.13375638375653,-0.0872234966505443,-0.02894362646973,0.0134877755376498,0.0759152965165458,0.139743494734406,0.196019564472203,0.252720586957785,0.314844571894382,0.353409791202964,0.367291749209626,0.383521547957239,0.41387342600778,0.399848985692941,0.355279197008513,0.329479989966774,0.29881891417754,0.254603510934267,0.192761335578967,0.131819518420398,0.069293351180245,-0.00444616523494829,-0.0757757322035574,-0.151185835531205,-0.208845383472253,-0.255408350446014,-0.259324659978083,-0.275903078332209,-0.277464120876885,-0.238743491247616,-0.210417868093852,-0.159396059067887,-0.0875715435577107,-0.0162058392477656,0.0733776423456246,0.150340977387753,0.232861404289151,0.298963343997724,0.366723985205362,0.420178610764497,0.459499783039822,0.489562891473281,0.487454960729055,0.500401424414541,0.461777861578555,0.426056741552034,0.370152031769309,0.308037471367658,0.233179863621829,0.144367191028299,0.0558224730120519,-0.0397037187677202,-0.133785154912203,-0.223042353000746,-0.278193416895894,-0.334911222243292,-0.36334595305815,-0.361501700141444,-0.369194825688221,-0.32039352187041,-0.280140627451272,-0.221124288096425,-0.13089724249719,-0.0345418270951508,0.0547712127025808,0.162620646865214,0.252624632834874,0.334168290550537,0.431351939120156,0.503844715656778,0.549119254436584,0.572385615104941,0.580379648095272,0.573232677615209,0.544921847497946,0.498724032805924,0.427057978237959,0.351425213542288,0.24970599400261,0.15064919132281,0.0498437276270358,-0.0599235698733976,-0.166523598694238,-0.271913467344648,-0.348077963487756,-0.41613547920311,-0.450887663225798,-0.462019547763433,-0.436378355629922,-0.41502735546814,-0.344813281332236,-0.275557625708142,-0.175047273184375,-0.0777816930116735,0.0459411257304324,0.159670528069865,0.277748592269772,0.388788294656751,0.488457109024336,0.559495810429388,0.624914030631315,0.669394954668968,0.670407328103986,0.667396698526678,0.630743662417286,0.555892568486846,0.477225805491079,0.38401494896183,0.282681612114326,0.175161040234538,0.0215135128075655,-0.086916122937481,-0.22459162668392,-0.321897236713043,-0.421171825115917,-0.48074451448728,-0.526993752662222,-0.543147615610836,-0.530794304239802,-0.476662767265109,-0.420183522695506,-0.31730261707714,-0.215144391914951,-0.0989105645023186,0.0507732396122952,0.172436575731364,0.300200278087661,0.441817300517765,0.531918473659382,0.631714434405525,0.703337279486153,0.734875384695475,0.752598665507622,0.740269959077799,0.702918720656654,0.637644161521419,0.529036747848381,0.430392193628741,0.307501725445045,0.173783904194794,0.0290367705387066,-0.109724445508745,-0.250203550842068,-0.390304567358521,-0.473796953682746,-0.556595305731806,-0.613163789576028,-0.62602826414387,-0.602559593375886,-0.556684245916343,-0.472875198190283,-0.378438847907592,-0.252572761726262,-0.119347300149967,0.0374998821638905,0.189038996901079,0.331392105004766,0.461175528927303,0.592376462213173,0.701132165520752,0.765200617727922,0.826004757319886,0.835465008092239,0.823257297470849,0.783727231548264,0.690552763276725,0.591099599840084,0.475340900226359,0.335746534050547,0.184704858721116,0.0132186643495689,-0.134721810602832,-0.287091412997505,-0.416098327701492,-0.538816943309059,-0.626310745759312,-0.681607688905803,-0.687608782123562,-0.67031630952638,-0.625694160331169,-0.539724051047602,-0.422471552807231,-0.283870429401767,-0.132326861052317,0.0152095615239055,0.194300269545468,0.350856459388853,0.512046196548404,0.633036988214516,0.760069718435931,0.836624528819258,0.893575783647982,0.896784939335942,0.889992629145111,0.834205293878807,0.754345352704506,0.640626493329028,0.493334729122502,0.357288167304836,0.181782935731201,0.0208971969606333,-0.156783886497807,-0.32053402618126,-0.472186034557001,-0.587412336446143,-0.678763271732217,-0.740230821779271,-0.755548784472051,-0.73022399696354,-0.680389574818748,-0.591635215341592,-0.476529314446819,-0.32883247153778,-0.163917942178215,0.02396617331334,0.192614186624009,0.369234981088889,0.534814398618813,0.686025688599853,0.817377739524238,0.903143953938697,0.941371304793294,0.973338031523759,0.957530138278614,0.898785571435606,0.806247427031839,0.680486912282888,0.538751923912415,0.364956934436363,0.197313098474538,0.0189619336552561,-0.176066826126375,-0.35053021472906,-0.513077521785701,-0.643967482504301,-0.743787464335841,-0.799609233714419,-0.805997746393458,-0.809136366222797,-0.734181150055687,-0.651906265686106,-0.512994379009611,-0.353201520250935,-0.186494389425368,0.00502637552014573,0.198744810683202,0.384551100181538,0.574541476949977,0.732616592502281,0.859477930598486,0.954514211271457,1.01212891593994,1.0294058230916,1.02342454425593,0.956234020129328,0.859648069961,0.719826309374088,0.566021557414324,0.401863627384483,0.195873554526872,-0.00332651768591196,-0.194320717822381,-0.387558245614475,-0.552380151802682,-0.682859099694526,-0.778042042996052,-0.861335893089063,-0.880603301321509,-0.846506423432236,-0.787760788399923,-0.685513254914005,-0.553307666220862,-0.384922411789016,-0.195250288069266,0.00657330165348565,0.211599460569761,0.407855820874188,0.604023656024588,0.758403222751832,0.890025124419419,0.994829020314272,1.05997638889093,1.09242516134635,1.05964875400656,0.996429832262301,0.90550555517544,0.762232467656846,0.600887116146883,0.402803647488431,0.197559977027953,-0.00024148185670219,-0.204716165415777,-0.415164403670675,-0.570809079927849,-0.720112012643257,-0.82702879639345,-0.896668812186774,-0.926714118246709,-0.905700174401122,-0.824656290701255,-0.721924305444156,-0.578610262425343,-0.4079806626624,-0.207832306841033,0.00190524915710974,0.219686938767063,0.427508193699128,0.621201108533004,0.781336507216369,0.929048676904386,1.04643976270072,1.10164369492674,1.13041036624172,1.11953137746374,1.0431138680793,0.943370782518366,0.788798932934981,0.624862586480725,0.435519825921163,0.214554282042254,4.89955036940912e-05,-0.223557934878682,-0.41803885053818,-0.602617711681626,-0.759348459596279,-0.861961155613276,-0.93217415940105,-0.953083753242302,-0.941072811821587,-0.861229693982225,-0.759973635251038,-0.612049902101807,-0.433486438565706,-0.218911323165054,-0.00593992825142805,0.222199352506705,0.442286315556117,0.634329765506669,0.82340473494559,0.974738176480308,1.06280678641978,1.15094380872881,1.17148572248861,1.1441585463095,1.06998477657138,0.968645352590268,0.815703683817914,0.637967689206017,0.43830227186093,0.219117336951566,-0.00801160987226759,-0.217628918819981,-0.444397244002488,-0.629026208837759,-0.763791323979679,-0.885603917986045,-0.963510624731136,-0.995471929940723,-0.962122705408203,-0.894061508840966,-0.780541899215492,-0.625811786222637,-0.444781572061557,-0.234610476114469,-0.00795169234518459,0.222434857465044,0.4449170254662,0.661887501920882,0.833488528244662,0.989955028216794,1.10324685984766,1.1717126049754,1.20182436551437,1.18084378141053,1.11339292050403,0.985747810094688,0.849175055122436,0.666038470286182,0.434249467871115,0.213060141288282,-0.0186855394856566,-0.24396207689478,-0.450293176158792,-0.633402647546404,-0.794971140590611,-0.917300692688882,-0.980158045509585,-1.00884382328066,-0.984039227776762,-0.912232161269229,-0.796786818003574,-0.635044421443878,-0.45379121369222,-0.22895384575395,-0.00912559599360208,0.219830270313687,0.458540810136857,0.658013225085671,0.854332775479291,1.01026551967945,1.11771946092028,1.19255369193827,1.22685019821851,1.19643177580573,1.12394038693539,1.00375449408538,0.850962554695726,0.665696861831872,0.446534508090304,0.217479492117445,-0.0149335648151753,-0.244193673831603,-0.463165022908745,-0.645831443034344,-0.80071304852736,-0.936471625317184,-1.00335791980707,-1.01283218211088,-0.998239248312939,-0.930457605291839,-0.79929830326423,-0.650723478819759,-0.46147425991587,-0.236064503205048,-0.0206257694867339,0.223580748300259,0.458808002854408,0.668996906318107,0.859960157509777,1.02030215473181,1.12615930632501,1.20289283663491,1.24148024103601,1.21330763300269,1.12852416051784,1.01947920635835,0.862769682022823,0.674043415618106,0.462086536146566,0.218027989450696,-0.0206895418400683,-0.245193136827201,-0.451945353085575,-0.649400812674023,-0.803483575710297,-0.929395837546557,-0.984202088533963,-1.01603148742495,-1.00038774510546,-0.931489020927482,-0.810761598351866,-0.644474018933696,-0.455070038384489,-0.248998492972955,-0.00543309135377584,0.232315988821362,0.454042372862057,0.677528019352428,0.856058878437569,1.01711117059431,1.1436746395079,1.21453793008621,1.24474156216598,1.21569222845473,1.14038844121676,1.02220162155764,0.869787380783682,0.674685227054648,0.465070103538747,0.221552155507243,0.108359915359113
-0.0763737533105661,-0.0604328833414913,-0.0575345794040131,-0.0610026694905071,-0.0630971946761271,-0.0676401813007723,-0.0692081295205491,-0.0636323500985269,-0.0677577198493566,-0.0591764669662238,-0.0711062367543789,-0.071456739559381,-0.0582865091866187,-0.0568044990847199,-0.0736802248092643,-0.0636037637743961,-0.0647076032339793,-0.0692403170121638,-0.0692608313409394,-0.0782676118354409,-0.0642893466595462,-0.0666249346538112,-0.0585855737994879,-0.0643358085588835,-0.0644899266094656,-0.0636341563450896,-0.0586810744133977,-0.074894439129879,-0.0696314284637604,-0.0674909902869822,-0.0630780665578717,-0.0594804010358363,-0.0265256589418036,-0.0158173350276609,-0.0077964763857222,0.001299009745222,0.026014440842679,0.0311501907786556,0.0233366396487379,0.0212549649603398,0.0156545431540757,0.00804209931737977,-0.00186047728258115,-0.0161506840765325,-0.0245904937268728,-0.0644969057966919,-0.0688396472841669,-0.0942568988254578,-0.113165681418062,-0.123622229653752,-0.134890374198754,-0.153891052916462,-0.149028041892386,-0.154589614306439,-0.145426856573764,-0.145903525705771,-0.134348445094197,-0.131000178113149,-0.110507629348599,-0.0865527308035915,-0.0684665018837175,-0.0470047021167855,-0.00237153646574518,0.0176812177590836,0.0544001592303903,0.0863324962694527,0.0969937379417463,0.114205108292174,0.114080649831853,0.112417280155779,0.108838401415411,0.0850898730122873,0.0528769894770253,0.0246244114943967,-0.0048952652273376,-0.0524376700000283,-0.0847066783511666,-0.118987356051725,-0.156358281366857,-0.183018094783436,-0.214179594137651,-0.232549868345012,-0.236685962213594,-0.261386784657333,-0.250502304254282,-0.225920320878079,-0.213883730867801,-0.190920686647785,-0.15108706513165,-0.118791885211356,-0.0842224295297509,-0.0276445105839021,0.0203822457232122,0.074955931888871,0.115257199227493,0.159462938942095,0.180118582896366,0.207418787506981,0.210429404151855,0.205373884040075,0.1842727937708,0.160913023063164,0.113461156555293,0.0728708516598292,0.00814729202833802,-0.0452873126137217,-0.0901450226632272,-0.141032566469137,-0.21695017246075,-0.255997909305696,-0.288853472527147,-0.307478810441517,-0.327377989735649,-0.332487255235098,-0.327489582013311,-0.308951302333259,-0.284175581968015,-0.247576518610424,-0.205041660385325,-0.154152566505207,-0.0937221332235465,-0.0318954049203544,0.0524841267339838,0.116963143572117,0.17361820623202,0.22220282690805,0.268799208869856,0.293550506547825,0.280627631528144,0.282072510254134,0.269886868197906,0.22241705141539,0.181115325906476,0.114073338301027,0.0443077956158664,-0.0376101217597328,-0.104207585428682,-0.187987067563352,-0.246999942921809,-0.311170857393774,-0.349735715568041,-0.39323736996584,-0.415137253561924,-0.41960187233536,-0.420594329135291,-0.394927283952153,-0.36270735720841,-0.315626399148952,-0.240640455730331,-0.163001324599723,-0.108525213990222,-0.0182305142844243,0.0765596335737803,0.160055207808883,0.231871024902081,0.296766935095088,0.347567859522563,0.371759709196729,0.382250710562874,0.361007881247837,0.323111660371998,0.295957721339116,0.24232918101936,0.159279245758981,0.0759478824935994,-0.0187877195875999,-0.114459693772872,-0.210354251381389,-0.29416253805418,-0.365063258515778,-0.429461492765982,-0.469431729239457,-0.490679492027022,-0.522433524779523,-0.509970586719095,-0.475284549772772,-0.438529070777577,-0.357554767796561,-0.285065763477784,-0.195023909504224,-0.105157072579125,-0.00776836153134502,0.0950397800801397,0.207228511279243,0.291281865253628,0.353345882169906,0.414308222468618,0.453618202833985,0.458418000680648,0.448695888417487,0.42136596474468,0.372836750357418,0.293233045058244,0.206225162207652,0.102227777062646,-0.00614863648663027,-0.119101041466582,-0.217039074808937,-0.328052903565699,-0.42149353996682,-0.492776927789157,-0.54842987997246,-0.593228465421882,-0.598018948838556,-0.569868078367779,-0.555615163598738,-0.485514836059357,-0.424977329153475,-0.331619032092426,-0.236848349910384,-0.127288188394801,0.00361744903981181,0.129871585193727,0.23448620815055,0.334713345341831,0.433925181742728,0.489282543160533,0.528934026761281,0.548321876155465,0.514069760198795,0.483236953110638,0.428549792800137,0.348687607573599,0.238151002394102,0.120630684716938,-0.00420767759843556,-0.12618315226267,-0.260979966982927,-0.364219990664456,-0.477864865654214,-0.551781564475345,-0.621394216282153,-0.655094229318945,-0.678568686611363,-0.661261494581453,-0.620878103142376,-0.551658753259429,-0.477097503040101,-0.364172800092117,-0.26173546518107,-0.134302490962512,0.00355131052281481,0.142876143216277,0.265648815854328,0.400633785091323,0.481651735497275,0.5611537398817,0.604347025749384,0.612870799411169,0.604205248032875,0.55738802902808,0.489533068910303,0.387404199207635,0.273228818785554,0.136860263899787,0.00325372132758709,-0.134642753064508,-0.273090989923667,-0.413042441877983,-0.523212128530765,-0.607347364516162,-0.683462922297437,-0.717122470399085,-0.738936377799073,-0.729327451795276,-0.686169062265064,-0.623737812542032,-0.530646088523551,-0.41469835291717,-0.275956154518299,-0.145964042830867,0.00988737109141894,0.162341479050746,0.317987600599655,0.444153006140106,0.547368973529437,0.62361102156286,0.672018415111854,0.690050319010229,0.668390805089777,0.619250853438635,0.545706941711578,0.438902665052371,0.305769130630376,0.160486435909831,0.00812491338488318,-0.133205033001799,-0.302167192369407,-0.440700727254466,-0.5708858798315,-0.679403336023974,-0.752370611851499,-0.79789908045991,-0.820374626233771,-0.795996396498072,-0.74305445578235,-0.66679195781598,-0.563489136654864,-0.437693793287995,-0.302495512432429,-0.142833771151556,0.0266060736609633,0.197558223180586,0.343328108383486,0.482780325972125,0.587350884026998,0.683162658083317,0.721063159412695,0.742507532047452,0.732387905778905,0.686224375584771,0.591278120323414,0.472772434937727,0.349591948857019,0.175237900957388,0.0191865403234544,-0.140688864416697,-0.322166123314039,-0.471247176008859,-0.615079242435394,-0.714397629695634,-0.810897272198937,-0.85789172846891,-0.870278518929653,-0.85298153273445,-0.809719520942265,-0.723068404924904,-0.606312462825758,-0.471128233960182,-0.309357964094544,-0.148367490361989,0.0269002529486505,0.201238790790378,0.368097980979927,0.512382083717032,0.643565273765014,0.723683662067036,0.778021303524504,0.813149783861176,0.781870466058614,0.731964685130652,0.640661680818169,0.515690741495866,0.370306931424623,0.201379487121473,0.022548371043022,-0.15422433152601,-0.32966477710035,-0.498142110674712,-0.6499652234719,-0.762003485024227,-0.853943251563486,-0.906553437319319,-0.931502456886239,-0.914585713267677,-0.857516406012432,-0.763309983828322,-0.651090183753878,-0.501641580845683,-0.337887282752198,-0.157585080816457,0.0313678995706528,0.202474974439056,0.399204430306299,0.542376060112052,0.683407587258495,0.761817383590752,0.83517528102754,0.841283960518171,0.832976981030981,0.770140022984152,0.681967337568162,0.544344808672771,0.400098448998491,0.221790019414983,0.0287628105914151,-0.154684461805982,-0.344972598873232,-0.522214481543215,-0.677320866714074,-0.804434535933952,-0.914190199525564,-0.968354844957584,-0.985376650249113,-0.963234005211695,-0.907374318164235,-0.792527915594477,-0.686715905321464,-0.51739657148594,-0.345198731449836,-0.163704086123404,0.0350692613502775,0.232527632065876,0.419572711707798,0.576028574105977,0.712471492999822,0.808810828528648,0.87615470014563,0.904418944833558,0.87084129530288,0.82395191631113,0.707592996786737,0.582558021622019,0.42217625011562,0.239064306362661,0.0428138714929901,-0.161860448263726,-0.368335925740244,-0.539099068680867,-0.701142666352837,-0.837271231024852,-0.961412251493038,-1.00346656956606,-1.02996271177096,-1.00645558220119,-0.943039784360738,-0.843881496901957,-0.713236593281711,-0.545529067394143,-0.35929845243253,-0.163201249548814,0.0306884930279832,0.239590522239448,0.437522900970133,0.595981724792704,0.733108968226768,0.840438553054441,0.901193422280593,0.941332981751884,0.910140333139012,0.841737939430821,0.725047420116154,0.598773645953289,0.4268070046186,0.23892885214343,0.032247461740692,-0.172371476811322,-0.378666382164261,-0.566392264280499,-0.737120429154324,-0.871812527411061,-0.969121379517049,-1.04480591494842,-1.05456919065718,-1.04162383632717,-0.976813759848191,-0.877313427272072,-0.739906435053451,-0.564101001741423,-0.375410178294146,-0.173010281796605,0.0383894788608373,0.264492263316342,0.4595472003642,0.618666186446904,0.774759909854777,0.875813745680822,0.938490244001731,0.963895017056615,0.945348778902984,0.877835031577587,0.763522547575145,0.621349197900555,0.448118658360981,0.245883857530632,0.0391994210218452,-0.177154129213593,-0.386086416271945,-0.563382884689621,-0.73755402523587,-0.898077283139299,-1.00087135494505,-1.06975789168559,-1.08946298035878,-1.06287320316526,-0.993941892529703,-0.886630658529929,-0.747014271134982,-0.567220026497306,-0.389585169449019,-0.176889164614057,0.038063503067755,0.263571146936867,0.457035751941834,0.632837259432462,0.775455026669993,0.885504498067535,0.945328743657052,0.976799814474497,0.962981108808953,0.899041919091132,0.781410387725405,0.634802801036291,0.461033729143518,0.256159484957575,0.0405857944953164,-0.181870721406798,-0.378692091612559,-0.587607662072813,-0.762856981118009,-0.914975946091375,-1.02295826116803,-1.08795450490325,-1.10547980102883,-1.09062209391325,-1.00551035376871,-0.908542666880095,-0.764801813608476,-0.580382893875025,-0.386273902075449,-0.180541030078026,0.045104565324497,0.252012074392086,0.463141684232054,0.637095059622942,0.787688021722048,0.896232449188958,0.967047020729128,0.990706997380456,0.971027529169132,0.899925424875647,0.78704131003617,0.64952363149722,0.465064604013657,0.263715345995644,0.0309364689861475,-0.176358053060714,-0.39227414249126,-0.593819716451458,-0.781827134367438,-0.91689560202483,-1.03984361749461,-1.09621287122876,-1.1315525802402,-1.10209637115688,-1.03041509615519,-0.923451330314158,-0.773186685871694,-0.583137498132316,-0.387842401263077,-0.161416431743981,0.0488708814798238,0.261668197549752,0.469916686414567,0.63944999120412,0.795596696477959,0.903950332973236,0.981244159352927,0.992800739397672,0.976095169012676,0.912672339790634,0.793432158284675,0.651438190499329,0.465127477497538,0.265143421328584,0.0519029617556583,-0.16917194987248,-0.386911941399764,-0.596315272030539,-0.785170100600418,-0.926074663746616,-1.02969172469061,-1.09805439969657,-1.12735627978768,-1.109321234715,-1.02267540539526,-0.913979260379851,-0.773305036699779,-0.594211702576242,-0.401317817885003,-0.177251822711686,0.0483737531028019,0.25633639619904,0.45295575119298,0.635270039875698,0.786412882889295,0.898696373962597,0.96140415760608,0.984570494195775,0.963546181481079,0.89199999143859,0.78691514896969,0.64052092804148,0.467346027418989,0.268631003377397,0.0413623650692308,-0.175704121120602,-0.399855160933128,-0.601354603139959,-0.777338340244877,-0.922245270300124,-1.03120950300401,-1.10140878952725,-1.11022030202247,-1.09948941998959,-1.02158726377432,-0.914262876205642,-0.772873397021013,-0.599717555378202,-0.388297365525672,-0.170474668252517,0.0401764396882834,0.245957389584424,0.46265867457918,0.637824154151218,0.780824602071778,0.887694110812694,0.954563439826926,0.984734440160151,0.95939321150431,0.896620114100527,0.773123680573964,0.637899179267518,0.455121024727914,0.258174063905327,0.0409589941177535,-0.183583419258807,-0.37770381470977,-0.584698809437483,-0.774610304001796,-0.92186557227815,-1.0129099571874,-1.08501251644929,-1.10263663818819,-1.08596926408461,-1.0175934637083,-0.909393353958965,-0.755405699332942,-0.596633434049785,-0.387112012133727,-0.179181926623996,0.0493066662694343,0.250110698128906,0.439308947509948,0.624904962201152,0.759737088578651,0.863630175420471,0.939739867978414,0.952192521824907,0.937934976710936,0.878761152171957,0.767434747417329,0.61076984069721,0.453428076456603,0.24661486293764,0.0386679590071772,-0.178029991813201,-0.382806820221993,-0.577431588150237,-0.752763637042413,-0.889659027054042,-0.99932100723073,-1.06083775567815,-1.09285893186077,-1.05970285607383,-0.992897953357126,-0.899845843076075,-0.748369892052343,-0.575154773215152,-0.379493603074223,-0.178034505155604,0.0461136407719443,0.238670866263864,0.437403112542089,0.597481157108234,0.739134100047165,0.841839172756386,0.907741508952867,0.9233702968808,0.915634856623088,0.852027893219712,0.744123037774031,0.598411866537813,0.436661607878104,0.236884660380009,0.0509150929771842,-0.173308426207265,-0.366658302610209,-0.561365715779593,-0.72608014885868,-0.86727747140433,-0.985141281529671,-1.0430484897594,-1.05892055971757,-1.03700447992999,-0.974949627428239,-0.871583417231414,-0.726579022238171,-0.558334744842384,-0.375579982537681,-0.165353212074451,0.0366068224413309,0.236174377885084,0.416632497197829,0.578398077924042,0.710143847115737,0.813055265622087,0.876026002578874,0.895493219391737,0.870636345159406,0.80648443556481,0.714417286486709,0.569823900322657,0.412449384451362,0.234165719221898,0.0299112631767226,-0.159214881983994,-0.366977365822032,-0.557720707616787,-0.708190603968099,-0.836830593614856,-0.948452950602383,-1.00091940983282,-1.01865303904802,-0.999126448677463,-0.942035044326003,-0.848469846386647,-0.700667660852483,-0.555573331529102,-0.363952029123843,-0.157490941444828,0.0346227805187704,0.213744316187258,0.387382777702253,0.550663002559639,0.671801329983351,0.767619473431198,0.836752069032213,0.848531058427108,0.836063661333612,0.777025168512417,0.683578352866874,0.554100357039765,0.397316481736618,0.210800958435775,0.0264287515482046,-0.16756596069501,-0.352959685081853,-0.522594887732604,-0.674963224697101,-0.810756740040555,-0.907259249172791,-0.965296549934523,-0.987428741372489,-0.961099427272412,-0.911792086287859,-0.814795701352981,-0.675261723187664,-0.53095133775732,-0.348345465297411,-0.158240296052245,0.0343278186588471,0.211544294462693,0.366744373802126,0.523856836268348,0.639726719774714,0.72477521888363,0.783300233042798,0.806735235102584,0.78406578102388,0.72827823706706,0.634388549233758,0.513211458903431,0.377984109945873,0.201655756481706,0.0338768016424008,-0.159020357215311,-0.312886102286382,-0.495315102500162,-0.635287542032471,-0.76794713822198,-0.852525548735365,-0.919943758390337,-0.934753442990656,-0.91334157148681,-0.847031001365153,-0.77333564269214,-0.63954391824378,-0.507759286799126,-0.334241449969652,-0.154886215511424,0.0302284453177528,0.190652469731299,0.332411308760863,0.464627394836762,0.593717140826257,0.672355826576859,0.728401205194079,0.7441895215904,0.71884803097412,0.664750763951178,0.595486850722038,0.476567095178423,0.347658464321086,0.188558263952901,0.0257339301970758,-0.162214035074172,-0.313003337409415,-0.468904177517635,-0.602780290909044,-0.722133731677049,-0.804637762686891,-0.860594801368768,-0.875203238650417,-0.851464018771246,-0.80356681646243,-0.718680379316891,-0.606255674245578,-0.463010427822419,-0.321944323265244,-0.145038533211002,0.00901781564776413,0.160601139521819,0.309015895557754,0.436698146466339,0.541855590977813,0.612370827786782,0.667840180064004,0.68466331658315,0.66298755938238,0.618206299357407,0.537683408162831,0.441612046756547,0.294341214261396,0.175654534858689,0.0103762880198563,-0.145114815591154,-0.30395750537887,-0.439643410736217,-0.563361607179626,-0.669383627280197,-0.752979226593207,-0.802464129285347,-0.81854004723684,-0.803796411819177,-0.737612569436675,-0.665029824952156,-0.569600196515765,-0.447812346498039,-0.293024266888538,-0.146866285007684,0.0101140529440038,0.135542732146223,0.277801621312645,0.39365471423862,0.491403654457104,0.554255588562008,0.598456099279907,0.618901552966006,0.604730726387837,0.559610421411107,0.477746766595024,0.392118979919598,0.277421723735611,0.145690920642084,0.00330924954092447,-0.139342585264373,-0.281025100787991,-0.40946827808291,-0.512232948896989,-0.613432895249933,-0.683537115361647,-0.725186526082342,-0.748139782036867,-0.734730814593695,-0.685894688865263,-0.60768983652836,-0.522065730476097,-0.399305726185452,-0.281719870075418,-0.137792943276833,-0.0102017178447831,0.116938546523261,0.237209902660102,0.349551532787897,0.420260410473744,0.495018780387751,0.530001018981064,0.543989394513926,0.526896140613271,0.491688858967223,0.427112533395418,0.339195078661261,0.238228752407054,0.131687990870063,-0.00711446765512124,-0.126808489676656,-0.253158303247724,-0.368598840337147,-0.473453428696019,-0.558184149217674,-0.628089362927566,-0.670002005811319,-0.674995643280976,-0.659197416996615,-0.623929045307857,-0.551526030159134,-0.467077863519204,-0.371731972012116,-0.2609481746898,-0.131021949063562,0.000931461287588359,0.106455096420425,0.202843590052437,0.303526035045527,0.369001504111348,0.415743715985093,0.444567017744393,0.455061310101335,0.443378767779084,0.418531406728263,0.359959682184152,0.285251934004901,0.208985106179684,0.101488563954659,0.000137905690620785,-0.112421712628963,-0.227958351811708,-0.333197540889334,-0.421851769320547,-0.491868461387952,-0.552183742665606,-0.591233650133753,-0.599102891224413,-0.575089854136113,-0.552864062544868,-0.484375360668933,-0.413554245195122,-0.335298936633232,-0.230292497887837,-0.117593514273022,-0.00931224416412638,0.0717476256379771,0.1584439332128,0.236031523634042,0.294827476874698,0.346355108891887,0.370837103536962,0.384284199616275,0.375090358190128,0.34869764214401,0.301891052093711,0.244222670287389,0.156693626457838,0.0753921812394952,-0.025368576636475,-0.1043144467249,-0.206454575834022,-0.287536780454659,-0.363404521177612,-0.433451248584326,-0.46503141427929,-0.485798992323643,-0.519504806968367,-0.51021564578424,-0.478808369732626,-0.420989607445165,-0.357983576103646,-0.291400719939677,-0.205693051846561,-0.105611700679896,-0.0318296010301119,0.0483071352155515,0.131359479382366,0.175951120110412,0.230322488693894,0.268230176692833,0.292888657827305,0.290525394807429,0.297119208122268,0.27299103551471,0.228400224097593,0.169933705515222,0.117799184457854,0.0514755867540972,-0.0254129423415532,-0.101274479977441,-0.182159345713782,-0.244189242224613,-0.30888189305862,-0.348218523559883,-0.399317581471847,-0.419676779200108,-0.421367099964556,-0.426148325563011,-0.395482610089146,-0.361516983023091,-0.307986012232506,-0.246615298315536,-0.186815871912569,-0.101230438180294,-0.0372154478264417,0.0173540158395009,0.0722279204130874,0.115503735670643,0.166582603513862,0.17989544487492,0.213963697043648,0.207192433849123,0.201419837402408,0.179962561050154,0.158184815734547,0.125521881171298,0.0733180777526156,0.0107973971128885,-0.0415726740840305,-0.100494212122524,-0.142977123893965,-0.202063663759556,-0.251652307145547,-0.287897100374771,-0.317444389528252,-0.335803297396402,-0.342780465116804,-0.333629640784999,-0.315705427058643,-0.2841449327099,-0.253470519577067,-0.202245503796947,-0.153355226223433,-0.0911252171271471,-0.0399698699610219,-0.00213985903781608,0.0194466067042433,0.0547550029736376,0.0894699563003071,0.0899365938436844,0.111890071772577,0.117094405043279,0.119992426055532,0.105077515520238,0.0860908837043413,0.0614051680424419,0.028232647531726,-0.00309265029173944,-0.0347566760125016,-0.0755910990291206,-0.111375762918637,-0.151918330129723,-0.180833100113622,-0.210943920581621,-0.226141635858955,-0.243521113781964,-0.245033586427417,-0.239624119657741,-0.234180126258616,-0.215182436109551,-0.187426472803505,-0.149033596485478,-0.128805025207657,-0.0744116725592337,-0.0644437542925628,-0.0440441087696495,-0.0167043096470506,0.000515367941791796,0.0177431587764666,0.0128524542791733,0.0260497821341464,0.0362400824514203,0.023312284755834,0.0217215764681665,0.0109604636833161,0.000536051918268893,-0.0159975810038234,-0.0402618085184527,-0.0552820070339139,-0.0820868704134901,-0.0940012054847524,-0.0989968975882946,-0.125219628045565,-0.149952731061036,-0.148269549106974,-0.15915815436393,-0.165093192953293,-0.155396920021851,-0.144890511534771,-0.134922142073059,-0.126462294662047,-0.108018643144779,-0.0933161382366822,-0.0763072721673494,-0.0657187251973286,-0.0603794489206079,-0.0597458755132328,-0.0589696873359532,-0.0641302233054949,-0.0620378251600681,-0.063249284758948,-0.0593712033304971,-0.058932700619477,-0.0625995454352876,-0.0701573371886753,-0.0607082898093988,-0.0678010537403481,-0.0658231741245467,-0.0705619708259598,-0.0632404595867075,-0.0672941473530783,-0.063694452408449,-0.0632021772785908,-0.0686217504976561,-0.0642748674496014,-0.0556329949637604,-0.0712239395955686,-0.0640099210826238,-0.060193575542043,-0.0772847638940115,-0.0599678590860889,-0.0662991799341747,-0.0657783276716465,-0.0510141141137874,-0.0692811764974869
0.928903410326205,0.931510694306614,0.873346081088893,0.796080850541033,0.681255334170402,0.531289074270538,0.392481914378959,0.200623274108011,0.010596880949501,-0.164737952333718,-0.329710891839462,-0.492164151488453,-0.631662646281995,-0.736032836750658,-0.801665632325059,-0.834165172508495,-0.823955896368986,-0.778549960305346,-0.689300534464089,-0.591477896854972,-0.450593501870989,-0.28588716221751,-0.111904687078598,0.0714620650731076,0.256686909474257,0.439211850808168,0.584374542126571,0.717992090224499,0.827516743865267,0.884788603328172,0.930905527354874,0.930292790174194,0.885930712823662,0.793115513961698,0.681001853762087,0.544935915459238,0.377475285481097,0.191042904328271,0.0183871635501106,-0.163872767372377,-0.340342096194748,-0.496610280397935,-0.61858820632732,-0.728433373727055,-0.798916688811183,-0.838728941851535,-0.82906341266858,-0.782808332826982,-0.717761429584935,-0.590649380511999,-0.445327973571748,-0.294147936144873,-0.125501057664623,0.0630060568685759,0.24258924575948,0.424810969965467,0.577747303440332,0.732792830634249,0.822923030278422,0.890829665193203,0.939837690586821,0.927165744585317,0.878242801202407,0.788163670777833,0.681529344433344,0.551099139885325,0.376732517958018,0.204114957201268,0.0170546322061838,-0.16630265709429,-0.328071883285614,-0.490246118782373,-0.626619628422519,-0.739043580014395,-0.7851520524352,-0.843720347092325,-0.831067743856853,-0.782723400362505,-0.721224092774941,-0.592431969799088,-0.456352569583952,-0.302210668572339,-0.108993784109456,0.0796584179761128,0.246485008242377,0.424514826658932,0.590334618909821,0.715167010314746,0.824035592709591,0.885294415990659,0.923261041517063,0.916691720451761,0.878824912211041,0.787764489849915,0.686361638067551,0.555641917466367,0.376637447372297,0.202629817674182,0.0182893004661195,-0.149820600993643,-0.322653294068964,-0.491248868718421,-0.630977442465975,-0.725421280322092,-0.794122465854075,-0.826902921407427,-0.826307991562553,-0.786383152316801,-0.699753468094414,-0.595768946498462,-0.460619293202401,-0.299375975352933,-0.115231127556373,0.0686447474125781,0.252566133980422,0.422601703696815,0.583395246830187,0.715568525317566,0.825648259685986,0.893006755991616,0.923998951400565,0.930446285338048,0.886960409875473,0.793262110404611,0.694686106319614,0.547227213316348,0.392225722244843,0.207772988784716,0.0121545280305476,-0.149252836491285,-0.33915062636951,-0.498726342581525,-0.632440321774175,-0.731685378401371,-0.81507087798014,-0.837413727432058,-0.827192604020651,-0.793436531336401,-0.71394973368356,-0.593245998298159,-0.463735274031628,-0.288743831245541,-0.108744942387632,0.0689865407689774,0.254997441592753,0.419974866720367,0.579422703320845,0.71339607088232,0.817385712681191,0.895031996120425,0.921941577352127,0.931962534977291,0.88048025236069,0.788514205138559,0.685985018453169,0.543972291643901,0.387450878352241,0.205756149685823,0.0223041374177218,-0.159072811395909,-0.333830776697315,-0.497854869151463,-0.615083307468092,-0.730110275876,-0.797502608166719,-0.828599143501698,-0.849812982586717,-0.781486250351844,-0.711913248034863,-0.585319556719104,-0.45712487411907,-0.297823755823386,-0.113108298199063,0.0658387549678795,0.244673406588519,0.424584481105087,0.593527700437859,0.723901547936635,0.817610711812561,0.899830363268181,0.925186580081544,0.923246180781372,0.879164088967772,0.802295876591322,0.683711523691381,0.553521349378168,0.380124008696223,0.211133496062433,0.026951005070021,-0.165639807101541,-0.344885242581438,-0.485965930938344,-0.628923828472258,-0.725615611538841,-0.797602696830652,-0.826609133929367,-0.832774731082254,-0.792273054659375,-0.703025471489069,-0.587628438673768,-0.445008777155572,-0.281539032036736,-0.116452912436199,0.0727373281213609,0.252635698375954,0.428398445988593,0.577433270874645,0.725102072078757,0.81643064027695,0.880780633310855,0.927603542083699,0.925115614755292,0.873450383442009,0.797378162008923,0.684109958810623,0.546848237899007,0.378273319827477,0.199155591034007,0.0227323057495991,-0.155240000758115,-0.331205777866047,-0.485769438555937,-0.632253832159037,-0.726951945677879,-0.810831404659795,-0.840796010102321,-0.828980552128024,-0.78267831741546,-0.708665606900687,-0.604386444775811,-0.446988032748579,-0.286653806588932,-0.121156694263143,0.0650511389953502,0.242551475590968,0.426218306880984,0.582075949082284,0.718636295069383,0.806640569579749,0.883873867985955,0.920690652840943,0.923552296194594,0.873917289829135,0.790809791523491,0.684891150022906,0.542368494562086,0.385691373781901,0.208061557742256,0.0220882458895657,-0.155578955915753,-0.338081196185334,-0.500468068888642,-0.628183306058847,-0.729272780220522,-0.809523625318989,-0.834009864100561,-0.823403265065981,-0.799827009425921,-0.70720157118948,-0.595439892063317,-0.464227114726586,-0.294877615379338,-0.123259576967872,0.0613343637793861,0.250745780404528,0.425433428331614,0.565689277002529,0.709662667962676,0.826341537731169,0.885293963449529,0.929148220944322,0.922665228211149,0.881905404332297,0.797587660309275,0.686675536411423,0.552715890354477,0.392418264450902,0.203058633792932,0.0290290946694321,-0.155711563841407,-0.331835762213769,-0.491983634038078,-0.626692269630189,-0.732304941722666,-0.796241380009221,-0.831860539305375,-0.824057293263053,-0.801600239573961,-0.708365688666813,-0.595931017813582,-0.457473226623113,-0.303451087867369,-0.123184257041554,0.071396608389896,0.242553537627788,0.424858588431671,0.574519102535415,0.699073925396648,0.825037543482229,0.885725565673762,0.926661603445593,0.916904516089474,0.88437162776695,0.799373092500771,0.686906528763776,0.550302880755042,0.39020382570052,0.207763697321192,0.0310732164599021,-0.163829915606772,-0.334550888536106,-0.496892714002365,-0.611040668892359,-0.726454098043919,-0.799183417388898,-0.832735659177501,-0.834007732155677,-0.77639834888919,-0.707788936909792,-0.605649400468308,-0.456621308961382,-0.304770334303082,-0.107463067398974,0.0638858126072172,0.251914218071242,0.419974880494457,0.570030816377848,0.691324202561391,0.815133276622288,0.889999836674091,0.930530797008457,0.915349814123823,0.883150275962935,0.799758632900665,0.700658609451871,0.557548313107106,0.396429605830623,0.214626313341679,0.0323035182107233,-0.153524431926337,-0.331452691082586,-0.486711625010148,-0.624017509044494,-0.731390405288023,-0.791194185577304,-0.836611013194122,-0.828514573003795,-0.787654127803396,-0.717879996618128,-0.595512627460893,-0.45958164294773,-0.295693141012375,-0.12474536286267,0.061731595023508,0.243971565179539,0.415097261912942,0.577655356638216,0.715390411209823,0.816445550528395,0.887240717175438,0.92315273511367,0.916988992145929,0.879217702201606,0.804571505987824,0.690442958947646,0.558649432363079,0.396895763381813,0.213160770956674,0.0391213892416451,-0.154922771573876,-0.331615834487472,-0.480279725797078,-0.611916886737275,-0.722494597106663,-0.791130194062806,-0.834257520475604,-0.829203048381034,-0.783690409917085,-0.712410412822856,-0.602321514444461,-0.471857942761325,-0.297584726592968,-0.140679015914165,0.0586213225990523,0.239639238322009,0.415512998079481,0.584871638456126,0.710696362308197,0.823655776816738,0.890483177586987,0.925360703365367,0.913748083656742,0.885416406505534,0.807532112551912,0.700446267520889,0.545336168132165,0.403023146511651,0.213097054827088,0.0375080277694927,-0.152067377015957,-0.322107519706214,-0.475658358947952,-0.617690105170026,-0.722581932877653,-0.794083828992739,-0.833613776734658,-0.826929726804069,-0.796377500668542,-0.709241520371317,-0.603097190149897,-0.477077363779183,-0.293858187817485,-0.119187336031802,0.0462244100783616,0.242351240353587,0.410270486489453,0.570884451553229,0.706598129371477,0.817187758452046,0.893867486165446,0.924395582522245,0.913684216389656,0.88803369490927,0.804134225577071,0.702700588566274,0.556202671223631,0.394309545995993,0.218645781869556,0.0354466359261104,-0.145424432834074,-0.33238350605697,-0.480416498829728,-0.617266132144406,-0.719785551054438,-0.789073712747443,-0.832941156574188,-0.838538953479861,-0.794981901197003,-0.716035998999372,-0.61653540955455,-0.468574460538766,-0.306934457334756,-0.122914504059881,0.0523705528673154,0.239167351569558,0.404589610495378,0.580388120668713,0.704177605695287,0.819866244115226,0.875326468215825,0.925949291587746,0.924497962857963,0.876391400487759,0.800185116125878,0.685752955927398,0.561391327716157,0.403393613680152,0.216330435846892,0.0332077106258649,-0.1522406302264,-0.311435395194973,-0.474060353729394,-0.616214470799604,-0.726590829580438,-0.795636004464705,-0.834854785541293,-0.843152731452869,-0.797985658246567,-0.717553130248688,-0.611055562603615,-0.470488306303517,-0.302067322023044,-0.133737934195736,0.0506589243405847,0.230193482172106,0.406619058854919,0.564775613860352,0.714456763202028,0.823975077360069,0.886610993699547,0.925954233468063,0.908970533428105,0.885430032173707,0.802079015197255,0.703031699474827,0.557912544896155,0.393241286033446,0.218754984352462,0.0417460814002637,-0.14161855626501,-0.307677611181041,-0.471770410040467,-0.619678955060607,-0.725074642766216,-0.799907998178358,-0.84286525242381,-0.835847180138058,-0.795148232657651,-0.717558034526909,-0.601658230969988,-0.472922609928021,-0.309137753286596,-0.137346015455432,0.0518172596332548,0.230904354941003,0.40005433878173,0.576582028007759,0.704723013504791,0.814595735802299,0.887537638976881,0.920906465101836,0.92472929415073,0.881188916077331,0.807002984943244,0.69477793142787,0.559136119341924,0.406199769269818,0.232746383925935,0.0454530985050474,-0.137802168904433,-0.31661517502734,-0.48343893574139,-0.616946487935585,-0.723750748828029,-0.797890681659687,-0.830513892992428,-0.823783589832776,-0.795104998794583,-0.70743799028559,-0.61186105930738,-0.481182834674946,-0.315085850497754,-0.137631082620458,0.0495692356306147,0.234146466197712,0.403131849435211,0.566602084058539,0.708990307655089,0.807069333851235,0.877989606684763,0.920942272277471,0.926599234125698,0.88441662835296,0.814658369006742,0.696162634033386,0.565150408945346,0.400460045741556,0.237280853640383,0.0461689387472516,-0.135338775547225,-0.321774782407192,-0.475868181127218,-0.60698286298256,-0.713661336486111,-0.800031646075102,-0.828269869964518,-0.837226971328419,-0.800109043005142,-0.715024112575627,-0.613230144310191,-0.475180160594873,-0.313424536020666,-0.140449190696342,0.0441917810994945,0.222166200028869,0.401622388665322,0.555156249379837,0.6998363901526,0.812294952985056,0.876168774041019,0.932774771932501,0.938701869695278,0.887578058894031,0.81422751569813,0.701636125674008,0.562382012576556,0.413829578243821,0.221118241864459,0.0491162123119623,-0.135422876626202,-0.306888697448993,-0.473774601311149,-0.616010299912933,-0.713953085468785,-0.798650578135156,-0.835589035676251,-0.836790113499736,-0.793470156677295,-0.719719243591775,-0.612785594520454,-0.476298473886687,-0.313325091475369,-0.134497646179833,0.0387106305506319,0.229251735221571,0.409259364825378,0.561546247660828,0.699922539238087,0.798634660505742,0.878218247948865,0.916346848379545,0.929870381642596,0.889280076629503,0.812382586961994,0.6982140760935,0.570793595101877,0.410426454435131,0.231534790805641,0.0481370049170356,-0.139894171345056,-0.296581887829774,-0.468602880614642,-0.60791532582622,-0.728213495026903,-0.797012372035748,-0.83038289040273,-0.829768121223322,-0.796720573709004,-0.715675117876862,-0.621192779416513,-0.476608427324643,-0.312738385817906,-0.146398612784096,0.0449605297426327,0.223522748278358,0.404531551488358,0.5694679421535,0.699198724667429,0.818559575673027,0.880943830839254,0.92673442972726,0.929729724773538,0.876446202366047,0.813247373123567,0.705371186762837,0.570850521701074,0.403315609982608,0.233872989063682,0.0535571945218634,-0.113137298467815,-0.308946566143954,-0.475943104032388,-0.61264501640992,-0.722281952777209,-0.798046884966018,-0.827850341272027,-0.828869442585096,-0.793435346381594,-0.72235023478787,-0.612570805495084,-0.481648559070409,-0.312345217749599,-0.150352682252051,0.0272701940483683,0.221090214663544,0.393974754616307,0.557363559953981,0.689556177356184,0.809068304294726,0.872842331371705,0.92550837516185,0.918342530566342,0.880091903864974,0.813213855330096,0.703818309190572,0.58002495262009,0.42747920394965,0.238832149008196,0.0430679603206558,-0.12203755283635,-0.317323207316123,-0.476090191855467,-0.607747422998867,-0.725215063845739,-0.790681007297533,-0.817876843595091,-0.829962888729813,-0.798621445177197,-0.717407056969846,-0.61444392519861,-0.47901850005891,-0.311437495521149,-0.144565296348558,0.0436271445528704,0.219717289316931,0.384090975169969,0.56727242491928,0.701425691593999,0.795277070208881,0.878909408295463,0.912122750495358,0.924600589908433,0.870583280754455,0.812609577253976,0.712617421151615,0.568052135506054,0.41574042016683,0.238327068799573,0.0488972022737352,-0.132496092623952,-0.30913284914191,-0.472787547290237,-0.611955954809652,-0.73127533042401,-0.788952990607396,-0.823937341504071,-0.837695368771813,-0.797364981331247,-0.722587950913931,-0.611553315063453,-0.482959573726646,-0.329346553306158,-0.151213602969778,0.0370849467939076,0.220678108313478,0.389168136121035,0.553416894100916,0.709529368002958,0.803915722058762,0.865724835675252,0.920668145366972,0.924265835619022,0.885722947879099,0.805298417143963,0.709127425857736,0.574487290466911,0.409569861937937,0.238011278755008,0.0633008638249546,-0.127017380693128,-0.294898794804226,-0.46304549274857,-0.592424529308265,-0.708552701690721,-0.793517713353997,-0.833286735931649,-0.832827908779622,-0.800322250952294,-0.725762508049497,-0.619387966078356,-0.474196998369296,-0.324028767516474,-0.1599673637132,0.0449538360176826,0.232663092238403,0.392896842966178,0.554187387452943,0.696607489235631,0.808634383388446,0.883047084666367,0.931967599109054,0.924150741472139,0.886821325444112,0.803055266297605,0.708259554304303,0.571430194094871,0.425063577446215,0.235368100753201,0.0455701378935318,-0.11673460310635,-0.291695313247566,-0.463101251703555,-0.607070602420918,-0.713208701109534,-0.784740155366073,-0.828565837160457,-0.834417488026563,-0.793090360951862,-0.73071304983608,-0.621364414273625,-0.473803996490283,-0.331887630841848,-0.157498473633212,0.0289609521565798,0.217535461264714,0.391772792097202,0.551687734341398,0.699388172366711,0.80776922356677,0.885028243282646,0.927254664555843,0.921993811370139,0.896921606806881,0.81117420872316,0.711118277454886,0.576220465754084,0.424013146007614,0.239953354579338,0.0601984925241719,-0.123516387362449,-0.290485523198022,-0.475145695180408,-0.596394185412305,-0.710021189994671,-0.781581143268631,-0.833015146531748,-0.841921801091692,-0.797900458115556,-0.732360878911679,-0.629142746638211,-0.49978244535043,-0.33595079435316,-0.15714575517376,0.0260776187507271,0.225784191132921,0.382541577785809,0.549437522578257,0.686471159660505,0.810787014889152,0.875878709617909,0.919824245562387,0.915830393154757,0.888109531115253,0.819292636826148,0.712929414941273,0.563486032944956,0.415509470397341,0.240557211497961,0.0696734082239525,-0.121682840210301,-0.297374136226562,-0.455190556647114,-0.598022688094335,-0.703440898522737,-0.78680092294409,-0.832267431306554,-0.830972559336061,-0.803535801103308,-0.730986025259549,-0.614560718827565,-0.487312778143014,-0.336666472333825,-0.148648048325801,0.0390612968373986,0.215785886662642,0.398168409731792,0.549134688850512,0.680597777508496,0.794861172779167,0.863348397843075,0.914895945979208,0.921360821950371,0.897241956071153,0.820323237812035,0.708122725861788,0.57332820714209,0.42414390709435,0.248192250488269,0.059531344376846,-0.118966459028239,-0.293904384403882,-0.465668252454653,-0.60375454031905,-0.70720789455445,-0.784451709247822,-0.842139913216341,-0.819418658877343,-0.799739894000185,-0.729502229144141,-0.617956667562608,-0.499347273300392,-0.321836191757673,-0.160333001738044,0.0323142431489722,0.217801143028257,0.390481571048869,0.560521193561152,0.678086868761449,0.806593225099708,0.880243834615164,0.925319801341809,0.927793348462797,0.892747312860758,0.825363938912995,0.718391768861419,0.579856409082325,0.415743880061543,0.244331361675911,0.0618761405585507,-0.126477948223881,-0.296889423788878,-0.462211457976246,-0.588379815288117,-0.72233699116882,-0.780735925276868,-0.838749699416235,-0.846006842450725,-0.795212606485324,-0.729447884125212,-0.617593366180582,-0.496253360282397,-0.329031971854445,-0.149383324888906,0.0202868037141528,0.206567932264951,0.384463012274722,0.550748160575984,0.681139712317057,0.80168407145157,0.881743398922264,0.914336811293947,0.927474614902921,0.891213805722948,0.814710557152755,0.709892290746181,0.570678157131697,0.43344690426108,0.248360644963255,0.0649528271152997,-0.12132429248293,-0.285681447975192,-0.460023904441677,-0.59193892400334,-0.701929161484545,-0.78781113419975,-0.83593029424966,-0.838703038074612,-0.803067473898818,-0.729031106409875,-0.632354266984201,-0.489383450992571,-0.32581770380708,-0.156198036510497,0.0273855246010328,0.206914384557117,0.390651124346465,0.554268928414644,0.691382946116206,0.804214971613247,0.879145057224826,0.931953854212862,0.928377437889045,0.89660156667216,0.820321653663544,0.716226610427666,0.58170353029256,0.419924604238404,0.256603761286956,0.0710975514981749,-0.116009550973347,-0.304409873252231,-0.445385070010398,-0.593507867692904,-0.700818340366293,-0.788297259171069,-0.833378027354109,-0.82160204465291,-0.803643648844725,-0.736126070933155,-0.621204807731538,-0.48367448188358,-0.326217135029021,-0.158874263499429,0.0260086023377915,0.204353966622764,0.384138325474057,0.548316769017736,0.688653728582306,0.798480937074059,0.884088666745137,0.923708511060609,0.936692179583266,0.898164268288101,0.818039557582799,0.70853718470831,0.573753466255825,0.423415996613336,0.250516399125369,0.0633877475679637,-0.123540329292178,-0.291636800409373,-0.461439157029649,-0.599214763168126,-0.720275091539607,-0.781210128707375,-0.827687032288224,-0.822365856972506,-0.802288071289191,-0.739365006637472,-0.62778944018221,-0.485117655682326,-0.338547292898201,-0.15392010259655,0.0153925047852624,0.211012431865075,0.38078526683426,0.537813215298436,0.682473589731483,0.795758365554644,0.8868107725339,0.918879616766152,0.925004666479818,0.904578150794861,0.820573871690449,0.711320105840923,0.578374610159368,0.431148633511501,0.251587994402296,0.0770895897715839,-0.112920130037246,-0.289246955599404,-0.457440747745589,-0.588959566859122,-0.710998278812707,-0.790246152244901,-0.833423490840242,-0.829556484126642,-0.805990146261997,-0.727617236492177,-0.626585660269722,-0.492433115433457,-0.328289099471905,-0.167087963344603,0.0340001197420423,0.202855188274155,0.3774049693713,0.55492193387533,0.685533192836033,0.806340798131218,0.883103011737964,0.918369979424625,0.924775363333791,0.902867778971363,0.830610656728233,0.709850376759873,0.583648566676901,0.431648750434045,0.256612354599405,0.0645903004380013,-0.115742631153431,-0.297009153153384,-0.453608608962996,-0.5889877395422,-0.707203717127526,-0.782524868246878,-0.834840184665911,-0.835880925394898,-0.806974416100954,-0.721131145107713,-0.628770959772944,-0.488678280692827,-0.323546111502246,-0.153490490822698,0.0122753435510129,0.209791658107367,0.37336954582701,0.53945450511401,0.678456064432439,0.804118013543418,0.861862467443252,0.925375062257549,0.912072217321556,0.888761434869924,0.825570055023269,0.722152536945416,0.594287004682331,0.419026896456594,0.243302967901537,0.0667291210972103,-0.117367682092737,-0.288886788397144,-0.450905562594668,-0.588943161631249,-0.705778745228163,-0.790174526582626,-0.832516782788426,-0.842498742351231,-0.800394925890579,-0.72947509961652,-0.628460894434649,-0.495780269389152,-0.332905255726835,-0.153866842099221,0.0269192420192227,0.207227547296123,0.387604525026113,0.53519189248406,0.692028084117646,0.807589221301405,0.874715911257863,0.922439334281401,0.92672983435157,0.895631932038318,0.81896009235178,0.711318312201098,0.582966051700354,0.427874885286535,0.264641589192893,0.078967367857017,-0.104331788535689,-0.292660326720156,-0.450353164740075,-0.590026994590331,-0.705388722778327,-0.781856393570144,-0.827699595439807,-0.831965700987115,-0.793127515483934,-0.72963917987543,-0.622832983144554,-0.489131021219796,-0.336235345277133,-0.169444870604455,0.0294124835990451,0.20811624765972,0.39126303722055,0.540813015918398,0.689969864756558,0.805122060255405,0.885359189715672,0.914648897139665,-0.839180724512811
