0.0111682869179148,0.119307770285101,0.322245320043028,0.526387637043904,0.702612716573504,0.847944560821399,0.940909997571912,1.00864054839441,1.02928554176808,1.01904158986376,0.940399645058079,0.822786825221025,0.696667060852148,0.5256088166127,0.330373590299936,0.133889578787153,-0.0923018877734919,-0.295923112065991,-0.473893157564095,-0.65325520092479,-0.813201362074099,-0.912616495673336,-0.988088650102049,-0.994315677403074,-0.974426028115762,-0.912410094654721,-0.802068308584032,-0.663351869160039,-0.490110398422399,-0.291571316769746,-0.0825622661742058,0.129905119087149,0.326373157050216,0.519639118604251,0.69994557342595,0.840693152724508,0.947500713553463,1.00634502664146,1.0369401582718,1.00273066862697,0.941684665802777,0.831781841141133,0.693712381158112,0.522467281762028,0.344684712180693,0.119470692720723,-0.0911980143384088,-0.292735056542261,-0.498307411293914,-0.655851024385093,-0.79122946319686,-0.902391695989682,-0.968871789966072,-0.997853380000755,-0.959524920172443,-0.914005250875739,-0.801839792807669,-0.658528552358271,-0.485592180852896,-0.291830660389795,-0.0904140997190756,0.121230926619366,0.318267853491448,0.513288785160633,0.680654068073463,0.833067233383177,0.933841541079258,1.00239571054835,1.01580418123231,1.0074503767584,0.935362504744776,0.827051551147471,0.679912403454738,0.514394430103679,0.327781539782796,0.114242797896482,-0.0820029625913394,-0.290750241527236,-0.47919388002678,-0.647241203913732,-0.781172260691714,-0.90046913846062,-0.956806510896008,-0.980739078995992,-0.952454542700293,-0.886578140912294,-0.789137220840143,-0.648399845496004,-0.481850179495221,-0.284800505717985,-0.0803542225694158,0.127901464431082,0.328962716727717,0.506243192965194,0.672066874674099,0.817242830205357,0.916870644111323,0.970892324282389,1.00509297408015,0.980724493014788,0.904638189426129,0.819064874961677,0.668737519458201,0.504316064416907,0.324477518744602,0.11503598776896,-0.0818815784651328,-0.283518935916306,-0.476303571760951,-0.629136208704517,-0.775340614067602,-0.875089138325341,-0.935184776002987,-0.95049668307952,-0.952753049791358,-0.8763680450434,-0.773683555054148,-0.640027581415978,-0.46494012082417,-0.288995475316803,-0.082160282076335,0.115346956074515,0.306787099515668,0.498596838954271,0.659697298811679,0.78120156636761,0.88690685669537,0.95150047975264,0.965731770534057,0.951672277934937,0.885065854246565,0.785457146706724,0.649986666351508,0.499733020061748,0.32237811878862,0.119359323515205,-0.0782046779308607,-0.269064023360958,-0.458083301416761,-0.616027562496877,-0.752301955229927,-0.852142571876913,-0.908774777793194,-0.941967950007002,-0.919546668698502,-0.850982404903022,-0.749775161799098,-0.615696226907908,-0.468694525002388,-0.26920434802299,-0.0851359302857804,0.130414476906473,0.3045691341119,0.474220104157154,0.62501453798075,0.766917525898877,0.850392352792647,0.906050086084215,0.93707857521177,0.92116796764608,0.856563854383024,0.752572699476084,0.626996033739249,0.477822937302584,0.302636217136539,0.116659372709005,-0.0740870523612885,-0.270168178894979,-0.436981976741355,-0.593836566857324,-0.717828572834181,-0.829548185759752,-0.882224987561585,-0.902476438315096,-0.874395487823538,-0.815310987982133,-0.724231294286208,-0.591287561232742,-0.434700917635545,-0.267129838455404,-0.0677919839751886,0.108441531740406,0.287044313764871,0.458117746485527,0.607819458251116,0.721147974955169,0.802649827505055,0.881612971410835,0.890209772007017,0.871059346982029,0.834792457939314,0.725592172610473,0.61302276098777,0.45585433188887,0.295106466029176,0.114837195477782,-0.0812979168100786,-0.254369454355748,-0.423101904977541,-0.564877307616323,-0.696151169297246,-0.780410421757506,-0.83766123792902,-0.852877056148244,-0.824162612818029,-0.784537118345821,-0.681625778012891,-0.571212664890047,-0.423174762783606,-0.260480590385037,-0.0767916898766601,0.103323684953495,0.268248736779129,0.428007640115937,0.574435340775452,0.681439592242105,0.785621622773058,0.836953751926052,0.847005445297079,0.825536572109228,0.774478730676209,0.693143233720803,0.58845483784438,0.430278720880497,0.282517365276049,0.105546587286566,-0.0664689312049899,-0.247402434639498,-0.389737064431123,-0.539923905741979,-0.659283661174269,-0.743974775681115,-0.805689665580546,-0.809720993236162,-0.790314242603929,-0.732480184041578,-0.64984686203245,-0.534044532990295,-0.390646631386618,-0.240153471226558,-0.0747288506644208,0.095601660356137,0.258755016809203,0.412226013943289,0.535151773129072,0.646349930969194,0.726937291833989,0.779056299051282,0.797342928752635,0.771411797783272,0.715490652788325,0.642384377547147,0.546830759240751,0.407204552310343,0.266966719461004,0.108666798745467,-0.0525997268729579,-0.220150240526082,-0.380012939547304,-0.504327502921382,-0.603107733404961,-0.690576690304383,-0.749856236710943,-0.751171448058507,-0.737890131458101,-0.684269486181373,-0.613570914648163,-0.506437527512532,-0.364679431670774,-0.214441358659402,-0.0570388668320943,0.0882261985107442,0.245627525795876,0.376101517628448,0.495649509686424,0.593135622557983,0.668321644461368,0.729103576930778,0.738969062989956,0.721087236447859,0.673773024167086,0.590091866543531,0.496980076632812,0.380941281111835,0.236365222770258,0.0970469826071025,-0.0663243037968306,-0.202905324340357,-0.348285585782524,-0.472715287278216,-0.558214734425008,-0.648430220749148,-0.680826087602374,-0.698037027987752,-0.687752024870708,-0.636609651656014,-0.557930278998302,-0.46792230950163,-0.331828815107243,-0.20235219998985,-0.0615603977804906,0.0822163920806909,0.217681355442214,0.343191819760566,0.452881650533825,0.544428688758469,0.611442152112277,0.65760494308396,0.673032127508546,0.664690818510192,0.61042976852633,0.545890344962608,0.462747826216628,0.340905876222299,0.225813278667878,0.0840875072709103,-0.0470414643550844,-0.173797252900721,-0.315189146608978,-0.417690753031779,-0.507691755747477,-0.577725926428117,-0.627800861581917,-0.624497804670596,-0.612871309107304,-0.576572185614115,-0.510698381690062,-0.420212181959027,-0.309766883233738,-0.188146474678717,-0.0610165367606819,0.0897717318776345,0.199121941199674,0.301437572104537,0.41270243787802,0.48722553850103,0.545764886437817,0.587917063890872,0.596778749324239,0.585870533324214,0.554346178662707,0.483404868698696,0.398993352364609,0.303603607016869,0.194444118953783,0.0767161795115376,-0.0437315275208866,-0.160673704125195,-0.276981524961472,-0.364580683927994,-0.448788271490041,-0.507235969359174,-0.553020629194109,-0.556161146200783,-0.546805762064014,-0.509144994342677,-0.458431078192911,-0.37497619166512,-0.272621442220245,-0.156290592855894,-0.0452839004418995,0.0671389686932154,0.184308775761887,0.276667359813295,0.352697506464613,0.425071290559755,0.487852676402459,0.523005070486642,0.530194703150789,0.517523090238789,0.479078794787244,0.430225571456443,0.354875685030077,0.266480086329747,0.170173949145368,0.0667641722075066,-0.0327761120975322,-0.140332057618301,-0.233449454971651,-0.336916677598059,-0.389206018174679,-0.435755069703541,-0.47245307706761,-0.499957712591347,-0.482528310442067,-0.446676015114698,-0.383572398707628,-0.31806596929363,-0.233956291367703,-0.14263439167487,-0.0293479415640602,0.0599854357924802,0.154590058690021,0.239013715733687,0.303762807036025,0.356755833026707,0.40979623279738,0.44293458154856,0.447656677621202,0.432776074423244,0.410599813539224,0.365857389340825,0.307537564866112,0.234667447385263,0.143417457259967,0.0691139029504929,-0.0303119467012096,-0.103134062320835,-0.180397887338403,-0.263571317892793,-0.329776377679461,-0.370785706199671,-0.410064483396294,-0.408540968682576,-0.394852067089926,-0.375408992859587,-0.329555405971188,-0.272114874114567,-0.198465186476054,-0.123219694200822,-0.0223776148331229,0.0598373565645355,0.12850094739353,0.201031888373577,0.249276360465287,0.294687924256475,0.337197510486767,0.34703257891169,0.360284422373972,0.357632636202091,0.335112903004737,0.297903481393855,0.251159449150546,0.188692356465832,0.126903796005779,0.0526544958293682,-0.0152396220913537,-0.0867193936210003,-0.158507751038169,-0.217310082196655,-0.254545411242637,-0.299826582026353,-0.31069173327775,-0.328137068374465,-0.316574356808804,-0.298696144894191,-0.271087391734533,-0.210713529899059,-0.160888902500596,-0.098605134338278,-0.0127959294463274,0.0507970941999835,0.108437548816087,0.153740376067531,0.192349055577934,0.230923057069572,0.257622877714995,0.27328363859612,0.271294841043056,0.277753322696911,0.263582030200714,0.239947400251984,0.190188709196494,0.148716763109429,0.102831716425118,0.0372181776517979,-0.00422351421165383,-0.0521601382814314,-0.111839727111656,-0.157895549885748,-0.199062081277905,-0.217209177340104,-0.241766569986457,-0.243261463169536,-0.234452941867476,-0.217057666399458,-0.191318883460592,-0.157346340046386,-0.10034962892783,-0.0690036252396929,-0.0150367875011287,0.037670780083333,0.0691555410362494,0.1089132269376,0.136340779325391,0.16896876405789,0.166580740383137,0.199318941696303,0.199089203764717,0.190721424896824,0.176447993097365,0.160936266957647,0.147311786349272,0.101686285349024,0.0704189578951658,0.0371757656992596,-0.000687097318934656,-0.0376319176598677,-0.0641879288246049,-0.102805741706481,-0.121992929483359,-0.152969081488226,-0.142600917470077,-0.151262357768039,-0.158003425597211,-0.139372623842571,-0.138807676942878,-0.0909169053138615,-0.0698184798516102,-0.0384217112645852,0.00859380318850929,0.0259085133212117,0.0373746039552764,0.0583569431621073,0.0735462075347811,0.0839368834515506,0.106108109897801,0.110287808839965,0.110625777386046,0.100783589736993,0.0984550017207094,0.099313624865947,0.0624566581553078,0.0639697063708348,0.0458898863968722,0.0313847411977638,0.0101882163001641,-0.00369647073785583,-0.0307984052625818,-0.0251846345836464,-0.0538203061685058,-0.0663870872492156,-0.0809307116538752,-0.0664286016338082,-0.0737377506890098,-0.072976160804399,-0.0646139762528566,-0.045203941955418,-0.0228788846083068,-0.0108268207174246,0.00882394963770427,0.0115477067381467,0.0226668928392803,0.0165401237884615,0.0168041558076267,0.0212964447688665,0.0245707918555884,0.0174948712152692,0.0247980011808533,0.0212870230786052,0.011429318714298,0.0200735948224647,0.0219086317921712,0.018825267371386,0.0161941656876923,0.0187594138390372,0.0125944721803842,0.0226938417846916,0.0208127837060892,0.00889086050866905,0.0228826010765436,0.026852471184162,0.0167330222807051,0.0189790949943916,0.0189737501701768,0.0147011077057254,0.0125027917079107,0.0306669567121174,0.0186188171169034,0.00701517435964115,0.0185772833705808,0.00753806541412855,-0.00603581782505965,-0.037628416141177,-0.0372136199269058,-0.053680719620616,-0.0734229310141898,-0.0582730355782649,-0.0759612722794219,-0.072075826563247,-0.0646291204244462,-0.0452337538202043,-0.0412461304891283,-0.0156007407829479,-0.00603551819983061,0.00723667348913495,0.0295254555484123,0.0441938031090901,0.059469537567721,0.0811755142013835,0.0942409766572089,0.100194885289129,0.0940489500258035,0.0977714407718247,0.100456003296977,0.0931692828034676,0.0918382427267033,0.0704019233095573,0.0592971775325244,0.0418045246645081,0.0186028394299605,0.00265045175792631,-0.0188267064163836,-0.0739401084125267,-0.0930459235830564,-0.133999754090367,-0.137552504532607,-0.149489962262619,-0.165695738107247,-0.151835037287483,-0.133806360515511,-0.134162168868897,-0.0941419165829609,-0.0810943650516635,-0.0447401744124772,-0.00863609969417161,0.0527809776347677,0.0809000858373814,0.0971690931405002,0.142949192730221,0.162761009816758,0.1732828388469,0.195404810006048,0.189611052134074,0.188598213348434,0.174803952941984,0.162991426188731,0.145752547083624,0.104346610760126,0.0762005304273437,0.0274628795540224,-0.0126709620615428,-0.0747482467692438,-0.115342922400544,-0.165905849282119,-0.197552731829621,-0.222445122369371,-0.240346624154438,-0.240086925224995,-0.241476197283161,-0.23245578839393,-0.199183743039503,-0.152862498470821,-0.118427922031745,-0.0507780357023271,-0.0141061845494025,0.047536528995414,0.0962294094082307,0.138236667615903,0.194655523027984,0.232533426272505,0.255498709946137,0.282997352425241,0.282823491231375,0.271344737421241,0.253408942291094,0.226761157553543,0.193807641603473,0.158707491057722,0.0944679504764097,0.0388868407113803,-0.0231359723378108,-0.076702102547459,-0.151997841704652,-0.213648058732651,-0.25797726119791,-0.301297620132058,-0.316093523396544,-0.32993771688547,-0.32033818920418,-0.295341318223785,-0.26887427217034,-0.221377880531031,-0.14071897832177,-0.0861388970202521,-0.0156166471321958,0.0490523407016945,0.126188694079344,0.198548874745833,0.25138420390985,0.302382954927773,0.347241973647645,0.360419494034383,0.376011394410013,0.354224559218533,0.327651356692753,0.300663682375563,0.251524052103209,0.184757802650099,0.125503736468876,0.0546334863548075,-0.0304420030580273,-0.111565327864744,-0.185002216681419,-0.27008809212562,-0.327235604382107,-0.374820914879243,-0.395941634777102,-0.405455264228792,-0.399224809687745,-0.365325010429755,-0.328564605924728,-0.272355415900677,-0.204251713467106,-0.103857880167163,-0.0219281937446573,0.0578719729764493,0.155427091975624,0.224185154584826,0.315091681271965,0.365905601435939,0.410584962884504,0.430822884716443,0.450549874733862,0.437239181513959,0.398026141487334,0.366906913937571,0.293779064572312,0.225291577934814,0.16065784600612,0.0673225128990509,-0.0370369838498529,-0.149236956393928,-0.239789309729244,-0.328728947302902,-0.391089706311156,-0.445136860443095,-0.479756481614043,-0.48741626866554,-0.473595880292776,-0.430256982052852,-0.39558882604116,-0.314158285350144,-0.244738435362715,-0.137234071005249,-0.0324171179942502,0.0706253149681602,0.177522098812921,0.269700594140004,0.359990047875392,0.420501258688042,0.480523319460308,0.513700216830583,0.520174638406008,0.511247462073334,0.485757864504891,0.432802812871621,0.357062428835423,0.261258092334622,0.184988323345789,0.0710738948667906,-0.043933599749719,-0.171246606189837,-0.279263624734508,-0.375961018408993,-0.457324109669541,-0.51204844299354,-0.548719901738992,-0.559606796409031,-0.559155192388864,-0.508905204195695,-0.456867683601481,-0.378580994092652,-0.267650328946033,-0.164395228925862,-0.0461843076088676,0.0788620594607271,0.196287094987883,0.308801482494433,0.411588071048189,0.479704781309102,0.542992071346382,0.596606825098912,0.596489143351771,0.580453691528859,0.532578828213666,0.502269859196029,0.408909996935001,0.309364309796001,0.201568892461285,0.0859916730684396,-0.0478087054836415,-0.185139873676657,-0.318220045209966,-0.41519746939918,-0.505548882854897,-0.571769146023488,-0.618166754082425,-0.636030403277709,-0.627611729511242,-0.573788887300059,-0.503911596485658,-0.421112067579078,-0.306873725443138,-0.184664426382347,-0.0403121300450154,0.0881349324285038,0.221481141183065,0.347001568373367,0.45944204895689,0.541866935594232,0.614100016208158,0.651803202048703,0.670066479493535,0.664948168983989,0.620414158789807,0.556973122786359,0.458853741011293,0.336165226325068,0.223850140688856,0.0861826434340435,-0.052680176649431,-0.206106929324468,-0.33933567259297,-0.463831119076685,-0.551804303102879,-0.638617394582513,-0.685423664706998,-0.701727437668423,-0.679470783179334,-0.640344518623545,-0.569815620319433,-0.454488237118412,-0.338430109684545,-0.201728525472056,-0.051739525895911,0.103409422589433,0.235569918921521,0.378219624941952,0.498065873678834,0.596958147473513,0.679235719726688,0.714999043689449,0.737309432572986,0.711038681087772,0.662011179118398,0.599505303496401,0.486473527465208,0.371870653478467,0.240247409666588,0.0976562641225931,-0.0649207878705994,-0.217629098755416,-0.366577954335744,-0.504210068322479,-0.611051028563497,-0.689858852894369,-0.740158247540927,-0.756368820425892,-0.748714221574257,-0.692959461099657,-0.606625619687364,-0.498873112442211,-0.36374433803358,-0.227342379982833,-0.0605795514177467,0.101263807933229,0.242983677080625,0.39855410920889,0.536266290588386,0.646941020988913,0.726852637265414,0.772134443909962,0.798138520646316,0.779787282890431,0.726528588286004,0.6396122434009,0.545235497747186,0.400409031248869,0.251124391465912,0.100307466176416,-0.0649883632943723,-0.235254242627367,-0.401257692250888,-0.536372727791988,-0.644494304124251,-0.747634029005143,-0.793634218355999,-0.808672397800895,-0.791299861716917,-0.745882353514229,-0.651339498401502,-0.540435653431316,-0.404879027594751,-0.225531075685815,-0.0691418783466262,0.107392483315987,0.275062885270099,0.429916444473829,0.582723051658721,0.681324053771825,0.770179367391776,0.838421687699925,0.854998097474561,0.82885385082822,0.786064608266532,0.681844536922408,0.564541833920314,0.435383136536144,0.284476990352851,0.104043276552982,-0.0771866257162651,-0.265270793076782,-0.42394553466237,-0.57455274966976,-0.683164803634394,-0.799954337684827,-0.835713313155181,-0.860057370911255,-0.83253329089165,-0.787452136469759,-0.69209616899075,-0.562473529212162,-0.417548903416201,-0.256414393178537,-0.0770522268456579,0.110590386426429,0.294279821586871,0.45183639742455,0.593376893782197,0.731851349741902,0.832376517342158,0.87156617107642,0.892177607293256,0.883035753410343,0.826778273788214,0.739836960598263,0.608167141182372,0.45971848807537,0.302326874866721,0.0986938966742468,-0.0876817794658254,-0.270112435494046,-0.435061107744233,-0.594471963793232,-0.723906110060254,-0.832132918038446,-0.876595186862635,-0.892129352086253,-0.888544182991455,-0.814368495269786,-0.72319127167926,-0.598745316651272,-0.438210246945518,-0.268153475280157,-0.0732823569957248,0.115839892908627,0.296653267611029,0.479222787516214,0.638271923230067,0.745978843641656,0.847759347220396,0.916417794678287,0.939382639832666,0.90900957235704,0.863756976945034,0.770185413958074,0.641308514067567,0.478094013935679,0.307818364989876,0.113154412127426,-0.0867711912786079,-0.283207565081182,-0.453394471922688,-0.606926589717253,-0.748160150912422,-0.842547408651798,-0.918673091156549,-0.941793916505967,-0.91243661011813,-0.850786958149358,-0.738177969397872,-0.628817486713621,-0.468564862945038,-0.276958827284689,-0.0909656055362436,0.122500207942346,0.31824883941803,0.499017351592834,0.65741182419284,0.794142851551375,0.888948351920709,0.953341269784586,0.972211765414568,0.952800012382241,0.893495926801852,0.789830173425421,0.660916927345798,0.488347192573977,0.309997012159104,0.11252257081658,-0.0839766754571529,-0.283338116653707,-0.471871371489652,-0.637059283754814,-0.768143750230759,-0.874442928037787,-0.950633937016834,-0.957778574192811,-0.952179722626467,-0.878837248560793,-0.788936464127791,-0.633070411097238,-0.466720609432351,-0.293284809438612,-0.0919424717578227,0.119055345889922,0.324126724270603,0.506751129255453,0.6811494252511,0.814885809970937,0.917361050765881,0.981209758449032,0.997102615379364,0.979958137218704,0.918981512035924,0.803556517890354,0.677146528581324,0.506200956609493,0.315563260470993,0.113692025258345,-0.0826638722688929,-0.294612659980452,-0.486647038485023,-0.649641899238943,-0.789769409774842,-0.906258043491747,-0.94823205109281,-0.979162508645304,-0.959314645190286,-0.880634409003048,-0.790492403382973,-0.649509953406954,-0.475764032425187,-0.29292247992063,-0.0868907039308401,0.124492121370003,0.328989152442317,0.526746378376639,0.693140002497722,0.832445633728874,0.930418824026452,0.994628277013258,1.01787795658393,0.996905171187678,0.938590714700552,0.825636901008771,0.685419217191846,0.522350401071773,0.327492773440353,0.115929723348512,-0.0912560105655554,-0.287941070411527,-0.488671315190193,-0.656404994703321,-0.785992633740752,-0.897919920296469,-0.971975895594663,-0.993295531258281,-0.980776768996644,-0.898601044325445,-0.801792887376928,-0.662285943108734,-0.490114578280635,-0.299934010209482,-0.0810946274244525,0.130313574801902,0.332890158406261,0.521319797783632,0.690892661433436,0.835332935963823,0.940003251794776,0.998328228298012,1.03236584286572,0.990244086495566,0.944923314508929,0.819993593504187,0.701827242798773,0.520977075217516,0.328518560569681,0.123711200380938,-0.0776617021957012,-0.292495836154758,-0.496670414243318,-0.658986861719328,-0.80551018882401,-0.911754396216547,-0.970426201133585,-0.986255225797876,-0.971707611744713,-0.908336171209716,-0.7915525926402,-0.653046105901722,-0.489157215500355,-0.288477154160792,-0.0862886211294278,0.119822745785806,0.332729293672062,0.521568882257846,0.688604504502535,0.832474280676013,0.941901901001347,1.00886028247762,1.03783130868507,1.01222757212855,0.94766038775448,0.838202846454817,0.701776168026475,0.531807458920097,0.334646571658228,0.130008908838134,0.0120899406050142
-0.0564112711050953,-0.0676744875463621,-0.0710784970797496,-0.0648169693639903,-0.0876298641116951,-0.0921512875598876,-0.0933462529832974,-0.0900863621231634,-0.0976945196680123,-0.0885401189178772,-0.0890930967694659,-0.0936263197828676,-0.0781488337321807,-0.0896935891146229,-0.0702424172578716,-0.0604885119990386,-0.0493673382515617,-0.0486388270736715,-0.0445376798036449,-0.0357007633202718,-0.0302037781485522,-0.0386030328305432,-0.0166206894594336,-0.0166412307298399,-0.034008077931703,-0.027788587614339,-0.0391490736151634,-0.0382974677004358,-0.0409545496930285,-0.0520293080279783,-0.0657875825354813,-0.0642678320291327,-0.0413326653374519,-0.0306859231805931,-0.0344938466281476,-0.0300539337752448,-0.0115940416361629,-0.0235371985201204,-0.0202563129628,-0.0105614031854441,-0.013971816001554,-0.0250900936413445,-0.0446357304713625,-0.0322523085322128,-0.0604188025542436,-0.0497226897529279,-0.0668648036420069,-0.069182434197893,-0.0743158234591177,-0.0853028616334043,-0.0865425185164315,-0.100122597317457,-0.099115329875186,-0.103469376495828,-0.0986320354499984,-0.0944566154838493,-0.0995190346742494,-0.0830076773359441,-0.0919754345157379,-0.0736563881771282,-0.065327747107756,-0.0614208856523588,-0.0217297659631137,-0.00499552066618062,0.0171222356918119,0.0433046979315177,0.0583475161472865,0.0546202699949026,0.0450466833501985,0.0637993149739831,0.0473788905003518,0.0403165647241438,0.0141500406762233,8.0629294807111e-05,-0.0177005624380147,-0.045530087435378,-0.0750281994602079,-0.0941316222661406,-0.110596898330786,-0.136170113831257,-0.143526802805049,-0.169104827167605,-0.163830574060273,-0.183417072441577,-0.173567597732389,-0.171836105041805,-0.148527551660437,-0.122225420778923,-0.117399607225253,-0.0960664763742959,-0.0791633447219767,-0.0377904641590284,-0.000169523805129715,0.0305486691068367,0.0800272430789006,0.101077283313295,0.113852848452148,0.123388414102703,0.134617141055547,0.145545309640902,0.11204806469383,0.09476619353714,0.0703450106970392,0.0304441048082419,-0.00136481871366266,-0.0410049063594697,-0.0700084730010858,-0.12411581446328,-0.157774115657761,-0.1988925184904,-0.22014830636852,-0.243336907340145,-0.248008658275775,-0.254032617735176,-0.248583457172879,-0.237192789377596,-0.216800165718548,-0.189554326051692,-0.14978075367631,-0.121893114674082,-0.0782186508546645,-0.0337468348377043,0.0195939822273044,0.0673637377098835,0.124244483025553,0.152011257079038,0.184123438136319,0.197411221601059,0.209850858334235,0.201309403301891,0.176547478766168,0.156191431106083,0.117464961590847,0.0730092912678307,0.0307937216733029,-0.0228390755007897,-0.0853084712526521,-0.142846413411828,-0.200659901283789,-0.24213021613294,-0.28518162909188,-0.311082013357201,-0.325335610450689,-0.328215686667982,-0.322084033236436,-0.313512935462522,-0.275486532149332,-0.235249713423149,-0.197468179056434,-0.13894178326735,-0.0861674295182875,-0.0166538719636623,0.0452229473117896,0.114169117949514,0.165456349711757,0.215961748912037,0.252183566542878,0.270248055926488,0.277301166202718,0.262965556545774,0.239425749689215,0.223939973588755,0.168592013564895,0.107546659592501,0.03702803252428,-0.0343440223561267,-0.0967336886468923,-0.154894590736443,-0.222220316369546,-0.280935312170568,-0.349655663560388,-0.374183692413409,-0.385401486571576,-0.391315833649644,-0.396879017234402,-0.372253868953077,-0.333981386061178,-0.289544928506721,-0.207682181449545,-0.166764726271727,-0.0864231108534226,-0.0181410949547573,0.0630208445754668,0.148890821295584,0.220722110069235,0.272219673826214,0.315352041222232,0.332075236179856,0.34567426376161,0.342742707598461,0.314836660090837,0.266142590018625,0.215877446093599,0.134189881979394,0.0687280091136982,-0.0162740484581476,-0.10253568940807,-0.192250486259518,-0.259854608553368,-0.325285138968418,-0.390579638573199,-0.436099823130829,-0.465903637900826,-0.469641114698392,-0.466586449259918,-0.428160873178343,-0.378041934719157,-0.31972464765302,-0.262327043970993,-0.192232172771616,-0.102395326919311,-0.00373651805364512,0.0790469619908402,0.173042329617375,0.257213259254237,0.320454169424354,0.376964132274091,0.394088845669106,0.412379283823626,0.396817180106662,0.375178882844875,0.318122962828872,0.259554471176635,0.17115501789979,0.0975421345763123,-0.00917876222448407,-0.114126515798007,-0.207784139086054,-0.285814223032523,-0.376723363611287,-0.453351940183526,-0.487621198730395,-0.523145035266821,-0.535679716829249,-0.51857794095016,-0.511677893873278,-0.443626204548362,-0.36631040025421,-0.301218502632278,-0.202927508774626,-0.118537901076975,-0.0087267607826453,0.0991415253025885,0.205793963993798,0.295752054121174,0.368716830983837,0.430911110526577,0.463989386700974,0.472004755853629,0.471499792704351,0.425866579506429,0.379777536979738,0.298405370446105,0.212327555982378,0.0985563253050402,-0.00306279506529198,-0.125367414439006,-0.225121401794603,-0.330989955371994,-0.419945056834529,-0.492834083237345,-0.542025092790203,-0.591000368926214,-0.596356089042456,-0.581408959870909,-0.555531219305696,-0.484576711039326,-0.413103376894869,-0.333630388812358,-0.221618418158596,-0.116457950459314,0.00292248550859549,0.122289064845401,0.241096375395459,0.339803468633046,0.423668518179546,0.474125941432496,0.525306976996181,0.538311969569027,0.529590282290412,0.482643857627323,0.423488450355847,0.336402863688475,0.237327436185408,0.120361958696598,-0.00363570502197431,-0.124386652686164,-0.241024604355044,-0.360613288961115,-0.465731369561122,-0.540876340357492,-0.595500834707702,-0.639118609303363,-0.650224541696112,-0.646645593769005,-0.599926074001079,-0.529977563702767,-0.454871344617939,-0.344282930256836,-0.24043380546411,-0.121022687868226,-0.00736067187322781,0.13171844604704,0.261775331163774,0.364589090437025,0.457426639777003,0.521532480520134,0.578806823750247,0.585596864944654,0.568529347755286,0.527504062415637,0.459150315382048,0.373156406655469,0.263030251779338,0.147941410646422,0.000314044938051793,-0.126171329874106,-0.25892266523826,-0.378627456995152,-0.49267288644347,-0.579367204033606,-0.650584927114191,-0.700272866513154,-0.712043545881755,-0.683267920022108,-0.645527744487071,-0.591236864555124,-0.494233798066212,-0.392051814050965,-0.25739411448958,-0.121570566577088,0.00655685708663416,0.150228639499383,0.282915278349338,0.40823486909468,0.496166805167566,0.582721228821955,0.619264405250722,0.636474246236606,0.613780171761541,0.58416675534855,0.502949220485322,0.404920149356011,0.276748269792551,0.16198333674116,0.0137672910115576,-0.136419284577502,-0.281449153520131,-0.411149095551087,-0.520965638225091,-0.613616521837898,-0.688666836103358,-0.748860712042808,-0.763206494827794,-0.73579161997616,-0.691098159236188,-0.629409520315512,-0.526413742655675,-0.420034536393756,-0.274371737604509,-0.133916034126952,0.016406209142871,0.171150516431656,0.315066333624781,0.444263390329141,0.534014189968678,0.601931724964554,0.660223881171673,0.688223482206312,0.669854092521275,0.623226772548427,0.538149098989032,0.440122182596433,0.309444272671232,0.170376839253978,0.0115568429453579,-0.130175740655769,-0.290323010125266,-0.431830948694808,-0.550525311835498,-0.659424733919382,-0.737808480739005,-0.775639977008567,-0.806618604585265,-0.777933846971702,-0.73774292612617,-0.677831350427444,-0.55515126958081,-0.430815834852149,-0.282103892585662,-0.14190483743135,0.0190103009230469,0.174002238300788,0.336506340250669,0.463152147331853,0.576507505251564,0.660314391738302,0.708088573251515,0.71004829481427,0.694530650246016,0.648615130821272,0.584880282241938,0.469651944038175,0.335215632702144,0.178876864642203,0.00959797190079622,-0.133812424642831,-0.299241920322274,-0.444863487139431,-0.57418349811413,-0.694913312693326,-0.775099922141743,-0.822485073629149,-0.844658701341328,-0.826681555334087,-0.773807825928045,-0.692264137514835,-0.582362309350342,-0.454984172567334,-0.289694387803576,-0.138452337874801,0.0267271799157025,0.187824576476365,0.348015292540132,0.479436682248068,0.598368301232864,0.668318137837321,0.72828514027513,0.747270720038806,0.730833514271832,0.690165924327853,0.602149888489665,0.483185622637623,0.347883432832469,0.190912883500765,0.0183132776163602,-0.137726284634932,-0.304180672621087,-0.465683816947075,-0.592927595300964,-0.722249978383908,-0.809959696346777,-0.851889428387447,-0.869236337519365,-0.856979390751371,-0.806118979008408,-0.711539938029089,-0.590008011155302,-0.46203648679822,-0.308549124945803,-0.145363510599386,0.0233966471986013,0.191285181658582,0.353227733062701,0.487768201720212,0.61876647790899,0.702348953973784,0.754642426966876,0.77813861242765,0.752116599169858,0.707955895072157,0.606552373951555,0.505578741645793,0.356885827724295,0.198107340353156,0.0321647770303909,-0.150324710748403,-0.326208178178708,-0.482467338926924,-0.613206706803716,-0.73968835808579,-0.820645122367599,-0.87759046895154,-0.902467704423317,-0.881462278656119,-0.828813041299436,-0.734549524555417,-0.611704723757205,-0.47482669714912,-0.319788940777301,-0.147542701018325,0.028719197628439,0.20337341106556,0.365984552918758,0.517569281957062,0.634437116003777,0.725278996654464,0.776457317194768,0.799645194296776,0.772018863764159,0.72830315214969,0.633344765640362,0.526663190965157,0.361658801005598,0.214565779966219,0.0357542461052154,-0.147103049310978,-0.329562339459176,-0.489405461238803,-0.637392868422397,-0.756843672506118,-0.845044406913978,-0.902593979728617,-0.914420255307546,-0.895877885595482,-0.850410014996601,-0.755545798640745,-0.63588587668658,-0.492801579313553,-0.32006897262484,-0.148016729592894,0.0345877457727879,0.225565770271694,0.378324162942446,0.506665091434945,0.647474741419945,0.735713198472446,0.786493756887067,0.812359681554912,0.791784547090913,0.730094543144397,0.650745324196902,0.519943110430438,0.378886209160442,0.226672726607899,0.0234306652430543,-0.143375473382726,-0.322106390544546,-0.490894742558857,-0.638273078777337,-0.761341068433587,-0.854427299336173,-0.912368485201393,-0.928628622237081,-0.92065904770164,-0.859491520774548,-0.762697775757603,-0.648137161855077,-0.486780590884312,-0.326763212644356,-0.151731985598032,0.0433557104892961,0.218005298532533,0.371148080476743,0.523179610300948,0.654586527396809,0.733132200462348,0.802228544626901,0.820017044364234,0.801349407267302,0.749343813155641,0.632967191508761,0.527651374917329,0.384138414488202,0.214724284657025,0.0320337402018493,-0.146717362741385,-0.323226299274262,-0.496628797003102,-0.651218083976908,-0.764993029609433,-0.863934848173125,-0.910204533647504,-0.937934091078198,-0.916466361893128,-0.861923392293696,-0.761713155627029,-0.647926691865329,-0.496951453630142,-0.331578140849274,-0.146064986019163,0.0275953938567468,0.20723661266151,0.390226423164479,0.519301616658716,0.647277485486943,0.76373623994957,0.792347413534763,0.818148805628463,0.795637789172436,0.750881786026526,0.638428966135875,0.534259922086936,0.373986763289728,0.216978205319693,0.0330249993583957,-0.151481179560566,-0.324736412778313,-0.497802790816854,-0.644971119973979,-0.769465538043415,-0.860748620272811,-0.912277652651532,-0.940340734295339,-0.92122178504457,-0.86034488449349,-0.764004791406476,-0.649830266247795,-0.499771008362119,-0.337633652239644,-0.144303739965492,0.0195940087472517,0.208045669825844,0.374185782617677,0.525793027612397,0.637299107201234,0.736440211926364,0.791782138591416,0.809153489108878,0.789747982224945,0.726859493444968,0.645555980365643,0.515227837783034,0.371301219746053,0.211791792820996,0.0387390215589333,-0.154132409861337,-0.322443681383574,-0.494916279364628,-0.637077264008791,-0.750851085624284,-0.855215373445939,-0.909583864279763,-0.919067444947416,-0.909579677373527,-0.857399596622417,-0.774398534994165,-0.631258625084243,-0.487663121829078,-0.325511417626979,-0.147421480764476,0.0306921875280378,0.202228278198624,0.364513503577616,0.509275955492397,0.631227003429595,0.712331138664761,0.76718769787487,0.804424911021543,0.772258513155887,0.718768482506727,0.631089601703356,0.518014343061942,0.37582523124801,0.201597677125499,0.0314721764415566,-0.150401776137243,-0.320430173087978,-0.494854023790784,-0.62221094928041,-0.749578029313099,-0.849451365761314,-0.900640817112096,-0.915666931266109,-0.887990884335712,-0.843776056967718,-0.743042696533957,-0.629938440299527,-0.483814732713416,-0.326304217152727,-0.147542164588425,0.0321794621971061,0.196238110741235,0.363389673554592,0.497441565886666,0.604065956319137,0.700660918734036,0.755558271376789,0.76273448804071,0.762071102934434,0.701501452791408,0.620106716040783,0.500786331318007,0.360887524252898,0.19709565885841,0.0216623779461574,-0.15412933953258,-0.3168101157553,-0.469528174280748,-0.61609102955251,-0.73942861361005,-0.812721731992858,-0.881878483400873,-0.89458990546556,-0.877560208827754,-0.822114039799898,-0.747220573366679,-0.619538366486987,-0.474202895873583,-0.319898577335577,-0.151867557716214,0.0283518811571746,0.198318667930531,0.358890280447896,0.475645779007639,0.585659362140218,0.677224712922191,0.732647855256604,0.746964309672959,0.731420213336462,0.684726618228654,0.593384772559567,0.491427324289576,0.33664680475143,0.180926577446414,0.0273813472860378,-0.149042313945966,-0.314254819809695,-0.461167188307988,-0.597644344564303,-0.722002722109376,-0.795435708805524,-0.854436210981788,-0.878863927362705,-0.859500439158098,-0.804256444311043,-0.714603263115768,-0.598835908862133,-0.475491914618536,-0.309912766040276,-0.141642555972684,0.0324607771239358,0.184914879768337,0.325651951841757,0.44823112078758,0.571042272329488,0.645869124155727,0.714788516478166,0.7114066308209,0.694776182927295,0.657791512511052,0.57177326737371,0.458393243346572,0.330023411048088,0.182132262569023,0.0122933199052899,-0.140982790367185,-0.297031920470549,-0.449264573291205,-0.574394530129929,-0.69802891236628,-0.766578877394962,-0.818972051447655,-0.836816647440425,-0.807714538529943,-0.764563510605428,-0.68499308505361,-0.580379786300986,-0.443107455223164,-0.301566107801475,-0.141799232094123,0.017019036289559,0.160449904833939,0.304729482875979,0.432174196874924,0.549619169590522,0.618152356018907,0.652149864952813,0.682242672803857,0.664013739556851,0.613521196080728,0.539298620769791,0.427603446758766,0.305027567218247,0.165426819069815,0.0187277196117373,-0.13323161066831,-0.275409021144645,-0.422950300879051,-0.559271656452319,-0.653974465362264,-0.737987578470564,-0.781828352487332,-0.784861053174136,-0.781811278905614,-0.734339135608706,-0.654516305127126,-0.556377745516936,-0.432498815380927,-0.285226701553866,-0.139640782253192,0.0129489396302907,0.156735667324962,0.296345522205534,0.396138763465222,0.495137054285056,0.58061994807458,0.61874060196431,0.629798464308014,0.613841737895426,0.569453658142612,0.507430207627534,0.411283923581048,0.279885721442557,0.148538443073489,0.00964912280865736,-0.135621327281038,-0.266428435929816,-0.404487297285669,-0.530980858770038,-0.622504531127077,-0.692432371545511,-0.735576043181199,-0.750522861118355,-0.73575129460305,-0.686953301795916,-0.624178178633567,-0.524353473816716,-0.392120907934151,-0.268592167818426,-0.130678835421547,0.00298452530086779,0.138234337231985,0.263620227256401,0.360645457096182,0.453852428015402,0.52524947846148,0.570543412459867,0.592869626888045,0.570908539907259,0.53074747531287,0.463339753820212,0.374396272188829,0.265377118822579,0.135590662943063,0.0136305338530744,-0.127766265092987,-0.249316027547906,-0.38216839627585,-0.495432823353929,-0.577312893731584,-0.650907744749209,-0.689402637047178,-0.70913572616357,-0.691414698107056,-0.656694624461818,-0.562398456615094,-0.489103518331119,-0.375647561575894,-0.251914573423048,-0.125842831407111,-0.00479933491624955,0.122085834577292,0.246584739019626,0.342678577941186,0.412308229955354,0.477690125399932,0.519700594202334,0.527057315543332,0.520199698142395,0.48011417358641,0.422161926822828,0.327681224501646,0.231579375373335,0.123422617286647,0.00215949548203491,-0.123012128901704,-0.23924553934712,-0.362178896597233,-0.460907237335107,-0.535146887030928,-0.593582535632317,-0.63101611415942,-0.642070712556628,-0.642043237586648,-0.587421521266245,-0.54782935863942,-0.449769843305904,-0.358542632735328,-0.235406642791106,-0.128052783480001,-0.000666339643148018,0.103874398258915,0.206253895592012,0.295140067848448,0.379448483629324,0.426208870946767,0.458154974690551,0.476614908649999,0.452644701136793,0.423663871027284,0.362471204143705,0.291691805896658,0.199540145504933,0.0986914956420538,-0.00329506171682756,-0.119561160914714,-0.215342391214592,-0.330189413767985,-0.417241113281995,-0.498010565249268,-0.540746945499965,-0.571338200989641,-0.592709958226255,-0.581100135962132,-0.547467350787412,-0.491412635671204,-0.411574968570122,-0.319229631575409,-0.224557024785903,-0.110040771727118,-0.0170932845360014,0.0784127635335978,0.174030108728928,0.249934805460663,0.324503302749138,0.37479502864028,0.390142461932146,0.407863800506716,0.395532139101872,0.366602735470108,0.3235092225548,0.249205473206686,0.184430635020098,0.0850321490088153,-0.00921853258210572,-0.11555121191091,-0.195093230788508,-0.290580621677054,-0.362796476955422,-0.440184188606658,-0.49374433700637,-0.521330986528755,-0.531489544891209,-0.513909813334723,-0.491917006563603,-0.442402276528019,-0.373017500165138,-0.28359017673712,-0.204965157585483,-0.128489670046055,-0.0187139862025147,0.0531637778046521,0.134598266177386,0.21383382387427,0.26919467042238,0.306134780082842,0.328694431387081,0.333538154095527,0.338548559775879,0.306737810197682,0.268244675786579,0.203968978487124,0.144797234628796,0.066596627398624,-0.0251237624532271,-0.0995014044192653,-0.189191157082633,-0.249613200536009,-0.329845640937394,-0.37746317396681,-0.428986642884246,-0.449750151059756,-0.455810937453061,-0.464605520091538,-0.438385274472875,-0.367221281412059,-0.329814536129679,-0.255601939686992,-0.186274272789888,-0.102869155942369,-0.0310324396452194,0.0445728406508858,0.0982567107112559,0.173013871965442,0.208994062212244,0.239985577247705,0.261004844116884,0.267165997348306,0.263622854977281,0.247846165358859,0.210287104979702,0.154066397322262,0.0986610010623972,0.0467890914751814,-0.0289594537333149,-0.102575107297675,-0.163168358153426,-0.218424001100438,-0.279608434154982,-0.325005996985506,-0.356135187363851,-0.391084059716401,-0.388969246928374,-0.388260565372978,-0.358286619320054,-0.32013356997938,-0.277892981178812,-0.240099629857742,-0.157536576902256,-0.089542537311587,-0.0327491242513958,0.0220452179306192,0.0900457477122106,0.111878397213989,0.153790709384135,0.189761066679575,0.193931998459122,0.196518828990098,0.192910834512761,0.189221906981623,0.154638396970667,0.127351823100083,0.0637450757457135,0.0191653166444831,-0.0361086459943571,-0.104720572822455,-0.151794339547909,-0.185547764182984,-0.239752973740279,-0.263146854748613,-0.294311886795641,-0.317817121306024,-0.322321773628149,-0.320119272710106,-0.296926473186687,-0.273903143701878,-0.23791154213412,-0.185207341161617,-0.140213583399593,-0.0718060826710327,-0.0476305056673129,-0.0117100727088298,0.0308630165109233,0.0706711298710542,0.0893277362852126,0.114239917595281,0.126393191927426,0.120767109556824,0.127112609729205,0.106962574596708,0.0958463127611072,0.0713344955789972,0.0378249162463743,-0.0049805750607145,-0.0394832300967819,-0.0858206511661218,-0.118678746165208,-0.164264882797904,-0.188340446867298,-0.207174814828754,-0.241773222900847,-0.247253751538106,-0.252748886613109,-0.241712013344332,-0.232683916785657,-0.209068921872582,-0.183124152613446,-0.15276481986508,-0.105799845793955,-0.0802843076606365,-0.0415943593497229,-0.023288706118073,-0.0118881609025028,0.018373551158064,0.0210182364515499,0.0373190645154552,0.0443865275358248,0.0519397226120018,0.0508775072341387,0.039338142224176,0.025161703126568,0.0208105603669718,-0.006191595160056,-0.0367067667940621,-0.0458771762806811,-0.07749829165076,-0.0992387529082997,-0.118486708219285,-0.137977834806656,-0.138772473227618,-0.152358620512939,-0.174472647101817,-0.173619902802777,-0.171345592267573,-0.164640488872564,-0.143186187109625,-0.137810593662738,-0.116139081050434,-0.106699584850795,-0.0736771711451437,-0.0467383026286518,-0.0506328921161753,-0.0444655440649495,-0.0314558596803387,-0.0284096479837134,-0.0219792127780224,-0.0262437480523574,-0.0282522843743206,-0.0325578075881237,-0.0304913831363709,-0.0204308008858938,-0.0374184798650531,-0.0423876114150487,-0.0521844346213202,-0.0571405956905275,-0.0583884037149956,-0.0746223566076673,-0.0823814807271922,-0.0871109874867732,-0.0835377648265337,-0.095633938518858,-0.0877540410120525,-0.0968042812326118,-0.0877833821551346,-0.0901076779012666,-0.0921212869888755,-0.0914034593269633,-0.0840054882535965,-0.076063635672992,-0.0686699947557415,-0.063128172605297
0.83040387050256,0.831017338049753,0.778438359235423,0.70510548122726,0.582957464395534,0.41999987261308,0.270589804700086,0.0794075886710509,-0.124313985992125,-0.322960446935878,-0.492016191309451,-0.66144522236334,-0.809659696085317,-0.916610664614445,-0.986253104524423,-1.03625181583118,-1.03594577161696,-0.981579631997281,-0.899191851995773,-0.785933357205493,-0.641028996594618,-0.460608960052537,-0.266941387944242,-0.0815412779869881,0.107072017171755,0.286471953575817,0.462195203781061,0.602332001827663,0.732594318117289,0.801752478830308,0.828268973950263,0.841071015653074,0.783880121351338,0.69763566568698,0.581935474044469,0.436819202978415,0.261591372884201,0.0749845848635542,-0.116491149877346,-0.305220067108831,-0.499398916152439,-0.672654372595465,-0.812342669580969,-0.919280718532153,-0.996755650200361,-1.03411762611787,-1.02615693654356,-0.986871181646199,-0.896635831973685,-0.786770622966557,-0.633106038004987,-0.4683416692907,-0.273529367688329,-0.07636521735099,0.114068508945187,0.296775703787438,0.46715577813779,0.606545732538706,0.708646995634907,0.793231159718159,0.823618095813543,0.829602988697752,0.781673036333834,0.700339991627743,0.585602260475279,0.433544111934635,0.263124861011682,0.079538737160645,-0.115752806511548,-0.312064599277934,-0.48875570791714,-0.66307447937913,-0.808188443093007,-0.914611912386031,-0.996164924096807,-1.0269875453218,-1.02325240274553,-0.985582421975389,-0.908066801130791,-0.779905193948058,-0.635373218176511,-0.462439511769212,-0.268180862453881,-0.0833199059902304,0.109931914472025,0.291059241549968,0.45574110231082,0.597044278647571,0.71058123251536,0.78524841996465,0.831074763246973,0.82831873515893,0.782752060601026,0.689358908316287,0.590406312931227,0.434577349726627,0.256125449121069,0.0799139939766993,-0.121153191969715,-0.307831373414441,-0.497948980144309,-0.658658205815733,-0.805960341197897,-0.922733924831149,-0.990988986279265,-1.03684859733238,-1.03137925739576,-0.976414095227814,-0.902743823132352,-0.793410252570702,-0.648107630920955,-0.472248086446412,-0.274981882369947,-0.0883798381201512,0.113783954621992,0.294118320746044,0.467998414493108,0.595581530826042,0.711691777952566,0.779346980846442,0.824835074073237,0.819945040307516,0.78442777665694,0.696791663563983,0.590996750989334,0.435112009159281,0.267431952595369,0.0778182015567053,-0.107486608927022,-0.299466382915076,-0.487581271864148,-0.650338471388525,-0.812648274497176,-0.912077167248131,-0.998814121981051,-1.03255111358088,-1.03323433444455,-0.986311159069605,-0.913310363668469,-0.77550110865793,-0.638677830442186,-0.466386661266555,-0.287549676538745,-0.0907332122534613,0.108125018833976,0.304610070763171,0.452958075478613,0.606586591976921,0.716725594591466,0.789853426977753,0.827849582635514,0.830266425564282,0.784537144069065,0.706381906477492,0.577625474237776,0.438360988075475,0.273786685185436,0.0860142469695667,-0.107185836750294,-0.319945788859667,-0.489490642690967,-0.652136259264785,-0.810681260439007,-0.927535121145044,-0.998822799428882,-1.02977470245099,-1.03193836705576,-0.990173015541734,-0.910011298542871,-0.799921304691756,-0.647119111932068,-0.475904521687642,-0.281982000333983,-0.101594955110794,0.104819044897166,0.292159004493429,0.459151213196962,0.583186665791335,0.716109865972435,0.793339990900956,0.836079066539245,0.823241497520526,0.781540334225739,0.698684522188922,0.5905170382143,0.443012463437608,0.272923057410037,0.0808488682563002,-0.112940054904065,-0.292129617322843,-0.496252558311552,-0.652996639402712,-0.800726562370013,-0.91991216275766,-0.99267293901825,-1.02999431695854,-1.03110333697546,-0.981211199081063,-0.909555483884062,-0.795973633213184,-0.651808215583218,-0.469055091756889,-0.297466680190646,-0.0931337345670427,0.10009904604399,0.283675502314022,0.455438882131151,0.595947985896171,0.710175655257032,0.794876179619801,0.822443623379989,0.823090747084833,0.782406797788319,0.704705508135928,0.583246068421415,0.442929793289529,0.268050717066489,0.09566806919638,-0.113761104443275,-0.30711822849467,-0.481449647827441,-0.657602703844507,-0.810253193958033,-0.915826323347392,-0.979465676627072,-1.02717854267311,-1.03213788820736,-1.00182804438422,-0.905816438726837,-0.795172372956064,-0.653633632211468,-0.473865108544649,-0.291321390191247,-0.0956255603065075,0.104161022318156,0.271712981218047,0.450639356905391,0.603563469486112,0.70988989249732,0.78503767966667,0.825068640063246,0.835661766183942,0.778600299305104,0.695827504421822,0.586810044545,0.45122477828903,0.277599111020431,0.104150294133989,-0.101993788832655,-0.299804423514907,-0.487810791932012,-0.66052300395725,-0.788520847593854,-0.909593185643481,-0.987441145574321,-1.02418488203353,-1.02244169446593,-0.98600175830142,-0.913118457165326,-0.796808142639912,-0.647640503412478,-0.483617188375479,-0.28562598293847,-0.0940210103890481,0.0914606845931112,0.282940395248689,0.441047915570179,0.595028834607752,0.706988624266109,0.787178308018763,0.837584563677777,0.814973866088992,0.792215250500369,0.699328048800568,0.59608757200009,0.44533939649184,0.273614722594577,0.10232090801639,-0.101842152927677,-0.298489018868467,-0.475378987158552,-0.651251559389909,-0.792640662224111,-0.909899959300029,-0.985484513073592,-1.027789055628,-1.03165515974783,-0.979093708530437,-0.914585879180695,-0.803278838999318,-0.654773004213039,-0.478536415166143,-0.294860632596942,-0.103411409493291,0.0805735074479046,0.276594548655774,0.445074222589729,0.586875275060621,0.702969281661321,0.779824468810051,0.825339609392557,0.831749583473815,0.786540235204004,0.708496328728191,0.587540037233781,0.451966633501328,0.289225216694354,0.0876780887093525,-0.0941519289776673,-0.291654397064909,-0.464641167654511,-0.656976602230844,-0.786087385591202,-0.906530666482761,-0.993344356149258,-1.03196534902231,-1.03445379327605,-0.996926611974346,-0.906744439989827,-0.793089830957979,-0.653938015464574,-0.49393034024593,-0.30088857907674,-0.105349177535925,0.0951160126445627,0.277846499215321,0.440657588419559,0.578414601464172,0.69849913733635,0.787863519958297,0.828019239036914,0.819995118313115,0.795937578231005,0.72910926704954,0.594642658501582,0.44781773592426,0.285019554030319,0.104109650156143,-0.0864032587628844,-0.281626753811381,-0.482248946389517,-0.655350192129908,-0.780085003307338,-0.906603943507743,-0.994000631532539,-1.02510069613062,-1.03201209459482,-0.989938806893228,-0.919891148664323,-0.804780795400567,-0.646052222308902,-0.49318165111434,-0.299879739246408,-0.112954808738163,0.0783378289192956,0.27536309861021,0.435628253603286,0.590095021501794,0.704511918529818,0.788198200276009,0.825716417597004,0.838477972401305,0.798602052998984,0.717962908448217,0.600419674974417,0.453928231139832,0.290842910406641,0.0952090194425347,-0.0948615671370343,-0.294131404480364,-0.480208404217129,-0.637830752130584,-0.784771854603287,-0.900401802133956,-0.991737100685391,-1.03574123554568,-1.02611219647543,-0.990792820884102,-0.917389550487539,-0.803143255786658,-0.658457610930109,-0.490796408842494,-0.305876332750249,-0.10754360419929,0.0817148731882513,0.283263218369723,0.453909099423532,0.580986385190542,0.695785582259043,0.791576839569418,0.821406035620767,0.823440802131486,0.783692218867301,0.716097226100936,0.60193050112505,0.465717092971346,0.286254352267158,0.101059341251382,-0.0887533454792472,-0.279339140667308,-0.474360031509378,-0.650183210512616,-0.788481966043394,-0.910982330927904,-0.988807887285381,-1.02055402485497,-1.0397292592531,-0.989592260976265,-0.927595782643539,-0.798370254777546,-0.665286358396573,-0.487479064606229,-0.305795960203281,-0.107299565723109,0.0683310163931223,0.258518405932815,0.443359166063797,0.588249738215299,0.699621204877947,0.786892881943421,0.82840956245246,0.835097441184971,0.786056239233222,0.712997232949468,0.590206248002284,0.458263008839429,0.288145504110541,0.100932838372739,-0.0860621474088841,-0.287793325868652,-0.467341199865295,-0.635551581348303,-0.797574972255001,-0.895127926873374,-0.99017589165151,-1.03098383393839,-1.03954702158387,-0.989389751252648,-0.914319682088645,-0.807196432814154,-0.64956543873602,-0.50202460471919,-0.305960449242669,-0.116000231656002,0.0827532481441322,0.274641825072882,0.442795647466486,0.577011583881848,0.703873897012615,0.784717379644679,0.832103109388575,0.829029798888428,0.791001836684729,0.719885026512828,0.601894150232539,0.468339608020875,0.278628963340784,0.106581236410709,-0.0867546194075736,-0.278395497484867,-0.457367355188718,-0.632420027815162,-0.778566385303969,-0.898566548853727,-0.984725310012211,-1.03278993131589,-1.04061666310764,-0.995670628094729,-0.922916805480864,-0.803951502066801,-0.669265133666801,-0.485996693767174,-0.305178956177091,-0.115688711096782,0.0810010811590457,0.270701849267679,0.432526207105043,0.590796466127426,0.699813876320651,0.79113344287159,0.822261769951497,0.825722555412169,0.787442109019577,0.708693794369322,0.60181945278834,0.467588446141143,0.297703781161274,0.0999738323891844,-0.0834816447202928,-0.268805297039005,-0.461029045712444,-0.632796802829384,-0.784138973572105,-0.895048212853292,-0.989240101091008,-1.01987094730462,-1.02375837571385,-0.99241946801295,-0.918639943518865,-0.807396094964813,-0.669516033168512,-0.501384428322576,-0.309984640694558,-0.118590744743846,0.0821472390812135,0.265533749670427,0.444393752123171,0.57594575593069,0.70502415186574,0.772532374111866,0.831642577043011,0.8330132128135,0.79339425713795,0.719436103519399,0.616614711913996,0.474259070491869,0.28723138739071,0.115276559163208,-0.0715092586909282,-0.26624062920551,-0.457982854923445,-0.633121624236075,-0.784009571881005,-0.911658784672663,-0.990763205490133,-1.03785859180148,-1.03050740142468,-1.00028777275607,-0.925683560085581,-0.806980893139543,-0.67557007722683,-0.500622766338247,-0.318651278916997,-0.117222521733038,0.0719221788268143,0.26774930510551,0.436731543393408,0.578492051930453,0.697730143032021,0.781789833971515,0.823055510929317,0.83183290692524,0.789142048629948,0.719460450391524,0.609468298000901,0.472820488839455,0.305377349103608,0.107894493850875,-0.0766966329497824,-0.277164422634929,-0.459887295586196,-0.631895567300223,-0.78397984739301,-0.90387181474161,-0.984290744738401,-1.03829159889243,-1.0362805464128,-0.99085877305076,-0.920493295003072,-0.81221031535517,-0.670852006524331,-0.499294403094332,-0.321470324300679,-0.136051363880039,0.0666458698120576,0.248576041441658,0.430204283800918,0.568696706753276,0.695881733279774,0.780559444290056,0.823556787713,0.821516220616445,0.7977174034407,0.724057398047837,0.605071079458772,0.461426342246335,0.311725758819817,0.117527994989616,-0.0733881555053954,-0.277672283316368,-0.464204199284541,-0.63504513188827,-0.790195654370998,-0.902332731567728,-0.980347595041943,-1.03060182573689,-1.02797253423372,-0.999440921489168,-0.916833480563457,-0.810468761731644,-0.669179700230744,-0.500672072411098,-0.3190194996936,-0.143934773460439,0.0639990450433562,0.262891669792314,0.443821194271131,0.577894067126411,0.70396197874106,0.782284667275104,0.823871050074634,0.820502384513147,0.793964809691481,0.711749999832224,0.615787478684524,0.472406213017806,0.297452510858601,0.125407112791003,-0.0818617181660858,-0.266857434714685,-0.452956990827793,-0.62420598837402,-0.782060158487964,-0.898789503850532,-0.978349798564314,-1.02864826166029,-1.0393713834514,-1.00267051825486,-0.928077874807917,-0.798863018420289,-0.683314566768056,-0.496310971335788,-0.319561061059415,-0.119623869053236,0.0785341621902457,0.25550166873884,0.41751954224417,0.578840679517935,0.696751016143885,0.790558015557422,0.815633507453481,0.830680424747734,0.793983487312955,0.716057015780506,0.610380740162712,0.470559014184864,0.294574605481966,0.122150986623144,-0.0716210904603887,-0.271031649267365,-0.457399670155258,-0.640180175030807,-0.779708690855843,-0.895692519407246,-0.981755758292923,-1.03135101353491,-1.03441008312769,-0.989572515035239,-0.920730316192451,-0.815313136374041,-0.669345207446356,-0.494312254831823,-0.31950464531379,-0.120269176351973,0.0650061748579109,0.256455112490903,0.429437956495162,0.586143630924376,0.68365273004707,0.782935503596654,0.833433151133966,0.839162806313312,0.79774851732131,0.715752321348235,0.617431430849321,0.458444609308093,0.29992768137209,0.12672223750708,-0.0645695497353018,-0.274220721883416,-0.45467229275857,-0.635114470208861,-0.77876312026341,-0.892648945241732,-0.976290290263633,-1.0191261555264,-1.02729025535857,-0.999118301124051,-0.924969155846102,-0.809197926367738,-0.669601623132547,-0.510227242602617,-0.327073432621814,-0.131358253802403,0.0592356535928145,0.249059503582178,0.429580546032664,0.570745721487299,0.689264461081465,0.770822982480603,0.823037032789634,0.826341927618587,0.794176922125583,0.714012125558947,0.61695335010119,0.466369420631755,0.302071074060971,0.123010951245269,-0.0705687237864032,-0.269337347273365,-0.455807109579647,-0.619948466538787,-0.777766716384668,-0.904223170227903,-0.984090470612388,-1.02876157495909,-1.03181874417397,-1.00104973318556,-0.920375960351326,-0.801357573982279,-0.678165949019945,-0.502510187691449,-0.325902389550181,-0.131323551651576,0.0715398933158932,0.26251658922032,0.4202195691472,0.572847614024098,0.696076253649641,0.781222176538398,0.821486023125989,0.827424640531751,0.796251184987446,0.709164919938781,0.615709063152301,0.47459326657374,0.313825603356353,0.108827512211551,-0.0727934858496354,-0.273513128541784,-0.470982265169574,-0.633335270715182,-0.777851969613423,-0.887878671525702,-0.983399741473414,-1.02633371923595,-1.04167079374827,-1.01541578460506,-0.929616586909015,-0.833254184007388,-0.670440995755479,-0.521986454950455,-0.327417855725284,-0.138039856176172,0.0620988283187264,0.246280163001395,0.430617175359009,0.56700330444055,0.685685870991292,0.779833535856489,0.830616532066363,0.826963760504477,0.804485104518188,0.722805363337683,0.605818931483275,0.463829649556121,0.307210627212353,0.124412726899621,-0.0780708854372079,-0.274676343049104,-0.44967106167757,-0.633344804046255,-0.775803896143392,-0.89117720933232,-0.984232529225369,-1.02037379756033,-1.03850519867023,-1.00261380985149,-0.917905192707548,-0.817911250928204,-0.674053111942206,-0.520069775091633,-0.315782514595008,-0.129443821496756,0.0552924916587204,0.252196228715433,0.422578364872273,0.578422394729761,0.686621898602065,0.756854171845784,0.833566705006818,0.823226488863716,0.799792376628183,0.722236492251046,0.613978798262503,0.472168763103128,0.307136805022982,0.125420218462452,-0.0632583595563117,-0.269803425540942,-0.458117637256017,-0.62942866233378,-0.782162801773311,-0.901383539965284,-0.984345756295129,-1.02432421757063,-1.05056439272369,-1.00094202448787,-0.925856744484342,-0.819032430763325,-0.673841662010397,-0.514500331720079,-0.321270665058407,-0.136504413118854,0.0566838985419588,0.254537944161755,0.436493087807884,0.574003135382164,0.693181947042087,0.775843752534423,0.812032109648917,0.832719169673967,0.801484191741241,0.720597378007433,0.606492424197108,0.463541826406863,0.297728208433047,0.106420052140763,-0.0728169293849522,-0.263338121728811,-0.45320546393774,-0.616389510471449,-0.770162532166704,-0.897841149941016,-0.985343619540854,-1.02985314849961,-1.02939507087569,-0.999915542065269,-0.924635211287826,-0.810911010629643,-0.669667863055174,-0.513884101680924,-0.323465831043614,-0.13045890074199,0.0643736499516106,0.258045617329971,0.421301849256063,0.581041517371452,0.702605528502675,0.767368202403354,0.829849644056305,0.822963468386347,0.789348474804795,0.721014307050316,0.60929498724247,0.474501417563569,0.305298842204922,0.118924008607418,-0.0632537407240578,-0.258486867754436,-0.457330424370117,-0.626182050293676,-0.772408369370673,-0.899506871976237,-0.989342764670399,-1.03538095873544,-1.03232820276074,-1.01050743212674,-0.924997312941191,-0.81104940238171,-0.676970631839877,-0.498662580268811,-0.32555269875181,-0.128062052493019,0.0581687618800679,0.254060239527581,0.42422379688537,0.565838689317043,0.692818302999036,0.78750218049501,0.824671875879433,0.831704278432336,0.795802713771145,0.721937587906857,0.606048952862867,0.473938557635581,0.309731348542455,0.126276163133262,-0.0898460005800704,-0.274324632652207,-0.461974389744393,-0.630867745476392,-0.772048335479428,-0.902915038157113,-0.986708073111587,-1.03074120256678,-1.04032454467966,-1.00506778718107,-0.940526696891114,-0.819235782422508,-0.674914034508909,-0.50717303712722,-0.320634834546447,-0.124501679241579,0.0733435784306913,0.250924496172573,0.425250426833924,0.572670256419872,0.701089250753309,0.793625335238959,0.830257999293122,0.833641020859384,0.798627457166023,0.731536232038414,0.616435631530675,0.464031997477974,0.306112448674027,0.119484969744192,-0.0742430641561932,-0.268250942393346,-0.457679482672989,-0.626482265885821,-0.776290803554387,-0.903525541254716,-0.985083330312585,-1.03204705684998,-1.04143851415605,-1.00008529659112,-0.926990265315364,-0.816830018909605,-0.679695160039973,-0.51154488078555,-0.319065867832409,-0.129447742923831,0.0635817225510732,0.25702419183429,0.435331752253186,0.570886951307124,0.69309040946105,0.777745233841757,0.829380140488639,0.838910288515245,0.783473369784047,0.723626494180287,0.600124428559459,0.47809867648302,0.302787757848024,0.12389795775332,-0.0804476451010119,-0.275540802202068,-0.453926210173915,-0.625399444413465,-0.793178780110634,-0.891191067838418,-0.984232485402272,-1.02135762717089,-1.03811791845123,-0.995607326145166,-0.939140556524033,-0.820748940401957,-0.664881297716596,-0.505082339283695,-0.334224146526597,-0.134336821902483,0.053518593574592,0.260946778394846,0.434359649278431,0.568952667758758,0.690132378224948,0.781301235863537,0.831474015900543,0.828272186488688,0.790262442524936,0.718913650847604,0.618578457543047,0.46186775402717,0.29151316055064,0.123672491377679,-0.0670544686316617,-0.277089863095251,-0.456953443023071,-0.632666884631238,-0.773829176114566,-0.891501435631601,-0.982421490625822,-1.01986079933409,-1.04271246953768,-0.996702432883925,-0.912289577514483,-0.814856013734458,-0.676276573194188,-0.498920885114424,-0.331627509845433,-0.12023642803972,0.0646075446659153,0.245123229252799,0.428412358633022,0.575720593683289,0.6927768011656,0.779096743847803,0.838810712199242,0.8384370407461,0.790455326814507,0.719110479657554,0.601047831154303,0.468414243654649,0.298561889797178,0.108518664418381,-0.0842755627102458,-0.268883094475438,-0.45555710586156,-0.636356954363391,-0.760434154901662,-0.902992010868183,-0.978153547925095,-1.03506306129652,-1.03176899171525,-0.999210254650357,-0.93387963833581,-0.809957660585816,-0.672367680371893,-0.505897340733467,-0.322187620423544,-0.126342318750655,0.0670525395173315,0.247926733445216,0.434138303295406,0.572831918141185,0.692899797236393,0.778575467905556,0.818342503720452,0.82950100993788,0.795447510704886,0.714644093941889,0.612970454199159,0.469760397945766,0.303173765564526,0.118769478719987,-0.0861644785233159,-0.264798816532536,-0.459217027883886,-0.629831683727932,-0.778011181665595,-0.911948008885611,-0.990378849733418,-1.03618068483402,-1.03813591299302,-1.00426212737937,-0.925594045023296,-0.811923627427787,-0.670557239617484,-0.504011914228251,-0.315976260282107,-0.125322577053408,0.0652790541159542,0.253524550841803,0.430765647801136,0.573470812011085,0.6977274311758,0.787302032831496,0.827046988784003,0.833097334638321,0.789159813135042,0.728646589817476,0.604687039847105,0.469860871104784,0.296162042417804,0.130479903317937,-0.0935307780201363,-0.27761594033218,-0.461768227109688,-0.634348054222559,-0.779831953890171,-0.898149617467565,-0.988725466164765,-1.02393710336496,-1.04038949190374,-0.998636251640697,-0.925909226788459,-0.815470540935661,-0.674773244373285,-0.502392603118151,-0.315858665187069,-0.126620797677927,0.0614213431913515,0.254053130140386,0.435773649309019,0.580518162950856,0.691999969776041,0.784773404637378,0.820879879595161,0.828805395516576,0.793304349694355,0.719379477726961,0.597208994823529,0.47847676169033,0.290105229573409,0.117799714654619,-0.0778913281995902,-0.281631430588197,-0.468853186167814,-0.641407322114411,-0.775868795946174,-0.900138847499671,-0.985391030907032,-1.02632010202983,-1.03614381121946,-0.994916985638884,-0.925162158695842,-0.821755024856452,-0.66304564295781,-0.494375574772801,-0.317916020151072,-0.119377224692648,0.0805613945124222,0.264138562423172,0.42781090391399,0.596873902919882,0.69683628829794,0.782438262422316,0.826027950810792,-1.02936676229594
