0.185743973435848,0.184359051606799,0.187151849582676,0.203433991767885,0.184222611618488,0.20337344347703,0.181978939284791,0.195906833985996,0.183155657244208,0.192323591092205,0.191211623921137,0.197944882351786,0.196616702232566,0.197189992046032,0.191633790328999,0.1889592627976,0.18873489978,0.182739105246212,0.182620532267711,0.177589627752675,0.190167248104793,0.195669029757656,0.193193524499034,0.184594414961937,0.190131494086526,0.196131332361756,0.188392752292487,0.191757007487257,0.194688528525942,0.192289111367129,0.185053040247829,0.201577260708979,0.236186989289076,0.273117206366669,0.301472058698146,0.318159413305958,0.325549365150538,0.35579698448627,0.3429517446301,0.349558450036685,0.330642538995398,0.30907067094805,0.298383653494288,0.266498408723329,0.239778033452498,0.20733909326477,0.175833783855143,0.133875224418597,0.131093935239027,0.0964798726884802,0.0679449021392237,0.0431210755791315,0.036074502479487,0.0457960352392638,0.0411002162921845,0.0588214291518512,0.0701611334955602,0.0950956269170361,0.114232022697046,0.140093822830133,0.178212909122362,0.217237668890772,0.282263954725016,0.34137813943356,0.394520734627176,0.431987774428092,0.470976589358995,0.497448581741448,0.4966080128569,0.500462768619727,0.475249724784971,0.433148716815004,0.395695010990471,0.349436454300586,0.285657717128764,0.225832644364556,0.163012568559211,0.101522212317417,0.0447963275732315,-0.0176157410753623,-0.0524844931352291,-0.0955570689338386,-0.116657661889428,-0.123226578029866,-0.121355248396511,-0.087760958896255,-0.0514739367129901,-0.013788068598136,0.0347635271289436,0.0914629448167106,0.155310704522335,0.241941988041206,0.333012907629879,0.42973792148519,0.490350495240169,0.549711200399491,0.60268297746604,0.63770700684253,0.64554007569443,0.636307114524373,0.610697565955352,0.559183395350002,0.490698845191129,0.422598691105409,0.341277122426835,0.240803985854651,0.1522745447854,0.0563367625587125,-0.0450749253409118,-0.121203152156588,-0.167597316320977,-0.226695791801349,-0.245657444615175,-0.258744988811911,-0.247235621628086,-0.220007737397089,-0.167778651735482,-0.127716501828938,-0.0240533397793256,0.0460345950881321,0.138441951661584,0.248765361632428,0.364713441523194,0.482969789351988,0.581986358570367,0.661535609030858,0.710978974265484,0.757590079455216,0.771721712718766,0.755242243533279,0.721376135500667,0.658015366364782,0.570247946838776,0.484869860753513,0.373605294204461,0.253204167156559,0.133501372256989,0.0104493025005541,-0.10472615711574,-0.188031492509457,-0.289095849840088,-0.328820234443917,-0.374116153095169,-0.382235358564772,-0.364971565456533,-0.337218008348276,-0.287380109162623,-0.199925630540719,-0.0947688774434884,0.0127610470791635,0.136169851435932,0.263942966067655,0.393387465859763,0.520126996424731,0.659852331446969,0.748692271829232,0.819288154358473,0.874475438622003,0.889047167746246,0.876071742013419,0.827194715937561,0.744138574381107,0.647968904233211,0.535476192689869,0.399654200520126,0.255317121667456,0.119721772868149,-0.0345183056802721,-0.153072052830481,-0.275595945978577,-0.368351593533556,-0.43678394247978,-0.48774041155253,-0.499481905506502,-0.494174817917197,-0.446493899426183,-0.371267773143855,-0.274779728477684,-0.152312616659916,-0.01798802118265,0.110498856172737,0.277296675565844,0.424174663790642,0.582362039926524,0.718059358236281,0.823920090162395,0.913875201426197,0.952307340824388,0.973725533787751,0.956186046014145,0.918611549525457,0.818852425728996,0.716403685276921,0.581667582666357,0.418157907056434,0.287704533940626,0.111071176627882,-0.0513890981721375,-0.194947206391614,-0.32506967829517,-0.433312837231428,-0.519836665268736,-0.56819583641437,-0.584837072654961,-0.582187869435698,-0.526002703894994,-0.440576016434064,-0.32881629080027,-0.190386855380626,-0.0524070122447489,0.116538385491632,0.285715218976514,0.462367196488352,0.616376533953333,0.745917470065001,0.867518250706544,0.960153736926789,1.01551704441739,1.04388459213886,1.02671171759106,0.962096825532018,0.861916184966591,0.750514829631976,0.615442101775461,0.450909115537637,0.271574020307384,0.0934221576331575,-0.0742516180882788,-0.23787535096487,-0.375729997098656,-0.491395494794538,-0.586091542284676,-0.637612275718196,-0.647458985429102,-0.632486492744233,-0.571274218647212,-0.494422434829685,-0.374473738042016,-0.215639922145299,-0.058530975114008,0.0984910942958173,0.284995127390292,0.462804624252328,0.643054672301666,0.78786951583737,0.904676004896132,0.996309096852991,1.05598273489547,1.09822210146979,1.06551488035702,0.992769700717142,0.91342540154372,0.779857851487495,0.634746149360427,0.465476021347374,0.295473255016463,0.0987367921227202,-0.0756626401337606,-0.255464929055563,-0.399454795687962,-0.524465851830535,-0.617591905365879,-0.673722250650859,-0.697932595754214,-0.684730067898277,-0.615016204307095,-0.531616832811199,-0.40416066117441,-0.242033087768517,-0.0801820527296386,0.0887936728572069,0.276613447409266,0.471237366825548,0.635246739112382,0.811808734755794,0.912137423323184,1.02248155497736,1.066528841529,1.09470239407221,1.07161144966773,1.01348409252641,0.931542770726266,0.803549412151789,0.632865170655389,0.457435874754007,0.284737782026864,0.0920852657306992,-0.0811464936671933,-0.254244573133986,-0.405578075767803,-0.544466540024616,-0.624774044786129,-0.698286783747782,-0.716530072635344,-0.690829495028636,-0.632845439140008,-0.531403353740083,-0.416719710338114,-0.260374754890361,-0.0831645035423696,0.0948112195757704,0.294912253628597,0.463867947410946,0.641448631622461,0.788105126436808,0.9157418883822,1.00235864317677,1.07001807155406,1.08276311330084,1.05622412236513,0.997348276315163,0.905789443062977,0.788134238300948,0.638868510492417,0.460441320923439,0.280168377168166,0.083902069122436,-0.0804044917691976,-0.259754190755212,-0.395318365199271,-0.5169964409295,-0.619485529212479,-0.673937711410763,-0.702276935390954,-0.68184211832526,-0.625927569008853,-0.523329186003262,-0.407958413003702,-0.254164561340394,-0.0801874149505508,0.10076941408597,0.283564460661032,0.452600904039964,0.624138915658341,0.762154799131476,0.874685436140842,0.959639702772819,1.01351835683169,1.03765766719156,1.01755537925084,0.971223713702988,0.875097993842212,0.748952327815291,0.615347661529385,0.463220123016707,0.281427059144398,0.0922655202453662,-0.0727679848169093,-0.232939127139475,-0.374791628534894,-0.499686577170973,-0.586128693040381,-0.643504803568748,-0.651698709917561,-0.640947711545131,-0.583503843523495,-0.498038115225181,-0.380774648208912,-0.227649723072741,-0.0772344228844361,0.110953716432306,0.265919290445514,0.434451121180378,0.574439008228901,0.713529105280232,0.827023318355851,0.913150143401044,0.962191858312178,0.973048315017523,0.956888804625656,0.904927092322285,0.830865040730598,0.71406455302792,0.584164877241528,0.433147711737311,0.27749690115731,0.109252269143858,-0.061262013416217,-0.202123937714996,-0.33951162559115,-0.450204890961537,-0.519474424002482,-0.56827430929892,-0.594320065309453,-0.56742366242184,-0.531543160327483,-0.437113456429217,-0.326579460925173,-0.199467552064679,-0.0523607179644214,0.109383855158012,0.270555533618078,0.404089453227115,0.532820254393897,0.656986296479132,0.738721291216321,0.821412992711618,0.864936369351396,0.882941063188663,0.861630879487935,0.828625356030533,0.74535078422602,0.662403096398605,0.538859501949677,0.398728536543109,0.254192103178221,0.11939696071445,-0.021744792198141,-0.153843150459966,-0.273858944478582,-0.350688695370958,-0.43988137374204,-0.493737789782547,-0.498315365693614,-0.486471388771283,-0.442598722350066,-0.369127570010533,-0.276044327226122,-0.151356774723481,-0.0185728234411725,0.111786455268029,0.24155990719863,0.38444547423393,0.487012756963082,0.576334591720581,0.671406893625673,0.709642047805479,0.754496590091224,0.773557189668011,0.752604434570248,0.718706248466284,0.672787623601246,0.574074964038699,0.482480439640041,0.376216908104614,0.256914113767783,0.133877684265121,0.0214553318802564,-0.100786636987287,-0.20145674582629,-0.269688817288707,-0.341093485559697,-0.374858525014346,-0.384474369706299,-0.379686730809693,-0.341994113846009,-0.285828095145686,-0.198438717304288,-0.0982532415897682,0.0109433036565529,0.132703845030058,0.238751012927808,0.325861356562821,0.414998138285275,0.483223717791513,0.558909209172482,0.616666567368051,0.637140193318502,0.639743131979405,0.633645662324966,0.598402686495805,0.558744818111056,0.49029015486137,0.405913638079367,0.333052652474993,0.236140989133008,0.138851642729748,0.0623503650902893,-0.035253579307881,-0.114980001773843,-0.169587898287676,-0.213696009235051,-0.244427559134609,-0.263463788701259,-0.256391123287175,-0.23091095935346,-0.186530616706984,-0.101493729444305,-0.0409022668379019,0.051525669884608,0.15136319373851,0.229602308708823,0.291131797445993,0.340561669612621,0.392906551925552,0.441194140980409,0.476242816490197,0.48773952987991,0.508417049123355,0.498073405102072,0.474047897687652,0.435221682469908,0.407839459965625,0.349988071571746,0.282400947379941,0.220776092679026,0.158446232002451,0.0831050437026955,0.0368687763983424,-0.000409629423116613,-0.0633370621388026,-0.0875726552283548,-0.113054059472916,-0.117739387864454,-0.113850885369504,-0.0918752262129478,-0.0640988567860943,-0.0142478487760665,0.04031402070092,0.102091368432325,0.157370902342044,0.201429650682929,0.245992193371611,0.272705757944752,0.290834202045384,0.314604089869479,0.340547195397808,0.350188124459006,0.348803422214392,0.339272224894564,0.331322056402111,0.309617970668286,0.300830880967558,0.267366728453814,0.243935370766038,0.209408543529415,0.174043479085598,0.140388762719938,0.101025034588881,0.0898378481219627,0.0685247648455294,0.0434570215547993,0.0465292933401052,0.0405999975825559,0.0440390678632837,0.0516078194327295,0.0643474666158219,0.0909800727708923,0.10885716902557,0.142957250674259,0.177711787047053,0.194176313259584,0.187191636414932,0.198678421285833,0.189780965658752,0.186194829639603,0.200392070228903,0.182164562384867,0.200343820178729,0.185694927516456,0.196224738138669,0.201176531290914,0.192100943738265,0.198850252488906,0.195671759133826,0.187298654915202,0.194807132576208,0.173777804667754,0.188313298415865,0.19072281553807,0.190781590876213,0.18912993749419,0.189478455079906,0.190909143189117,0.184575720546254,0.185488864351528,0.189191798820369,0.202860019100125,0.188172232606306,0.188612522976024,0.186766434129385,0.18596620361429,1.08961067066255,1.09354008626855,1.06430092670341,0.965729874101621,0.866951931498754,0.726529136223518,0.575960577889164,0.38444689422129,0.185733420527359,-0.00407416552407918,-0.16764281839631,-0.329143200869159,-0.484243662093532,-0.588737457368425,-0.66731363238272,-0.707101318008561,-0.705627222455644,-0.667876397131125,-0.592548763516172,-0.477687230648701,-0.339567875575605,-0.177585584840814,0.017125199570079,0.196006674758841,0.387320711574801,0.557221854856638,0.714016213727603,0.857387121294532,0.984069269916215,1.0569762888412,1.08812488625181,1.0886222717734,1.04198425872583,0.977312565775974,0.867606563932101,0.721422991074727,0.570984901438278,0.376294102232239,0.19181126796636,0.0148325948032958,-0.172985728033154,-0.341380534424465,-0.480448928154965,-0.583625234420353,-0.658728390882426,-0.713456125283661,-0.704920948728517,-0.671007618049986,-0.598580950844298,-0.475018189125684,-0.335573262803044,-0.178356545874516,0.00312542754238529,0.188387466301043,0.377376714765803,0.563161013411046,0.715643620554175,0.860830246709204,0.97516577553735,1.05966159001674,1.08627957165262,1.07851151448475,1.05064939664782,0.977113279524899,0.865051574818598,0.720658315069029,0.561168084541912,0.374702112908445,0.192097611554125,0.0076218136198495,-0.176681494943427,-0.337721463210224,-0.473222905826587,-0.595934183874657,-0.665340763050974,-0.695375749548851,-0.703111621438678,-0.671430803574366,-0.588846346455467,-0.48188196103753,-0.334772578789631,-0.169502944809327,0.00134737700100882,0.188628960954091,0.377835450590076,0.557575250250113,0.729533149930806,0.85915051921869,0.972935616240692,1.05116095874155,1.07611889254475,1.07916382187867,1.04454273731438,0.977511181626735,0.856333925588437,0.72268842266375,0.561485448780254,0.383181117021255,0.195177593429277,0.00523996741597919,-0.177034385938413,-0.341804767213426,-0.476276412013842,-0.575905244158515,-0.671606064705015,-0.710809618955122,-0.718153945999495,-0.670810007776153,-0.58760468228953,-0.477250627792744,-0.33873992375313,-0.176143187178651,0.00524322036245513,0.18598152151083,0.384159396657681,0.552729691937865,0.726858175016229,0.854668780877236,0.972436744427664,1.04037848347866,1.08406191059997,1.09248087086142,1.05361772938654,0.967381116307733,0.858924215602528,0.726143838448342,0.559447108240759,0.375109654338456,0.190004614056302,-0.000824026439332443,-0.176582725131355,-0.342822819421982,-0.4743553125118,-0.592783048109108,-0.664668960338127,-0.696770004353087,-0.705362166954324,-0.668071277575108,-0.593028233270888,-0.474642342966578,-0.337601376184979,-0.177799546685299,-0.00799358025179214,0.190590183084817,0.377620597274391,0.561243460501258,0.725300818689263,0.860934122729011,0.971730226487903,1.03754894504734,1.08136646114902,1.09727633937824,1.04478713705707,0.973088415806238,0.86511225391648,0.721945291699946,0.559499788900942,0.379975374110358,0.182119210483363,-0.000338686955680296,-0.17420079413277,-0.347812483323341,-0.47835618994482,-0.589215792519398,-0.665666882848255,-0.70890027686354,-0.709520065146719,-0.662885107123996,-0.588681118652594,-0.478775882919805,-0.338703603423454,-0.177733554431247,0.00561157114523839,0.186172628017242,0.384381391389934,0.549185553654624,0.716635966843815,0.855351357713298,0.963737097354809,1.04513831548862,1.07860306333032,1.07732308449652,1.0503289639275,0.969682556929105,0.862064124202205,0.726392942601794,0.557032154952832,0.385138714407629,0.186041260692409,-0.00949422388363667,-0.16749016114279,-0.33565286311871,-0.480520953410655,-0.602417180719643,-0.675123058902533,-0.708506916395595,-0.708463743779024,-0.667474109921765,-0.591458058052927,-0.480967188941066,-0.333325255866756,-0.179178185398506,0.00374166082636842,0.198395364497507,0.376507815977983,0.558793697442124,0.726965350927218,0.849433309102668,0.976771197254946,1.05270235378166,1.08591277425473,1.0836426258026,1.04795770908259,0.983280044590268,0.873683784499638,0.715826075533835,0.563931852510293,0.369070160483485,0.198200165255307,0.0096688022790817,-0.172785254486104,-0.349186289475948,-0.475390801839094,-0.591689576089073,-0.659906455210776,-0.711345403274707,-0.702581686250689,-0.661607682432456,-0.594260668943846,-0.477208174431628,-0.333316905611965,-0.173671636618239,-0.000237656204411645,0.182445952720948,0.377901628897996,0.560694725933945,0.727557481823684,0.850347331814971,0.973688507126705,1.04771927343441,1.08480112614206,1.08574303580569,1.04704460119956,0.971805689095745,0.865089907147097,0.719392044268332,0.554015789374983,0.378226706669208,0.203556777284212,0.00200297743914664,-0.177382657250726,-0.34360587242096,-0.474563572815381,-0.594132233179686,-0.658367280812429,-0.708007758526942,-0.712385459953765,-0.673741736174748,-0.585336241778751,-0.476662940282439,-0.343636555412404,-0.176824789607205,-0.000178230848734087,0.201374461570658,0.373577745902769,0.559494675185513,0.720418152344666,0.867436459152877,0.960976429409495,1.04969634066253,1.09655383723758,1.09153690603225,1.03948350169544,0.969438293687724,0.860582962680293,0.712993853975042,0.554753520074649,0.371781436023318,0.188026622536937,0.00205383526404444,-0.181572539535962,-0.348090385188672,-0.478250066801996,-0.582312792681026,-0.668075579450039,-0.702472700378829,-0.715704860680608,-0.669155462226046,-0.589809138848994,-0.474094726438978,-0.336225445642604,-0.177934951209517,0.00709759691321223,0.198843045469374,0.383042196379165,0.553969695413391,0.71960469843275,0.861979169666205,0.971843169159722,1.05214857491116,1.08977408360897,1.08417282644172,1.04168955770506,0.973086506418555,0.848405104044674,0.717811006592022,0.552094360424554,0.375255101353578,0.184316091513153,0.00747173390825902,-0.175220194863769,-0.335454713664426,-0.477979111125105,-0.582822289370524,-0.665138646715647,-0.702241923261236,-0.714858725302854,-0.659433938126379,-0.590226391516212,-0.480492382825244,-0.335970463294081,-0.176614464206156,0.0171272814303713,0.180604345343655,0.387291714950872,0.561138698064471,0.712376312590781,0.863079277904413,0.975030487806105,1.05028388828429,1.07901816884205,1.07965731717786,1.05272385444669,0.977463034436271,0.869604749147638,0.71020232153109,0.575966927603502,0.3759830311489,0.193190499498692,0.00329450788646668,-0.181529658172419,-0.334940698923821,-0.477505948030785,-0.593669210705938,-0.673965911843365,-0.709056392451432,-0.711062397357037,-0.667331065820506,-0.5971391660257,-0.477965013029034,-0.354971337856835,-0.174513736600613,0.000192414492708968,0.192604281823293,0.372326434968951,0.55068357856249,0.711840783723632,0.857805690560069,0.973350927885296,1.0467026773537,1.07691764287154,1.0854218177656,1.05210478775384,0.968426268348751,0.860854701254158,0.719495172277512,0.564127866142047,0.382932400819278,0.19531327162372,0.00594368668563916,-0.170947808285679,-0.337862416812229,-0.479393841153072,-0.592094345265131,-0.65678322852512,-0.695319807037248,-0.703027270965239,-0.668464549543309,-0.585143399093247,-0.480111064993014,-0.329310064773876,-0.171640727092113,0.00102855075563151,0.185057208544891,0.381702539300028,0.557948314092488,0.724561529457639,0.854576028780255,0.969219174932678,1.05257238980919,1.07690334746792,1.09730048754942,1.04807696159008,0.977428821952809,0.846756147951935,0.724865562840987,0.553273154064433,0.381161286025936,0.190290281235224,-0.00783982958644204,-0.173695588639744,-0.33228825408577,-0.480451049841849,-0.589586976257005,-0.661604287572377,-0.701534926569968,-0.711106990593188,-0.672333260515323,-0.597386436163221,-0.484036323509127,-0.331630727522851,-0.180637799695648,0.00462114959042242,0.194362655419159,0.376117584762004,0.549285531585761,0.724944418012938,0.86882576469618,0.974255551203037,1.03833572378561,1.09343560537219,1.08633028777571,1.04849625092702,0.975926018609964,0.866260200118508,0.722699476907599,0.553117506231004,0.374995228049882,0.189003279753898,-0.00213910496533306,-0.175150123462778,-0.337768967675989,-0.479161790378919,-0.591316121154924,-0.666370912824412,-0.709073409520154,-0.712008680867174,-0.670005765621252,-0.590201558839075,-0.474738312642487,-0.330497388482412,-0.182646181696268,0.000862120464766239,0.202215931693758,0.373607976514066,0.568731128382175,0.719542227899678,0.861702620079201,0.972188325898055,1.05414062078296,1.08794692363998,1.09283515590805,1.04538341517659,0.965318160831217,0.862806599912349,0.719070316448591,0.560612576740915,0.376141355362631,0.186914275406513,0.00112906793547591,-0.17778840279736,-0.347917078791747,-0.478914530741506,-0.581405371939108,-0.672161755168461,-0.702501290260303,-0.707547072432682,-0.668097600481486,-0.599333896664731,-0.489138052540971,-0.327380827268561,-0.187817229691901,-0.00725762972209562,0.180267567341947,0.377121684821378,0.558753373780204,0.711376130646125,0.856189360593069,0.972104650372248,1.04214298484194,1.08700139482441,1.08344905088391,1.04615336231165,0.971668360715137,0.862963340373657,0.720644911173767,0.56236104475798,0.375819673939347,0.182723664729699,0.00398682796324879,-0.1781982470873,-0.329958445156356,-0.471099220913652,-0.591416041139444,-0.663980851653936,-0.718844697256239,-0.710883414051366,-0.667136824435601,-0.591882450818113,-0.479791679595714,-0.343405773595119,-0.168076662661548,0.0094465540982208,0.193259722682891,0.3867611584287,0.556998443571803,0.728365715869012,0.854951992693542,0.96768195149112,1.04316598367018,1.08562563357362,1.08643288229386,1.05395635311644,0.967790203709043,0.864372840106579,0.733914297907343,0.550276325426577,0.374920692304251,0.188002350598899,0.01455276102122,-0.177684106079667,-0.34139577505381,-0.486878775749056,-0.587098149232971,-0.673697767042738,-0.708770449351775,-0.700935904398635,-0.662206563745565,-0.581546297217615,-0.481333072866138,-0.334311290028361,-0.187244553207974,0.00313611582763659,0.181173090087231,0.372702469822885,0.56193556688642,0.719665414266401,0.852478646826078,0.984823436094172,1.0566297445458,1.08755983379904,1.08280013849212,1.04239446134277,0.980653657265835,0.856984431529028,0.730900356782861,0.56594473435062,0.378335323911867,0.199823292443622,0.00112144774352095,-0.176378680106953,-0.343351880163301,-0.483870096925109,-0.58674193364455,-0.665429649667617,-0.705387565439462,-0.707201096139514,-0.664925373886009,-0.585773153838405,-0.481095931549763,-0.345555465461744,-0.166322419748932,0.00221152674791669,0.188231825118262,0.377049367769675,0.556274329775243,0.718395566093984,0.866099441659808,0.978423527998243,1.05160700573447,1.08914261316898,-0.716071842682254,0.190537658233065,0.272348085371567,0.468462631316276,0.634217534264972,0.789313198399519,0.91010690398033,1.02341020117386,1.06640478391347,1.09617464358238,1.07219971681953,1.01964225125631,0.920252244495596,0.791382289097655,0.64147915967483,0.470554099175286,0.283518563958858,0.0931502585384461,-0.106169871765488,-0.255137015093558,-0.411670484583686,-0.541974735329195,-0.629319340579645,-0.687002741292891,-0.705100244288069,-0.698522273799325,-0.638755761739159,-0.532675082518739,-0.421908632244445,-0.26820744562624,-0.0817824681166358,0.0846926120289417,0.280986489774507,0.457202013572296,0.636895709008103,0.781090516185739,0.913765047757114,1.00147115223856,1.06198579412746,1.07940067949972,1.05305751108179,1.00482895600014,0.915069735163745,0.787772511160211,0.638360892994376,0.465187942685884,0.288655442201868,0.104760592763198,-0.0849551132975595,-0.255300981177081,-0.401174046180339,-0.521997112814145,-0.617736538957876,-0.680703594375372,-0.708868374850242,-0.676433408951057,-0.618147030139983,-0.532874369592911,-0.387964696236906,-0.262892794381991,-0.0815359827299938,0.0935809068572434,0.273023979254221,0.457138519518164,0.60983839961741,0.758400385718559,0.878557530109169,0.966482534746038,1.0211203931387,1.04235913073409,1.01810413446696,0.95744064326617,0.860313855768693,0.759891343883088,0.604775570714622,0.454380984923565,0.281199861246744,0.101782754366288,-0.0696248142056445,-0.237061845364861,-0.379961902791092,-0.492598978652846,-0.581958337782835,-0.639258565796472,-0.667812889411903,-0.630202476134997,-0.581409013334924,-0.493885121967716,-0.38320909719873,-0.233417415066575,-0.0635626345863282,0.106558096292987,0.272686940922923,0.439143766799733,0.585954996488305,0.728591493099466,0.821203128040728,0.898814409501775,0.956445067408895,0.98497618861569,0.957523942420914,0.906011673975462,0.82896521145927,0.714887659345572,0.582833133004656,0.433289746817186,0.269043870139043,0.104730345276913,-0.0444332673502685,-0.217223507953282,-0.3399736629902,-0.434855964390692,-0.524063653973186,-0.57126267153512,-0.592078081839221,-0.566883148187938,-0.52225616334524,-0.434385177014278,-0.339516824676532,-0.202297186813955,-0.0459643004295929,0.116116240175396,0.260572840103625,0.398439263669325,0.535765820455072,0.655381808175293,0.755220801336026,0.825116859970142,0.864097613195062,0.871537476274277,0.868769851878635,0.817727903858213,0.759320089074032,0.653479252023969,0.534583910234295,0.399208563715463,0.26390911929599,0.121342478169282,-0.0243835645129787,-0.155050439356265,-0.27520715591329,-0.36550406933282,-0.442792076118497,-0.48462303551717,-0.500255315274786,-0.484759464719957,-0.446530760148645,-0.379905939320691,-0.274073103472053,-0.155707383323392,-0.0218270258800304,0.114024376826695,0.250843342803501,0.366662863312641,0.476007313251441,0.5744230779531,0.649694520570939,0.72459119870697,0.761240777233292,0.76138466268366,0.750425181625609,0.729106472237646,0.662581395091548,0.577908652182524,0.489736014913319,0.372737099680429,0.249888199488746,0.12856208239619,0.00798453392219045,-0.0972942617113666,-0.20143408561268,-0.268867838720639,-0.332859163945883,-0.378282991896879,-0.390036186924383,-0.364127789048988,-0.33581352317331,-0.271843896415703,-0.195945700257865,-0.091196717654375,0.0124926723622514,0.121007456025786,0.239438354864169,0.339423637561503,0.413448794125375,0.49767392315981,0.556913014418017,0.606917385491939,0.627790113672004,0.65415086032993,0.625580615300417,0.608022685369245,0.55821827262952,0.498148428790993,0.415090019586192,0.333916455801446,0.243783534359323,0.14437922673159,0.058852620179015,-0.0268542574054354,-0.1002399631682,-0.182303462490543,-0.219854840016726,-0.239057851636926,-0.258790144532574,-0.248374946156836,-0.215319831460757,-0.166914853352432,-0.109019774859244,-0.0354354093641537,0.0451524189380308,0.140187792556867,0.225568423025901,0.287352322692639,0.329694880483952,0.398170828731776,0.434320486957844,0.476671679037813,0.494650798522618,0.503913241223132,0.497510714078271,0.475821374489441,0.438458363085238,0.401711495972375,0.346383387999522,0.296676009717884,0.228155709135106,0.154554863941679,0.095353427815728,0.0277248930022148,-0.0104941903657029,-0.0611790580268455,-0.0845298833566352,-0.115569602981843,-0.113165216192179,-0.116486465884909,-0.0847187780792693,-0.0520761012332141,-0.0192829327018588,0.0451361886496156,0.101243334545661,0.159387824501751,0.212205486720203,0.240692390670037,0.270350764525324,0.297616902516226,0.311527360148139,0.341835236449186,0.342240541433076,0.351925799751682,0.340593352887516,0.333867438300734,0.316813915646943,0.292005125864126,0.27972383904317,0.252081787889447,0.214191086623775,0.169302034376625,0.140164551769002,0.117942814809136,0.0929944348321421,0.0582520572366581,0.0501253873121355,0.0412398857929799,0.0326270048392833,0.0399345770942002,0.0560582751999298,0.0720967376612614,0.0821832336010105,0.116522776735312,0.144422418458466,0.163222891160804,0.197361147411844,0.194090154185188,0.191516753873528,0.182033552581699,0.187929557262833,0.187260020010651,0.185617831167504,0.18861350167979,0.192224593128206,0.18598845740374,0.189628375836772,0.192105828025012,0.188979842283335,0.19252866044521,0.189717331942408,0.196230175727066,0.193595219049433,0.181492293629857,0.193172074229581,0.173239750336939,0.202378130426444,0.183252669547058,0.184997443156808,0.196358086377877,0.201584301320947,0.189990488110431,0.198582300318503,0.18023823495233,0.189640426975614,0.190348926222625,0.171796819597138,0.143739413909055,0.10408596730813,0.0890507546409849,0.0658070625237865,0.0510416217646528,0.0269926103447593,0.0353766945051481,0.036034776706335,0.0421480080766378,0.0662757662825203,0.0916730178634065,0.116847625652065,0.15334256542554,0.173927163193468,0.207189283871671,0.240545113575969,0.272211343898615,0.297667391806117,0.315400624126709,0.333996409996851,0.343185618207657,0.344469083311759,0.336941788348779,0.332079736966758,0.309300880841287,0.295875069430969,0.26648977172935,0.239472966094601,0.196281322616128,0.164987623534654,0.100573141790767,0.0407533794026298,-0.0134467835874603,-0.0647484913576453,-0.0921143891906027,-0.110343634411276,-0.128277563277419,-0.119232207780541,-0.0892491732472969,-0.0476751125360672,-0.0163575824745191,0.0376720545514877,0.0943626029856373,0.161831708168179,0.230800259504973,0.281820640420478,0.350094959824709,0.408990489387831,0.431801739782865,0.478684265998755,0.498864124908255,0.495810145684859,0.488924396790318,0.47681390266468,0.442129419003328,0.404721242882114,0.340314288998775,0.282858091683238,0.2258016483041,0.143011685911863,0.0452234275025012,-0.0292506523587263,-0.105613941065563,-0.173979058905835,-0.219756645498645,-0.251159851887621,-0.26383317875372,-0.246403289133451,-0.212692886071548,-0.173723298298599,-0.108430453967537,-0.0329610113588185,0.051377873643244,0.142300788624398,0.234441836807595,0.341092255955902,0.408795330078161,0.50234574564863,0.559614753113735,0.608198781076782,0.629331434951376,0.649352948945918,0.632029040005579,0.600921547099176,0.554816429741377,0.480652487643418,0.426473911855536,0.346561076578159,0.220096479305036,0.135697198527237,0.0183159783810799,-0.109039926800046,-0.18987719752968,-0.282620091975986,-0.331271597668264,-0.377905051754284,-0.386728265206496,-0.378269755935616,-0.333890162875638,-0.278600312846265,-0.195224054474109,-0.0982467204338034,0.00720070192899673,0.135501614388228,0.244308182844636,0.371521862440627,0.475283779268867,0.577594615386429,0.660778265475059,0.721277767212027,0.764300789118063,0.768766336241885,0.756850523260979,0.717011494949203,0.667304700788341,0.580985688636614,0.486570363921395,0.378500820607413,0.254057830150339,0.117976757307176,-0.0267532273605178,-0.161370382282948,-0.280018464457977,-0.361113832537915,-0.445557131485563,-0.480908541541588,-0.503942975586766,-0.481333890581397,-0.442023308739256,-0.364859695433062,-0.265215954371793,-0.1589574524798,-0.0184773711814497,0.120262314513365,0.272923206403932,0.412439027262443,0.523902077663996,0.654531258916395,0.748448220941977,0.818922226958998,0.869058620412042,0.877313873616536,0.869488910575861,0.82449242797761,0.768524717137263,0.651382166372487,0.538472984254093,0.395774182829047,0.261587072810192,0.113006013799428,-0.0457499832515093,-0.201633562892707,-0.339424475782279,-0.446042158641318,-0.516703879313593,-0.562755187220739,-0.594989212097553,-0.564633047756257,-0.527394373085166,-0.43538859429646,-0.331632104885131,-0.193180326991181,-0.0470605395693688,0.104129543944562,0.267880350186136,0.435673270063659,0.580813390813635,0.720147896365125,0.826434189598508,0.916268600901147,0.970664496866211,0.965374236497373,0.953022962188315,0.900051622083008,0.82146660591137,0.710779272006451,0.581078352008135,0.427878374309244,0.272641402975733,0.109065963261649,-0.0636486240061077,-0.233090564716008,-0.374399073812284,-0.49889033364594,-0.584169016741801,-0.640429901288347,-0.653303447237055,-0.636660812979468,-0.590556090414321,-0.497453256452412,-0.372562460129721,-0.238184729158193,-0.0655495198085008,0.0967359498510241,0.276127353312156,0.458058368178127,0.620726360674928,0.760833758645985,0.888615133293016,0.964394310933115,1.01768405373303,1.0356022369918,1.02392901210129,0.964810267970237,0.881388692218593,0.751969745458176,0.610862676445361,0.454878186638808,0.291677335543347,0.106565985341163,-0.0866016305277832,-0.257696203750433,-0.394405007870752,-0.519769000566091,-0.634864817902054,-0.679106072222059,-0.693919245017544,-0.673524419018904,-0.618086312181993,-0.523093475497304,-0.397095975280498,-0.259276517707213,-0.0993053721066776,0.098885012836004,0.283445194409169,0.46645534829287,0.63052105457551,0.776562458831256,0.91124953196537,1.00289114481876,1.06179470911272,1.07011866043835,1.05833445557171,1.00630871954486,0.922869049896175,0.78118025540782,0.633576712138926,0.476302729133906,0.288585419324722,0.0915599683579057,-0.0894475424707406,-0.269802201545171,-0.409935885309811,-0.527879227021196,-0.629966981572965,-0.70325057944284,-0.70749694915296,-0.685755991053612,-0.637105791389386,-0.533945415721029,-0.414792615895149,-0.255921780421057,-0.0956347106482918,0.0981396278441949,0.273825799787106,0.469684115780457,0.638241104797149,0.785418968393044,0.913450993736213,1.00776775591854,1.06822152448407,1.09468354291644,1.07230431040973,1.0066675825828,0.921950658471745,0.785554293952272,0.63699750951704,0.466179798828543,0.288526620807796,0.187308670794868
-0.0974744764589521,0.0198206812993951,0.207633528332624,0.407507094994978,0.571492042603016,0.700563792491574,0.805222201497911,0.877103526297635,0.890513771018657,0.877610898589794,0.815102490138417,0.713564412426106,0.569434706714098,0.404921542581011,0.207873649715399,0.0181779287328576,-0.192553287395392,-0.400468105233866,-0.573293995126941,-0.746488482126227,-0.887428491564269,-0.988433865332409,-1.05459739197438,-1.06107172649338,-1.05805581520995,-0.988093222946555,-0.884977087679564,-0.746013565895171,-0.576106505788127,-0.394628706617464,-0.194401667375911,0.0146121026955024,0.212376688931318,0.400702624887226,0.562404378168192,0.692990292656912,0.799526768355413,0.869590964520122,0.885376124555287,0.856339948642101,0.792250098110838,0.69548940389559,0.569357309595079,0.411881518019882,0.222506223482925,0.00558629640326211,-0.188953941441968,-0.387756981325241,-0.573918292592802,-0.729059037989988,-0.871461245419357,-0.973286153649099,-1.02962124894195,-1.05403336101076,-1.0439634285174,-0.97252586357891,-0.865837086313753,-0.735765336561002,-0.568101838147603,-0.390060259923742,-0.178616922223086,0.00818202115455124,0.205669170232375,0.380790248910835,0.539434166120122,0.665680869644631,0.764826976270164,0.825725183712445,0.841815139270866,0.816008099874333,0.76641980146621,0.665872724416534,0.540062832776677,0.372014773163316,0.192470197692935,0.0108855824534018,-0.196251699380559,-0.36522813935482,-0.563477508762335,-0.71337438836397,-0.848552635052781,-0.953532423527522,-0.999862138545154,-1.02239031411084,-0.998082521811166,-0.939720341372424,-0.843388132643721,-0.705905499040489,-0.563183323099819,-0.374778588674688,-0.18457922866654,0.0116171000223055,0.168797472732581,0.34190228977596,0.495922463691047,0.621875758994707,0.706929512660168,0.754781917581757,0.77701295751959,0.756892192728072,0.708773154254605,0.614191682478467,0.491088416107669,0.355030830297485,0.184382330523514,0.00622268829658178,-0.18413816951071,-0.360826563190238,-0.532303464809898,-0.669735254242897,-0.784000061800312,-0.872068085952317,-0.940400598710087,-0.953368208698249,-0.932834571774052,-0.876777900759792,-0.780279230512076,-0.662337222728681,-0.521093417007922,-0.362835625147552,-0.173704238915667,-0.00911006831694789,0.14497359322066,0.301707145089536,0.441055477960579,0.517965942058708,0.618773468810538,0.659299125476792,0.683025830299149,0.659100913727214,0.614053489111771,0.535364991207476,0.419983518108981,0.301033213278791,0.155421408800689,-0.0082477602595154,-0.17540342297341,-0.31999475671366,-0.461144154701353,-0.604583797267358,-0.713559011421724,-0.791856239956372,-0.839985224917615,-0.852311533653538,-0.837453239982344,-0.792485621087609,-0.714542325396863,-0.599346646739538,-0.483180886664519,-0.321286241965452,-0.161273699250914,-0.0179063496879846,0.12321012313952,0.237753966162557,0.351242046850947,0.447287602676727,0.507702878532846,0.558251115862983,0.561981271696254,0.546014015831232,0.499737094989908,0.442652983353872,0.351321498730055,0.234525352156612,0.124509057452265,-0.0116965771522087,-0.154937660383407,-0.289024541057791,-0.417495750061834,-0.535838802541498,-0.605816756029266,-0.696746829836348,-0.726542387860054,-0.734673854212287,-0.724941015965404,-0.673424924160328,-0.622434529920198,-0.52314869388917,-0.407195574450567,-0.29025202585314,-0.150529183120835,-0.0258083595940864,0.0817151554406587,0.163930309537427,0.252766746589065,0.317157135620325,0.382389888692118,0.411160194581056,0.431438515989555,0.402274031648915,0.381152640971307,0.325377913115223,0.258752654321515,0.17257663950016,0.0791613085054149,-0.0347269359641613,-0.133436950068007,-0.243950282282251,-0.339772772028348,-0.432930092817094,-0.502082872373028,-0.555533234041412,-0.592960649025974,-0.59532570927828,-0.604165148672081,-0.562791462674017,-0.503279420663412,-0.422857401250722,-0.345127041683488,-0.243333386906797,-0.141883343140885,-0.0497432126355217,0.0222142221648486,0.103676248201581,0.144822667871094,0.201933127400762,0.247407668014192,0.273254756753607,0.275389956248975,0.262494820760606,0.237289179354547,0.194613109976574,0.144701493493603,0.0937588899705362,0.0262363114353341,-0.0485380135499992,-0.12295584036886,-0.215266828534544,-0.276512240173206,-0.325728575343528,-0.374493028591673,-0.42157493285523,-0.436565800270826,-0.458603732925557,-0.438272992022144,-0.410687855072701,-0.369600562079696,-0.320304754650779,-0.272960202419367,-0.189264735247863,-0.114464402416146,-0.0633767270149304,-0.0280486054516825,0.00633496545767442,0.0474015855447777,0.0680219623026173,0.0848000283420451,0.112223050228709,0.104868379096458,0.107556117272683,0.0894128196598009,0.0676346611019403,0.0401839356882409,0.00970635410151879,-0.0259873944446419,-0.0668422658734507,-0.111340051878103,-0.14603225210754,-0.183052353051651,-0.220996604489385,-0.237001110592141,-0.254711236681528,-0.28465191460501,-0.282896851029037,-0.27568467283049,-0.27023626852828,-0.242155278475842,-0.226240593755646,-0.176617188962915,-0.148549190600876,-0.107656454520154,-0.0924705212228965,-0.0760875693153744,-0.08387903582754,-0.0726784714812016,-0.0667613613088498,-0.0633773274687736,-0.0611590546984304,-0.0591452206410664,-0.0718342285766762,-0.0518845973615851,-0.067584803506881,-0.0720168945169174,-0.0812391718141348,-0.089578858452778,-0.0883644883159837,-0.0838103200653005,-0.0888302779306927,-0.0932270607466913,-0.0964148810809821,-0.119043463795018,-0.111715982362268,-0.104836024641444,-0.112233567627006,-0.111674262030162,-0.127491504831587,-0.110312547713339,-0.0992764452966768,-0.0915935172512417,-0.0817561462100682,-0.0909018313943569,-0.0980638919655603,-0.132805803193854,-0.160959959464961,-0.182855914404614,-0.211793414029233,-0.220157958727798,-0.230436124250038,-0.240117774728784,-0.221383586327793,-0.224285437272137,-0.204888764143798,-0.189930516888363,-0.155112468257735,-0.131249902585291,-0.10459252329058,-0.0678961576907718,-0.0519685113209479,-0.0236307092086044,0.0139969938080918,0.0272250586586524,0.0340234605100372,0.0596743748216082,0.0535291896508557,0.0579746391959727,0.0365353492591109,0.0298799839437039,0.014230806040632,-0.0149767550764356,-0.0492373523587702,-0.0591566386520258,-0.118891591973478,-0.190038014372483,-0.247359781848135,-0.299275617075277,-0.346803339715673,-0.361278040117158,-0.382664509389077,-0.406701975996808,-0.396597315240774,-0.362367197191731,-0.339336640629242,-0.294683990429224,-0.234780860229154,-0.178058501069617,-0.124042578806419,-0.0539768143767328,-0.00233481824225449,0.0746257904865069,0.125606753086977,0.175331975385195,0.19487593318906,0.207495336808956,0.229742647348686,0.218594480487241,0.212691020967662,0.177757824410108,0.133263223387111,0.0710217247478416,0.0047103103821117,-0.0567409216193704,-0.134762136338498,-0.221090141726339,-0.329623594216003,-0.405466302781081,-0.469668970477176,-0.524640695338296,-0.543540571659039,-0.547102182056879,-0.545770165167277,-0.51245932394107,-0.464994489602752,-0.404971083882681,-0.314271652084942,-0.231128121993094,-0.136579196522772,-0.0347801913155119,0.0655481213135859,0.154483835640614,0.226091364383348,0.299871504383764,0.340160382683399,0.371241626481748,0.388091454572306,0.388097885749803,0.338402014123469,0.28391825268819,0.228411639688705,0.154038854480995,0.0585695185599994,-0.0375397879209083,-0.156513749450007,-0.282996641925946,-0.396983485843768,-0.503737546543626,-0.584855197553322,-0.63366703175696,-0.689774628001811,-0.699980724268585,-0.689460316682849,-0.646508942539519,-0.573942718330011,-0.50831337328011,-0.391327004739552,-0.278015698323273,-0.15134020184233,-0.0258722614627561,0.103178338155732,0.21743730261978,0.328291654556878,0.414675388437428,0.484821390856035,0.510417183489301,0.533275651409374,0.516522318685968,0.46726049750012,0.40651954324129,0.31458752778627,0.209251272485947,0.0971777000502917,-0.0160270876285006,-0.160271265034064,-0.314150293520559,-0.462887341797858,-0.580307494907272,-0.684222399418571,-0.753201775158758,-0.808886667899269,-0.824209719085165,-0.813419231513667,-0.764976198682815,-0.687988530081762,-0.587318376880186,-0.459989671762369,-0.320367328192814,-0.158633404285388,-0.00436191883569462,0.144640439701812,0.276915575239344,0.410694870676939,0.511248495253464,0.592790711844033,0.6344634268693,0.644533550209216,0.63814382274412,0.580468619062831,0.51457105773355,0.410190865151063,0.279563418744826,0.139765611166611,-0.00305290538220876,-0.184037641760078,-0.344111708736822,-0.521114941279743,-0.648749825959617,-0.774717085190448,-0.857569128136509,-0.911724080050921,-0.928802904847293,-0.915229463432838,-0.857673392601559,-0.766001216026179,-0.642286596859891,-0.520478750703568,-0.346930335642735,-0.166092200512315,0.00804865793550488,0.171540186676058,0.339113799463576,0.479233568854308,0.590201170922751,0.674273733338175,0.734026561221454,0.749540654842699,0.733751896425585,0.675460054001212,0.597183648595241,0.47995442277168,0.327392454759529,0.175344302981022,-0.00448959787932865,-0.182878309170582,-0.370104896290534,-0.555594833760435,-0.704866016270408,-0.82275534185239,-0.917783689609179,-0.982672391951362,-0.997734976609164,-0.99609757402148,-0.936250411632656,-0.822475341258068,-0.691421717070592,-0.559907689905499,-0.374870919125679,-0.179037835933341,0.00634045514042003,0.198683478999479,0.36760831509472,0.519976276997618,0.657380022741822,0.745600300862651,0.811882402764016,0.833816786403979,0.810099881315552,0.750592965892709,0.650567935647298,0.5210331257904,0.371438118780757,0.196590388726813,-0.00790060632994109,-0.188391413913531,-0.393013551169914,-0.574544528103676,-0.723659089522068,-0.870543172425178,-0.961803867916497,-1.03019026008183,-1.058059879196,-1.01978323631905,-0.976252082715383,-0.856336277330532,-0.730899271736514,-0.575833231270473,-0.387208124169256,-0.181296882951697,0.000330673183812621,0.205143246596834,0.398565596767951,0.55812572039493,0.697614637791863,0.795242561295479,0.861702852266985,0.873037192846266,0.857936046989929,0.794644123767024,0.691416381086112,0.559174261728283,0.393161657580685,0.209927921677912,0.0104556470967239,-0.19577872653441,-0.393875719271973,-0.570477854278487,-0.753380453735826,-0.878354660743734,-0.979509980048359,-1.05069793983919,-1.07849889966966,-1.04735794491228,-0.981754885299629,-0.887415672770623,-0.755567661486204,-0.585505758361552,-0.382001213350378,-0.187405879134718,-0.00102341183205888,0.215137180740898,0.409743226690398,0.572370005729203,0.703018662281062,0.808483563305854,0.877256192385182,0.898685218852873,0.882064930813376,0.817480757031963,0.714286116820406,0.569076725628863,0.403374173199803,0.216133843121333,0.00728089727356987,-0.0790716776311454,-0.070600759155202,-0.0577395014333553,-0.0660186518242586,-0.0673921228091615,-0.0635509211529464,-0.0709860244475805,-0.0769498516551659,-0.0852531875558626,-0.107929477877573,-0.0953312977579886,-0.101660703704032,-0.0941204213608641,-0.105308743797049,-0.106863076567835,-0.112073246157099,-0.117808907560674,-0.114242622761319,-0.111785131009855,-0.112764046216952,-0.100878837181954,-0.100088150448161,-0.0963005184793936,-0.0916786443148067,-0.0855235717589917,-0.0925002481285647,-0.0707006670204301,-0.0754559704089593,-0.0624435465479607,-0.0729404708046622,-0.0621544798543434,-0.0597734047374528,-0.0402994582858765,-0.0108052907162416,0.0163087825284321,0.0486677800958555,0.0662167673793708,0.072218259415076,0.0772501120171244,0.0917046340331623,0.0830643653576591,0.0594849297447668,0.0323202027461726,0.00974797095215816,-0.0219819848019589,-0.064200441385369,-0.0970383994556715,-0.13819204601187,-0.165012427858322,-0.187894256223246,-0.224845729951809,-0.238522808318493,-0.242404483372663,-0.261245531182499,-0.246316907907272,-0.246044462866649,-0.23134082636972,-0.213821313903603,-0.180955415281554,-0.145024088381496,-0.113602689373092,-0.0824331414452058,-0.0341389279359613,0.0424898911015192,0.108173183616569,0.156176160412696,0.196145588171218,0.231705622350495,0.241993032335089,0.249783045740435,0.235477175222081,0.202543970801688,0.160970614814067,0.118862426737199,0.0567074986206249,-0.00766782570077435,-0.0676347554492985,-0.14979910175846,-0.222115757120249,-0.265154333972632,-0.323543873221472,-0.376724334043819,-0.410699578938525,-0.432836991852405,-0.422752828367075,-0.4129416333628,-0.38065756504583,-0.343622701026041,-0.288642701531115,-0.237211587593081,-0.163800564276184,-0.10203444319911,-0.0101637200366988,0.0851995719869654,0.171314148204045,0.266718226328192,0.334765004614918,0.37699919925472,0.396569974990411,0.402308048666437,0.395253370429474,0.349670805379782,0.304224975263986,0.228992938361139,0.144491942915822,0.040088447637549,-0.0631016512821623,-0.163992301497647,-0.261682306859417,-0.35862320402507,-0.434617790012494,-0.502007483356043,-0.547473396661462,-0.576230067197372,-0.580087547777416,-0.559288655538021,-0.5304522136339,-0.472893438628154,-0.40132902469874,-0.297743548663456,-0.217196969567983,-0.125753221583924,0.00304154372474741,0.137258191914875,0.260840763929857,0.357631417524148,0.42534241112577,0.513361406471241,0.535591553967071,0.545974107970971,0.534678841782011,0.470975445644398,0.413034413771472,0.316308665909294,0.205592648235074,0.086792987745098,-0.053357151716068,-0.188774870841881,-0.304377842288906,-0.419528773475405,-0.528704029627423,-0.612248580092285,-0.674085637087003,-0.721354601062834,-0.715289315236491,-0.701584432938428,-0.646488085056819,-0.576191948080716,-0.492717871236047,-0.380850392383309,-0.25502205288497,-0.144810195984457,0.00626908071286953,0.165626695831947,0.305518048204516,0.433720273368147,0.528131342118176,0.61620207549068,0.66140455673261,0.673931713524792,0.6467632697025,0.589086638361312,0.498616982391178,0.401231253294432,0.262850140399717,0.123979618232396,-0.0321250880813173,-0.192006597814464,-0.342088865217023,-0.477400894446311,-0.612180632492883,-0.713835453553469,-0.789629544459079,-0.825516243430426,-0.835062406224181,-0.816157803299681,-0.768612520494722,-0.684036275870094,-0.565971730277564,-0.450607508766781,-0.303000758747067,-0.139733643438478,0.0240734057853662,0.191419608556427,0.372589853282078,0.501357739692411,0.621821344437071,0.694117654567515,0.743227280955163,0.769155577944906,0.743443329329268,0.692632702220315,0.593278037555978,0.464570720341166,0.313525553934059,0.143848559361565,-0.0241337226830457,-0.203941349059804,-0.382992986805947,-0.539765576110167,-0.680583562941653,-0.788975526707043,-0.878914366983697,-0.92687028033917,-0.932769479250651,-0.921674717870226,-0.845198295492263,-0.76442641796696,-0.637157046046771,-0.496281986936121,-0.325631969941042,-0.154284671184816,0.0301446492166976,0.227195061188246,0.390248233748312,0.552392067456989,0.672769178926307,0.764166626940469,0.822333558987713,0.843887828149716,0.809526628946447,0.742339913886012,0.643855577734258,0.505239439705223,0.353079391388443,0.173924072871545,-0.021621721150153,-0.204631635441413,-0.391038432158376,-0.568320697363044,-0.721606260651238,-0.860200154311765,-0.940654741396392,-0.993416243894541,-1.01401712883469,-0.994037348824775,-0.924716564288915,-0.827464508700413,-0.693154627115751,-0.527494350711818,-0.343806801063694,-0.153657009188065,0.0315164099070709,0.236328051753863,0.413177002719141,0.587153607856833,0.699163898827427,0.81662016662014,0.870513530327106,0.880732490762853,0.853634666312013,0.768822700807068,0.677619793434344,0.537602518249488,0.383186738572219,0.194441063021482,-0.0182554476474388,-0.218642674084625,-0.420503941488939,-0.581298802773306,-0.753529957668941,-0.895960769655801,-0.987577272733946,-1.04507465026276,-1.05340713309493,-1.02721732304896,-0.965930361743376,-0.859994659700638,-0.717587210292641,-0.549226607445135,-0.357503922754324,-0.167623661056292,0.0383100595377115,0.235496326742323,0.434751706237069,0.59708064116339,0.722963507461934,0.813847571462052,0.880921706425433,0.898454385951505,0.87513830716679,0.793941764918293,0.684426982408761,0.551584166198945,0.382430199768437,0.18145906603117,0.00182729840282147,-0.208922513317808,-0.414911718756042,-0.606488020565302,-0.767538318793702,-0.893894253849656,-0.995972368393421,-1.05902977567697,-1.07077566646051,-1.05081657915216,-0.979288224823626,-0.875396325836625,-0.725326883567402,-0.559939569230592,-0.374910424939465,-0.18659940507373,0.0312607765519274,0.231365786372722,0.414645979497378,0.577337178953203,0.707939598906154,0.811120253953105,0.872370535446867,0.878527580454591,0.85474335440206,0.778950033114223,0.675000756217885,0.543069904621778,0.372678691086533,0.199071711461489,-0.0153622941113324,-0.215905397500547,-0.417028779980592,-0.597601838407888,-0.755651001042018,-0.880406535738253,-0.987979302352351,-1.04297585835968,-1.03916271920648,-1.03068315932564,-0.965985663523268,-0.854817120570357,-0.719481268345648,-0.554635791765678,-0.361963840990755,-0.163042585530453,0.0306341491326387,0.223662963573637,0.391583555480976,0.546877904331922,0.669823207510683,0.776424165905787,0.813461028610103,0.83289026686885,0.806947754231468,0.741601646684764,0.650283782515715,0.517889589517606,0.356750266836968,0.178837680294942,-0.0120011731766265,-0.211677184593419,-0.406152358029677,-0.56353715646308,-0.714631129508196,-0.847668329514008,-0.948196277543315,-0.999154016657175,-1.00978583805698,-0.979027080832324,-0.925348574735162,-0.833390844529227,-0.690257502718417,-0.532305552633319,-0.34944519182099,-0.155665938954101,0.0223805407265473,0.210754554085395,0.361538401697471,0.508676623233779,0.61814339970951,0.706229906142581,0.757197711809278,0.768450196152944,0.737127300648243,0.670280508870136,0.590998690944655,0.470269721848389,0.312964483342176,0.148250487575499,-0.0254783732976047,-0.194019593561083,-0.359228505075334,-0.528397306779949,-0.67337577122411,-0.788794848301544,-0.868161271742587,-0.936504497960405,-0.936784635787021,-0.931535179906594,-0.872052013481778,-0.768584148297672,-0.637191625644332,-0.488826124308602,-0.325075769138779,-0.152477360544349,0.0105663131248172,0.166800874750343,0.310849147751876,0.43580196752586,0.530467341460522,0.607324129501891,0.658302684137629,0.663943808498613,0.647324984832667,0.600750510241384,0.519341561219674,0.390025871793827,0.27358042428716,0.128120023498077,-0.029079391403177,-0.182657726049754,-0.350358728083298,-0.476292078762918,-0.616709626855189,-0.706199252492255,-0.788525048182414,-0.82747836644944,-0.855058116078205,-0.822221013849908,-0.772431614883999,-0.677117948457056,-0.575017641003327,-0.435887381047747,-0.287711545250259,-0.146862829060255,-0.00178145947529749,0.124387124284414,0.250484827432111,0.359035588055705,0.453118752481875,0.508064682037089,0.539076225480645,0.545500709435472,0.518598960305664,0.479242261899567,0.414446575628391,0.313094511835249,0.214429918580806,0.0829988963643652,-0.0437793471155213,-0.177156764587116,-0.303361137241322,-0.441978424318288,-0.533137562792627,-0.626710075653657,-0.681575251125895,-0.714837120978748,-0.719079824160757,-0.703624609615037,-0.65241276832439,-0.583177457465213,-0.492485330594677,-0.389045146979402,-0.256752122501437,-0.132160294793454,-0.00976667495174413,0.0861256070480535,0.176393035309283,0.25992482016676,0.324417067530169,0.374716467378648,0.393269404333509,0.407567832575443,0.389867380528301,0.355010011321025,0.287125176372215,0.221547643532006,0.139953226411982,0.0396737391799866,-0.0600181618939896,-0.166602518217809,-0.25474015917596,-0.35385157314864,-0.434193629990054,-0.494256581089383,-0.545332626208073,-0.568684183429815,-0.584172875501985,-0.568681828101583,-0.519209450713557,-0.46793447362333,-0.401632773759581,-0.310964791284282,-0.212814779841232,-0.111928516306912,-0.0291252722693387,0.0413442901889196,0.0976405719965174,0.151058352173843,0.196648896045151,0.230050905428527,0.248492845847099,0.250554979458341,0.243664785835613,0.211840862175805,0.16513549816559,0.129648795293402,0.0622716626440943,-0.0101560890542109,-0.0771688711058143,-0.139387665988349,-0.207894243390911,-0.263951507856,-0.332882484999481,-0.375962401367099,-0.405355530395683,-0.427640261998221,-0.426074142164121,-0.403717228523482,-0.388234813350258,-0.348875989528721,-0.295792332730489,-0.225476432306807,-0.167141998954368,-0.0880561495484072,-0.0442285860404321,-0.00723641405594908,0.0187406939859188,0.0443114974251023,0.0689464859411174,0.0781779001053062,0.0762028352025162,0.0841925187722695,0.0737063104318039,0.0579989413676376,0.0394803905876579,0.0111559152123637,-0.0282546696155348,-0.0533594252453436,-0.101921390076242,-0.124990665198991,-0.159522342139506,-0.19440701646009,-0.214588002092925,-0.240888391888696,-0.258645696732749,-0.25616097364968,-0.250291120284378,-0.246932013291466,-0.232715332382872,-0.204274422827796,-0.176571772307271,-0.142751307096534,-0.121606276393201,-0.0771553253256014,-0.0593568448444735,-0.0680632147818826,-0.0643059133572714,-0.0658011318769918,-0.0683976344064982,-0.0754505852395285,-0.0811709210432541,-0.0832338024632611,-0.0852012173059394,-0.092022097149481,-0.102442074477129,-0.0961166400512821,-0.108504388712494,-0.116769930653027,-0.108695636286745,-0.122854615134373,-0.115137024032333,-0.120891790047134,-0.111181600896707,-0.107074890134884,-0.0872835050382276,-0.0951359462454112,-0.0882134780500612,-0.091062211278953,-0.0750808151003531,-0.0652753251085322,-0.0685850502770454,-0.0548193062504071,-0.0779783260215412,-0.0590046800801884,-0.108665446165304,0.885850879186444,0.897157898443497,0.865828950803115,0.778730079219629,0.657040648819673,0.515064864416918,0.332757218527517,0.140483920621963,-0.0561735076876217,-0.262407362796312,-0.472560807932771,-0.647241599418967,-0.795917686577691,-0.922382794802781,-1.01756764190001,-1.05431436658375,-1.07777551642219,-1.03160158776893,-0.959222279868825,-0.837808198957794,-0.680648429722729,-0.508225288041541,-0.31829212283074,-0.123282323129467,0.092350554122927,0.2800780961238,0.469369166338788,0.635219643374449,0.75075178385893,0.845733001801535,0.883719237442704,0.888727202205394,0.860325325162686,0.772459919620302,0.653333329310684,0.517843549846669,0.332425902249396,0.146055670471734,-0.0639778721022328,-0.269395746549284,-0.472832525651431,-0.635206908128966,-0.795977122378759,-0.926967155305527,-1.01451732850899,-1.05344461325718,-1.0626352408865,-1.02229820832938,-0.95759339810488,-0.841961169647219,-0.677633321125612,-0.518885435518929,-0.312148770284775,-0.115557572478437,0.0804107758960045,0.292909228871192,0.464440231726423,0.623411051756133,0.76321479919218,0.837626567083452,0.883549802067276,0.898985504077514,0.850607328083189,0.769905895338768,0.662988270791944,0.497817507467689,0.341333963338947,0.149974718571742,-0.0725568764247967,-0.263807585763218,-0.47061937882201,-0.646255690566489,-0.80940425889502,-0.922919366097203,-1.02626386775194,-1.05899614244198,-1.07438854351802,-1.03045263059714,-0.952238807557816,-0.826579773978777,-0.686903026028487,-0.507307864827532,-0.316851124838256,-0.109295244371535,0.0978724444970372,0.299200765693301,0.468221094847623,0.635860868654238,0.761222560380885,0.840934157748886,0.872315297418711,0.892118656549121,0.854074379092637,0.776363097197361,0.659755999726243,0.509048716950569,0.339381909939761,0.147067792547086,-0.0635161991014395,-0.274004793094096,-0.473401107032645,-0.653445597461223,-0.807237348646726,-0.937726069096776,-1.0031328496519,-1.05976605035302,-1.06879370997942,-1.03107305493151,-0.950723340704955,-0.826486819726762,-0.687959973788874,-0.49770333012009,-0.29972492961305,-0.108865710327954,0.0949239162008315,0.298854232948429,0.474910942004862,0.628598828454221,0.747572520134208,0.841245839067204,0.883982675598337,0.88870332620168,0.853236117743147,0.770175533333545,0.656366088589407,0.504595155280682,0.324575956264213,0.138045385414874,-0.0630865680418192,-0.283957677305798,-0.467796816628584,-0.640756316142147,-0.80821855080828,-0.936479891257195,-1.01440260432373,-1.05833495342911,-1.06287862946388,-1.0262449036271,-0.945525435003262,-0.830880727498657,-0.686411868216797,-0.50664810456193,-0.315434706687813,-0.10744909469649,0.0964715593427565,0.289720251375627,0.480240363271851,0.632525456722597,0.749689926933022,0.845443033121745,0.892773577992369,0.902814595196808,0.850676286660338,0.770895452955237,0.657958858276785,0.504273846578792,0.337239083652136,0.132989788149363,-0.0623001083760073,-0.280971541154648,-0.472934383561314,-0.657689011216317,-0.814159663969145,-0.923615202476506,-1.03288052440668,-1.05176908560735,-1.07099638990267,-1.03457944955835,-0.938864813577684,-0.829586943127394,-0.670454247979754,-0.503053120098105,-0.313529726873214,-0.108300936004048,0.111816124874122,0.294803317952449,0.464670651402634,0.629544705543136,0.76432029787913,0.840437343377095,0.896648164502156,0.895923914116094,0.855493174792048,0.776728315952341,0.657360673025874,0.50631654236595,0.325351930014368,0.121905684894189,-0.0771846469948897,-0.280324622051331,-0.473274266003976,-0.660695570723052,-0.803001203995583,-0.926368861251566,-1.02615706331647,-1.06478636654083,-1.07137573392564,-1.03812403574926,-0.940722134670472,-0.82177547967817,-0.678389614854889,-0.490035121105685,-0.31027250638834,-0.0955033616866942,0.104857580783667,0.311252721008581,0.478991552917869,0.636909654662065,0.755411570864752,0.841097498569788,0.901451581751212,0.891854185815433,0.851855984956422,0.766645679821393,0.646677044025755,0.50869631372655,0.321984168376859,0.125665607770438,-0.0671990746145599,-0.291647593108038,-0.473987383623813,-0.668530878745351,-0.815285787540492,-0.929094485325068,-1.02069876510553,-1.06039730125536,-1.06273315292689,-1.0343286741939,-0.933352327010709,-0.812905051289461,-0.678885758614079,-0.507923150215123,-0.299921403919836,-0.103162779076878,0.102589671849602,0.31860963956624,0.478498007383352,0.635673741769068,0.754658819041635,0.841950747935187,0.897430945070244,0.900590316857498,0.846991003073991,0.765838571541036,0.645339795415675,0.500381983225475,0.318575560210109,0.118692028005304,-0.0793073197770827,-0.286835449688898,-0.470461572179359,-0.675705474485583,-0.829489950143999,-0.931759187350204,-1.02616041655938,-1.0703412929224,-1.0652245157763,-1.03466036170117,-0.934759951068283,-0.827751372411079,-0.673054223617748,-0.488775729101867,-0.301481102268452,-0.0832543900556983,0.112118440823985,0.306711800834458,0.484933735335594,0.634937195404198,0.761170288102689,0.856956663561398,0.879363793167216,0.878773423113055,0.849522351153323,0.764709668212271,0.643411000241295,0.492684456705495,0.318497019878715,0.113512061063991,-0.0803756172313115,-0.301710943114075,-0.483830184747439,-0.661902352808519,-0.820633239916838,-0.936800348599849,-1.0249219761275,-1.05602741618963,-1.06585638865435,-1.02943862331962,-0.940051603174194,-0.822914391556097,-0.661080920230775,-0.486360131663025,-0.291638055681046,-0.0913450259271017,0.12009898514316,0.311875259469717,0.498859814845291,0.653862208095,0.775835869128847,0.854914708066295,0.876315441545796,0.887070019268974,0.84803113019041,0.755821174881342,0.642121026629573,0.493578329996295,0.304234465510051,0.114444441183589,-0.101720683049225,-0.301555812761592,-0.494947980431484,-0.679154093169439,-0.829465487440227,-0.934486720343925,-1.03387706312784,-1.06090183826515,-1.07079537629775,-1.02027099100519,-0.941431477112422,-0.821092240530544,-0.66423329977397,-0.478979867196395,-0.280254188151385,-0.0838813950883484,0.126542497139449,0.310062096255611,0.486756419955277,0.655702989564397,0.770028090380535,0.846445483034626,0.894051738035861,0.888455759751817,0.855064233023208,0.760321506379405,0.646117090822447,0.486180993897677,0.304657217434561,0.107982084931037,-0.092881135612043,-0.28799512365237,-0.501008195704673,-0.677404402260964,-0.828593145960527,-0.934447732173096,-1.0299682747713,-1.07599087031831,-1.06000426898257,-1.02039602232858,-0.934502883622038,-0.816862568131101,-0.661140953228985,-0.473900698908598,-0.277987151305464,-0.0733468136155687,0.123037366312605,0.316204537582658,0.497342736209202,0.638175316359365,0.770874890349332,0.853119226079701,0.896133908235069,0.89855102890972,0.846905786428285,0.75880661410726,0.634890813518759,0.480296708257597,0.313481093657164,0.10720215041931,-0.0995915027262218,-0.290331810390287,-0.499035302101265,-0.675079080963494,-0.822258160296845,-0.94778891619248,-1.03399189958276,-1.06841462107505,-1.06174007988945,-1.0122522663581,-0.940417847119009,-0.797534680693294,-0.658107768495372,-0.469429632678294,-0.281227325466129,-0.0704582789103849,0.125949905886441,0.326161604944444,0.489501272758553,0.647560866611855,0.760258920832325,0.848356527526165,0.887280955793718,0.891703540512304,0.846498073087915,0.752487973249036,0.635915878869797,0.480624054191007,0.287275342655218,0.0999025201055531,-0.112948152718255,-0.311191685168764,-0.503582618862484,-0.68473728903934,-0.830900286671898,-0.951863745954063,-1.03142760567285,-1.06675984115228,-1.06998877735813,-1.02191102406008,-0.938651310814467,-0.805329100682002,-0.668479903076754,-0.470541973084522,-0.2712852787729,-0.0778084139962683,0.139170973404222,0.323263448405266,0.497200529112762,0.660814928664347,0.772208913816806,0.866291206321935,0.894912457706062,0.888472429882788,0.837425718434231,0.754320810326332,0.633534912367132,0.467771557291005,0.299801236771829,0.108131197875088,-0.116107316366964,-0.303520908834409,-0.505690340112664,-0.672411420813883,-0.83175030845593,-0.949261369224031,-1.03172815475348,-1.07401125239852,-1.05457234194477,-1.01992622644458,-0.930191444205289,-0.808746454841529,-0.647661379556989,-0.471139912398202,-0.278627755924955,-0.057218892281814,0.122135414118891,0.330837205112181,0.503363749690861,0.659187079340133,0.777508784769389,0.85701636460687,0.901644654277182,0.892151091424399,0.848476374624021,0.749886799859445,0.631516729646217,0.479241177501296,0.298720394362141,0.0925167773059663,-0.126406752254238,-0.315909130397622,-0.508920974316981,-0.680176555117949,-0.839885884921119,-0.957841821210039,-1.03678552726606,-1.07267073218595,-1.06181783868522,-1.00227209875787,-0.924499367196937,-0.800899036227428,-0.642385417616392,-0.473361147609278,-0.272685126603542,-0.0691049753208679,0.14746201744792,0.331154785671936,0.512219827582873,0.666489844413399,0.777183327311981,0.859515228608663,0.893961614459944,0.899008579481816,0.83387648335007,0.757875939813411,0.634198769161421,0.488604044979802,0.28534313951624,0.0956678091064957,-0.104852214067048,-0.313948885855389,-0.499449641902558,-0.68642964960037,-0.83677898011476,-0.953395810711432,-1.02698202701054,-1.07675108894582,-1.06718559847256,-1.02221963740557,-0.924044787932913,-0.803356828115085,-0.631049718014447,-0.461193198697108,-0.272869873530895,-0.0621663253531659,0.129255713739904,0.331041151975882,0.517474625894763,0.664197563777852,0.778401639774917,0.857332378358469,0.886831611423131,0.888463697787631,0.838506649084506,0.7618647924546,0.639033298708185,0.48052323840721,0.281763840390919,0.090542662333092,-0.1139925824673,-0.319516688062557,-0.508385486013121,-0.69255989625658,-0.821058327418542,-0.949495360361588,-1.03042949539503,-1.07360613126442,-1.07261431378354,-1.01641608521779,-0.921984688037763,-0.807407399531955,-0.652418599479778,-0.467275063431871,-0.270054654639893,-0.0727420654304455,0.136355436808474,0.342403015411163,0.510624189627518,0.662872685629981,0.779729049667811,0.858502494552767,0.893517374900793,0.886359461555955,0.841121962320232,0.755453970084681,0.632240943413279,0.470582866216525,0.292932738124862,0.0957926935540022,-0.117997907438454,-0.319316966732766,-0.504029616051578,-0.689036106458441,-0.839553785390614,-0.956069405284591,-1.02932809286608,-1.07475623995434,-1.06277881028429,-1.01670234265313,-0.938942648038439,-0.798014832532039,-0.634639844533705,-0.465267509780122,-0.262696215789172,-0.0599827948469399,0.148390920558011,0.341090671051857,0.504570189656493,0.64899884436887,0.777580779993457,0.858990345565962,0.890454091663281,-1.06874469929244
1.00346286365301,0.999048839262711,0.954630621857936,0.872345534119673,0.760219050975107,0.61216688335681,0.439170765529988,0.250261558904723,0.0621968904557202,-0.14354923703346,-0.314318426287967,-0.480343546788645,-0.633836751636832,-0.73883163519937,-0.82592470225605,-0.855438863703281,-0.865559352601868,-0.817021146454439,-0.729855129814921,-0.619066122849899,-0.476443129240387,-0.301368152844569,-0.119795960523334,0.0684071340843865,0.268757046785763,0.451823234174665,0.621731790593745,0.76162376770807,0.875037996746331,0.952250119434531,0.99035629779993,0.997540774808671,0.940721151179583,0.863291703905231,0.756570265450761,0.607170418962438,0.453878150125227,0.266715553795413,0.0760199335762179,-0.118369773709774,-0.304305678097147,-0.473963902937688,-0.62040210535203,-0.732888029368243,-0.801664197388901,-0.854238484700256,-0.858703518854413,-0.81134826992306,-0.737659320799533,-0.624239716329115,-0.473162540916691,-0.314040570143521,-0.119976557997914,0.0768700507450001,0.261123379561644,0.461273162844712,0.61065467401109,0.748752965901847,0.856331548251664,0.951226714392873,0.995559288410097,1.00359068662501,0.953180546475446,0.875302433338979,0.758161458435395,0.625089602839839,0.44241909076484,0.263449390100324,0.0687917170048563,-0.123419735792435,-0.308302987007652,-0.471472872553224,-0.618236376082916,-0.733863544592645,-0.803499960002262,-0.843669680963607,-0.857935253902211,-0.819889214957823,-0.730101615077949,-0.618656516642111,-0.466884806400138,-0.30428769573207,-0.132383206358722,0.0740172762893425,0.256970794793861,0.444368604815904,0.606440412407822,0.74184365702187,0.872680675192344,0.946500514101257,0.986984932912789,0.98923021729207,0.944162551481589,0.882192233094621,0.761015395731461,0.630941035981684,0.459523293402568,0.28237430588007,0.0817788775405847,-0.107135000868366,-0.287022934683911,-0.465189594978434,-0.615713424903813,-0.73481039993669,-0.815231326111287,-0.84199470821953,-0.849548625690147,-0.823554768667534,-0.742602079947332,-0.620979037761213,-0.478712753109968,-0.316182976858655,-0.130539451578647,0.0561362048795032,0.253281108016234,0.442075666015765,0.60527988629356,0.757296775482978,0.873133042131276,0.944898244854473,0.986606124895151,0.993249202831369,0.949682896250817,0.881958309882849,0.76361501449149,0.63738148105477,0.456554728351618,0.277714970359707,0.0794700955128362,-0.117075390418556,-0.296549153543229,-0.458797608342833,-0.620643364260501,-0.730566591458239,-0.814376467433248,-0.854625688092188,-0.857784219773236,-0.814288993264963,-0.738697139949475,-0.6344207744638,-0.494099291657109,-0.327140211844241,-0.132392026637957,0.0555443938941764,0.243266899556049,0.418902242187675,0.608863809882944,0.743449393561125,0.87000946452311,0.948878117378381,0.983933016015571,1.00330379720761,0.949318218193243,0.885740188685429,0.764537776381829,0.630903823040431,0.469727908865308,0.279909933376685,0.0841955867878585,-0.103017649446325,-0.293053777562109,-0.463219610557465,-0.606637537750065,-0.727060649389385,-0.80813655483602,-0.856478055186558,-0.853536036765304,-0.813120558780873,-0.752183907857439,-0.634076558561987,-0.490125294976639,-0.337144923900224,-0.151154286725416,0.0490915051568506,0.245425158807252,0.434569733021049,0.598129407189898,0.739701077252951,0.856417603150479,0.940956238637869,0.989894176377687,0.995021923685726,0.950629714884494,0.881910739140621,0.768595558234502,0.630143210213281,0.480051681603984,0.283404643446857,0.0935324840582188,-0.102631892501189,-0.293465267101261,-0.447927403879416,-0.607547418673638,-0.729782141455096,-0.807408242628068,-0.849557443838149,-0.860917522982809,-0.820337433763522,-0.745583296040627,-0.632915086704538,-0.490195779336292,-0.330794456856635,-0.137067756623077,0.0499846655377906,0.232792099038016,0.42577654108878,0.595073518900576,0.766114665747841,0.87247613296809,0.941855979260747,0.989242739285719,0.997165703118335,0.960245397286837,0.877336898768821,0.779939631479614,0.632620340821078,0.470219371282089,0.284154395945397,0.0834831937914388,-0.0850621188357096,-0.279180604385953,-0.457160864613236,-0.599255236648261,-0.718310285982232,-0.822389862312348,-0.85989070006795,-0.858543951908343,-0.833044618999753,-0.736336114369092,-0.639948414378739,-0.498150343481154,-0.344382034285556,-0.15760118672977,0.0329389068384085,0.232575066803059,0.425025668193396,0.596051513020995,0.729965234824859,0.862042974852348,0.945747968559643,0.987868643145545,0.986876486656909,0.954404359461412,0.886611118662906,0.769940265039105,0.639123342862923,0.473553806725365,0.305458423610995,0.0958192417591976,-0.105543843348882,-0.285713944083254,-0.461158827638135,-0.60051193046053,-0.723932536493813,-0.801225992120107,-0.854289456684253,-0.8604342695724,-0.825296805181071,-0.762961238624031,-0.640731334111226,-0.496972687967547,-0.331645587569773,-0.152864981537497,0.0356315469812194,0.232975081961093,0.417546421012345,0.587923320768625,0.737645419113298,0.855284196546909,0.936585829178727,0.990375119008089,0.989930448738061,0.959189179815581,0.895216549784518,0.780737719553028,0.647062676260646,0.475504309483175,0.301050625529733,0.102333325778111,-0.0929820903612101,-0.284256750027979,-0.441345041504654,-0.593201687955176,-0.717309269494108,-0.79576339922487,-0.856971238706363,-0.861344451328676,-0.82890918648107,-0.748319068512187,-0.649745612778502,-0.495222761413626,-0.337869258481867,-0.157616142962075,0.0394586512557596,0.234872735641634,0.423405838345033,0.583626668128458,0.753839292511882,0.845748653526152,0.940251021344392,0.980945327251121,0.993863415731906,0.966023789449581,0.891099213208374,0.780207702898317,0.628658673370371,0.474295746218863,0.293876732685426,0.100655259206003,-0.0909150865418026,-0.263813651282287,-0.459344656431712,-0.599720284259765,-0.720573115044494,-0.809351110291956,-0.855662389784226,-0.868370636288791,-0.825627335489757,-0.749359616690323,-0.635867967880464,-0.504096307928233,-0.341325603405469,-0.153818319883222,0.0429206659684457,0.224069857250616,0.424450580497554,0.57797960729436,0.726271816519493,0.856465931694636,0.942735126438871,0.980130881863565,0.996661994398441,0.968954187313663,0.889092237914887,0.774555683702416,0.643554687462509,0.471491337774595,0.298468434957164,0.105717686205682,-0.094380979209406,-0.275264481503034,-0.439758214005681,-0.59366048391072,-0.721695427178447,-0.804633151505614,-0.866028963310324,-0.854146165298762,-0.825733115565285,-0.747356641720998,-0.640811772635442,-0.497690176340148,-0.336655494332282,-0.141591191471667,0.0343625895399413,0.240238672567907,0.414320517375763,0.591585431997818,0.737949840452326,0.850212601627594,0.945806507456469,0.993284032989693,1.00786549589376,0.958049387376765,0.887339624748464,0.795529768673639,0.635294525426532,0.468429211894638,0.295257530217994,0.10257680029978,-0.0938851207212477,-0.268819728040344,-0.459841117688644,-0.593419268849608,-0.728541903973408,-0.807498382517831,-0.850692712176777,-0.8548281238884,-0.827007565014848,-0.764728403427972,-0.643058076710949,-0.501581296974692,-0.319026714887449,-0.147932294503863,0.0383022767820386,0.240438510042925,0.420600191995198,0.586395064226911,0.73345254589917,0.846878765696676,0.951236834718038,0.983266711908144,1.00188628886559,0.956842088167772,0.889126139196529,0.780403627121578,0.632161135403357,0.470997711014943,0.292099119952373,0.0907781081647268,-0.0973730261135907,-0.28639011157338,-0.460580168753111,-0.617158017010166,-0.722240213995717,-0.809264961630044,-0.856898100236695,-0.859114635000883,-0.814116820677507,-0.748139620317141,-0.651430746398212,-0.505743775226578,-0.343441852143381,-0.152794872355546,0.0394824959291789,0.230413584490409,0.424961836575532,0.597509821443411,0.746166330436287,0.87209115545967,0.945250425820685,0.989066131249606,1.00370978839835,0.963776499712249,0.879224792704894,0.788523484045268,0.637725677402551,0.47389835475775,0.284339447971977,0.0876349244218182,-0.0982863965491321,-0.286426063428982,-0.449737742849714,-0.614675311564992,-0.716788790582202,-0.803832325949732,-0.853710811383899,-0.851398157929969,-0.823884067361189,-0.746160863812963,-0.630636816044097,-0.488220331008914,-0.329097350692331,-0.144002878244093,0.036336061464462,0.236293568042914,0.42495009423172,0.604360533394363,0.746154416215455,0.869019914104413,0.94155227344438,0.983225321890379,1.00174126249457,0.95956325553052,0.889067683515997,0.77765355389231,0.630212118595105,0.47650601815797,0.285733596430249,0.0907687070989749,-0.0982986800695499,-0.289207907021504,-0.45517228966552,-0.605185915671329,-0.722617358368143,-0.809327500521217,-0.863666968287329,-0.85677830281134,-0.82560942920092,-0.757274456998239,-0.629325844640684,-0.488669788565615,-0.316348555196004,-0.143851977462913,0.045654895539478,0.245351297519145,0.427479879952176,0.599574188457046,0.742664573899322,0.855936910805922,0.951028305715178,0.979400297268334,0.994415546382043,0.950164150675232,0.879636678622402,0.775436019463219,0.633013763415513,0.461357367870042,0.277884837152815,0.085350166161863,-0.101134884780355,-0.296078287197217,-0.462287562601156,-0.615180122204497,-0.733408525239045,-0.804591393571692,-0.84986454697574,-0.859296539036954,-0.819051665766002,-0.742966149601896,-0.626805508863515,-0.482402487249254,-0.331651159302565,-0.150612594797645,0.0505732001308969,0.24086632379124,0.42473377862183,0.611866595091257,0.757343707567045,0.879067996684339,0.966084439182877,0.994682628427449,0.983388740599792,0.95862196732844,0.878154655446654,0.773840783688089,0.619364569019462,0.455350894251864,0.276577088490735,0.0709637525452448,-0.101344031765924,-0.29120209635521,-0.477658444848933,-0.617241503876581,-0.735885800436259,-0.811331320475142,-0.846945025992317,-0.851977079062239,-0.810829796573749,-0.742240948916944,-0.631448710950878,-0.480697189245257,-0.31908524755135,-0.132556603490041,0.0526706780838823,0.24545126859588,0.430970432743858,0.599111295927917,0.74635067117954,0.866779170197528,0.961757852157954,0.999342470308686,0.986790770547776,0.946362901750916,0.875729113872761,0.767025125057808,0.621941928560167,0.4568465556681,0.258204186702749,0.0723840225076589,-0.118890927026697,-0.309886873711424,-0.469474104503472,-0.601700882896734,-0.723180722726794,-0.819404501996094,-0.843996896932056,-0.858178061922469,-0.827171925511425,-0.736541815015797,-0.619706935821586,-0.484061318651319,-0.32035781597774,-0.122699173432852,0.0604602015618834,0.259255064009143,0.437001922561467,0.594171247643965,0.748211417658045,0.881140771484542,0.950489186189608,1.00551280042602,-0.858896211623765,0.0956420826391702,0.193599373843032,0.389008538944694,0.571138226843444,0.710615669977492,0.837205939502421,0.92329529274698,0.981127666455975,0.992891232832765,0.98538811015499,0.912508466863386,0.811113867627784,0.673123304282662,0.502400911703102,0.323182001066388,0.145537084608974,-0.0587870552075562,-0.241385597949517,-0.418796772251829,-0.583917959422787,-0.698044996732357,-0.791543322531797,-0.840367391676639,-0.856527188944404,-0.833975070380027,-0.766399527726551,-0.664118103327836,-0.513315659912233,-0.36452958037648,-0.188440799738053,-0.00550549375110819,0.19500244200527,0.381262112761359,0.548131711037554,0.712653694317865,0.823899659679959,0.917186928168551,0.969990036247727,0.983407222369461,0.95275171195401,0.885248818524854,0.784945708101366,0.661787935116926,0.50001800400744,0.316294773644955,0.125415795627425,-0.0573431929660741,-0.253990337932838,-0.407196162803434,-0.571624485732257,-0.705031169635289,-0.783288111164665,-0.827719949846987,-0.846166933182359,-0.826298977972308,-0.753722384072964,-0.645050970072635,-0.508271514555644,-0.36164465165464,-0.187631300564597,0.0122507955726341,0.197936041306466,0.375434386922156,0.534689865907045,0.677327712519612,0.786320645502419,0.871248691601193,0.915060307882416,0.93504658278349,0.909536796027495,0.843260877797322,0.76131326820822,0.624648453996067,0.482243809827112,0.315843928308975,0.136432921172025,-0.0528329263850169,-0.226349439760346,-0.396161168523714,-0.529425271706046,-0.65712175791731,-0.74092669023832,-0.78287734547478,-0.800327726370974,-0.781780810557512,-0.722574880158648,-0.621968434497471,-0.493157820207103,-0.331406095230924,-0.168643915164161,0.00596060137156919,0.185403711434934,0.345898971942347,0.498889458879813,0.627719382286507,0.725796077960129,0.808803247829432,0.861529643963503,0.872904627144095,0.835293450702317,0.782784237849349,0.691822128673859,0.59009619508038,0.433490357049556,0.287078102011903,0.12265056273538,-0.0422378150122708,-0.211323823998611,-0.353500823461307,-0.484815621589184,-0.592628263118444,-0.671969260801917,-0.708412283332305,-0.730509967895158,-0.710769757985782,-0.649248189751033,-0.558950842810661,-0.441848522276163,-0.298571193946185,-0.150363477521824,0.0215899092892244,0.173614240791458,0.306035296529858,0.447161653998612,0.56989034752368,0.656903612055607,0.730739431364078,0.767552654352474,0.772546280901421,0.756394510922448,0.690786680102924,0.606830899135968,0.521911130428298,0.398937712212347,0.254141741205555,0.111809843556633,-0.0441685308104657,-0.17505071023896,-0.311937086938509,-0.429619873788432,-0.524144751053809,-0.586261308057645,-0.623533033229411,-0.63000201943555,-0.61401655677221,-0.568583157045877,-0.479867127462784,-0.375963008794497,-0.265515172729768,-0.11923627517384,0.0280445485620841,0.16805778593189,0.276023325044143,0.384991588634704,0.492080188605815,0.570271415731216,0.625166068328805,0.647148017362338,0.661402754713709,0.641977204281606,0.591837805978719,0.540822588065522,0.443176509247607,0.349221253967988,0.225488632650917,0.109276845525023,-0.0183832520587278,-0.137580901246369,-0.248028452801584,-0.348096847130414,-0.428719181218217,-0.475330329224195,-0.513976779487412,-0.52656730404594,-0.505855041549597,-0.457225420217651,-0.397675337982384,-0.299377957281311,-0.200480769822859,-0.081018620469108,0.0379335718549631,0.148731308464109,0.236163603556506,0.325211896820123,0.407804784168031,0.460834580517537,0.496273560851447,0.528556206476773,0.523461126310606,0.518647597131546,0.478791611972625,0.417137709471573,0.356012573146236,0.274100562176719,0.175949591772172,0.0714975409770312,-0.00731628058743381,-0.109335863804322,-0.180704300874075,-0.266196909325115,-0.321717832695237,-0.367788461414962,-0.38808552692566,-0.395569407047466,-0.376969442444691,-0.348859038268981,-0.288029587204637,-0.215186823752778,-0.122083322813999,-0.0350458570451046,0.0497307731021956,0.134737099395758,0.19924718299465,0.254771066177884,0.293115224783762,0.34992151762372,0.366161727217626,0.379409113297887,0.370102675817234,0.376128286832932,0.347060792074867,0.297418944627518,0.25425172719396,0.198947621615823,0.131528011272317,0.0697632263263624,0.00869778144524411,-0.065265280563478,-0.11589762919166,-0.155473106413182,-0.194047820953965,-0.244814833868719,-0.243105817757157,-0.228368256295703,-0.229148497289852,-0.20285673766597,-0.17741615826726,-0.113848857187416,-0.0643918216994284,-0.000471751062805026,0.0649140796151113,0.119678594656722,0.154621860745842,0.175210585997102,0.20403816713181,0.213955822639913,0.213980665916553,0.231341066292174,0.231046991359657,0.217999220355911,0.193121417537745,0.176021204928461,0.154920047351437,0.123546160439606,0.0880736309200901,0.0614325887977744,0.0124217403112723,-0.0150851942200149,-0.0292141951271478,-0.052180009808945,-0.0737358696130751,-0.084520232467908,-0.0986674105962935,-0.0802957831746123,-0.0835355540652385,-0.0775763777958801,-0.0445248200558925,-0.00460145081346379,0.0155797365804241,0.0526811432621198,0.0905466425935803,0.0937936091377071,0.101450052843379,0.105246308673868,0.0863265133253293,0.07528109075764,0.0701215825625821,0.0660628486844869,0.0681578671991157,0.0559018756857016,0.0460903255556546,0.054622768262934,0.0466506078452085,0.0417633265477409,0.0384296276218853,0.0361666570303156,0.0560430753079748,0.0289769723419473,0.038942716961164,0.039465643378076,0.0669971567017636,0.0711669857320877,0.0670969280449631,0.0802006040129798,0.0793677430460275,0.0753313898998625,0.0952659960354404,0.0918553231681896,0.0999868719988771,0.0987201242079268,0.0962844468264222,0.0851595274295731,0.043338813911058,0.00909686001615479,-0.0191246240339151,-0.0556100490530257,-0.0635966308386895,-0.101425709354846,-0.091821088157286,-0.104768857843898,-0.0984411246815727,-0.0905641325060163,-0.0602458677633131,-0.0345823321482414,-0.0156605295459994,0.0249051472430493,0.0587873694248647,0.0867282282816861,0.123776168871175,0.155784671147296,0.182675608034989,0.19695222251173,0.226217922027823,0.237924939887277,0.248552189738023,0.231813318156385,0.216127455878275,0.20758907904033,0.164886800319019,0.157609590520796,0.112364337973042,0.0719401008462761,0.0077397573362103,-0.0627757810006961,-0.119964391662308,-0.177113481583947,-0.204077138864489,-0.246537605164693,-0.244206452013635,-0.254371209576791,-0.250804968059995,-0.215710571689862,-0.170066603437452,-0.132644935604642,-0.0652163230414319,-0.000975044169086518,0.0810514403412041,0.135292357425882,0.203310403944111,0.263187668992035,0.310132180243925,0.358509722299344,0.37417752641615,0.390147334910872,0.389801092937211,0.367012766429178,0.348076422795284,0.308094893657155,0.275025885340324,0.19706345290369,0.137944799514211,0.0527437394575001,-0.0545127451544699,-0.139173086392565,-0.216907990394993,-0.292185653647175,-0.348774007511769,-0.390658205419973,-0.39302326014146,-0.397287097246895,-0.368459612273724,-0.325349994137533,-0.275190200286456,-0.195179298676798,-0.106491149872969,-0.00514879858083917,0.0850760986496583,0.18326563344972,0.272497759125451,0.368156956250447,0.434772353756732,0.479658221008172,0.517944997498932,0.535222241106079,0.542047499485919,0.505486367656414,0.463593501918952,0.413764969621543,0.333815299970512,0.248271522471051,0.152948180301228,0.0392575289670121,-0.0834834943161182,-0.215128235663164,-0.316011678281636,-0.403281016396726,-0.457315648531303,-0.517086180113612,-0.531354357497581,-0.511322401724564,-0.497237063473773,-0.441458917685801,-0.354605159332058,-0.254896323637806,-0.149481265533321,-0.0311007459966423,0.0976307906437852,0.231192072158794,0.345581954876824,0.447713749056676,0.53501407818802,0.597329478164025,0.650242443427813,0.655505402066772,0.662608279209191,0.625381592262088,0.585199937066774,0.494300984851238,0.397704025459419,0.282399410823258,0.163692877675809,0.0301912107461726,-0.116311667891001,-0.256287254973678,-0.388745404229648,-0.490847299267828,-0.585099221790154,-0.621579579351808,-0.65178133523524,-0.637457785540328,-0.601927047076841,-0.527622994503814,-0.437084556449884,-0.319543061399811,-0.180871970373215,-0.0237674019074504,0.104794238432597,0.256975765203467,0.399672416341023,0.522500462462734,0.6295735335627,0.708743870107511,0.768005643825885,0.78410873448136,0.775948736807652,0.728009906932915,0.673871196476086,0.577548780101768,0.457972179773188,0.328347279888871,0.173176233974888,0.019340570696305,-0.149281309848493,-0.294419649726536,-0.453739935815881,-0.567311862766544,-0.651149413426748,-0.718939768476904,-0.727450752554927,-0.729375767011156,-0.67903084144418,-0.592334255857555,-0.487567374559701,-0.366298342999343,-0.201549952052132,-0.0495585082329755,0.118770091660391,0.296279921080773,0.444696268358362,0.59250282552043,0.701873734335882,0.79900403009007,0.860021152568103,0.874134016502288,0.856981207143718,0.81541733270543,0.741946096359606,0.641224133662219,0.505643042054932,0.354962307511065,0.191168483377657,0.00522609660882872,-0.170280869915305,-0.340605497448926,-0.492623855102826,-0.618110024830464,-0.71025097094205,-0.776225485609088,-0.807013519278861,-0.788817662279041,-0.762216496729383,-0.665878759459876,-0.54304062386673,-0.396894053062787,-0.220998968065921,-0.0499519146174269,0.135820348290261,0.320588766419244,0.478911088451917,0.630827196083,0.756198700710626,0.863835079398439,0.916427010735827,0.945346434409582,0.933682597516588,0.884970023638801,0.803078124365231,0.68076064882856,0.544343459129997,0.376841885421095,0.199103808739976,0.0144024803897081,-0.189601879177368,-0.355275962329939,-0.512700574341317,-0.649141455072569,-0.764000998224364,-0.816367950714634,-0.854488593379468,-0.835696417431034,-0.790283348319595,-0.686238360533998,-0.565862988121877,-0.420821868460812,-0.254539619676714,-0.0617528049622861,0.134573342446311,0.312547012919572,0.504013737291638,0.654475716464443,0.796789603673798,0.904051291488995,0.956687732519766,0.987112626830376,0.972163824508964,0.915339904364434,0.820543191709073,0.707860410421678,0.552711830668438,0.378280071171162,0.192694083625246,0.00252680578536396,-0.182415968955248,-0.371378366325753,-0.517088969323641,-0.671590134412914,-0.771934827946365,-0.825681912947894,-0.857645520514304,-0.833149863388417,-0.795261423573218,-0.705742268054598,-0.572043170657139,-0.420708761501649,-0.247945534448041,-0.0608154757502841,0.122773496830414,0.316198874881572,0.508110935152259,0.657288473847598,0.806405715029943,0.900910464519047,0.97238483308682,0.994707822004031,0.989885032259748,0.926267537482288,0.846371597794507,0.708923458508124,0.558527709133301,0.384743649051748,0.199960239937366,0.0459751221757428,0.0534548883711659,0.0651743587614852,0.0790810908208855,0.0901705444240725,0.082877996210954,0.105182976215191,0.0984088461879379,0.0994071176547085,0.116854986699901,0.102298180713359,0.0907879889677127,0.0921535913816502,0.0874205172247804,0.0945972908488353,0.0836536480423538,0.0691247955213759,0.0712487922979089,0.0632029137836303,0.0629615491315689,0.0525881157618581,0.0462986352278385,0.0527346566110536,0.0403223685321362,0.0347743336738893,0.0377387501538043,0.0308620430863277,0.0509350202960477,0.0505731095637481,0.0356347845270214,0.0494233980459923,0.066846893482194,0.089207617413397,0.125888528393979,0.154628804571021,0.20469439297488,0.221341551683632,0.252222314296824,0.266055979460966,0.250453864063503,0.262896990007012,0.249242627414966,0.23074088007622,0.211912953676457,0.159856746144541,0.13763286902323,0.103254527064367,0.052724728407172,0.0301689311748051,-0.0294188392907473,-0.0454783346122488,-0.083636688137729,-0.103320843203543,-0.117114440318214,-0.114679159436793,-0.12573822336634,-0.104466463042476,-0.103847291226651,-0.0548925845128395,-0.0289042940696519,0.00396372269305846,0.0407124087852994,0.104543032722067,0.16464412526924,0.236010524364537,0.282575211326928,0.358283112463312,0.374165934265684,0.412591777588368,0.41514283309211,0.400831008690095,0.385724757013042,0.353438714477454,0.30467802795095,0.255558220822866,0.188439759915356,0.1171744493224,0.0354110280205728,-0.0386806613991411,-0.106840156878452,-0.16067166944976,-0.205974005653321,-0.233862122591994,-0.261717697162708,-0.286859295904733,-0.269901660313935,-0.261296897921267,-0.20984546288566,-0.164940665485024,-0.115909453025502,-0.0489213861419276,0.0251325563355111,0.132480699918529,0.216012822913471,0.315763839114932,0.395314502095274,0.451598486646632,0.518681924368078,0.549155431749529,0.567786367645206,0.560158907657797,0.514515126594761,0.468656394642172,0.401174820449055,0.324531312645564,0.23138158805059,0.128571342083245,0.0237231882667824,-0.0772888678115466,-0.171081614773645,-0.25256053547752,-0.319590701047381,-0.382673288632558,-0.414927877480502,-0.410857707076043,-0.410811645958378,-0.381690518849163,-0.322619026426934,-0.27290750185681,-0.171149669007972,-0.0931688526899854,0.0109143625148382,0.125989984184162,0.267142907547027,0.366291957181562,0.487624174443293,0.570371609836687,0.637810119667895,0.677456180903165,0.685903847720543,0.682778740353485,0.646538368530969,0.568149923596308,0.495246781439595,0.392096798287603,0.274901675448215,0.141820861911493,0.0144073321660029,-0.122723154378949,-0.236153810831537,-0.3615527346339,-0.427633270688897,-0.492467701496407,-0.533098780025526,-0.548224897347439,-0.534438740295153,-0.507082482569774,-0.433443305590541,-0.349638898905935,-0.236615363765062,-0.125309958498407,-0.00247382465888874,0.137153501672341,0.285879564529133,0.424109126025532,0.566221704628405,0.6541215450875,0.740853722150006,0.784745366283543,0.803076666610719,0.779935948114324,0.735884827996839,0.667282687617435,0.564885624852859,0.440394526219011,0.303524905569418,0.148836847371491,0.00390812092023119,-0.142107122875042,-0.291088171528686,-0.414939237665492,-0.531749120678641,-0.598765206469857,-0.655701411678656,-0.652248681548751,-0.64672048971939,-0.593359119251268,-0.530689208034795,-0.424980403521387,-0.302023666823195,-0.166120119319609,-0.019359641529079,0.15128348375894,0.307125880862956,0.484373340358546,0.607198036794511,0.727446706141805,0.819256590815772,0.875293377105507,0.894157373774842,0.878573310779106,0.823586503286644,0.738420290013456,0.625598565738671,0.497802871393307,0.320555988155146,0.15024500477354,-0.00830468968679242,-0.17896047426021,-0.328708012140236,-0.477076267856972,-0.582657540635292,-0.686920965755933,-0.740026329855782,-0.754789064418646,-0.724980353008603,-0.686782892787411,-0.59065262608041,-0.486217946433286,-0.351531214463558,-0.185975364906322,-0.0224699173579807,0.156092265543733,0.352009315255473,0.52020316301428,0.658647133909366,0.778043136353163,0.872412684923088,0.937542868225766,0.961080119077993,0.93400492685443,0.883909104753906,0.787128570791382,0.668695398026685,0.520163615828861,0.349199641302694,0.180524028939365,-0.0182319134120967,-0.192253622485283,-0.353312067384758,-0.508100797661662,-0.651940056289713,-0.736765039258158,-0.797835905689387,-0.821522474827053,-0.798696937707437,-0.742908260477069,-0.654291826456922,-0.525105529692175,-0.371753155515927,-0.214854504760316,-0.0281352986867515,0.167744305450667,0.340925631965985,0.509117968071571,0.685430972227989,0.80936902059363,0.912813255677508,0.97451134211277,0.986970298124957,0.970294723925464,0.907775201076642,0.827864334058403,0.69215441181149,0.541199856965931,0.360475024695663,0.156330602099685,-0.0222885324085047,-0.202713199178536,-0.385010907853986,-0.545243743416535,-0.677789952888983,-0.7728386060193,-0.835808584824865,-0.857952091559214,-0.826896500502101,-0.773223984254777,-0.674382598353321,-0.55909610896066,-0.39955616171794,-0.216955830255708,-0.0363734645614035,0.169084609085087,0.362609852958069,0.522990409070867,0.687867863360356,0.822784521966402,0.919280303731173,0.977738862602178,0.999052202483861,0.970534774841253,0.926128710308504,0.821187542416338,0.705929356032948,0.539399631605773,0.35946686306495,0.17192240839209,-0.0252819664047427,-0.217013276029982,-0.37844340526127,-0.546897041102555,-0.677094384923259,-0.776496607726754,-0.833781131481682,-0.868945774254031,-0.840648923289852,-0.78574934252994,-0.689510320411878,-0.555885516440186,-0.408206270930819,-0.222401619122153,-0.0270579826617627,0.168647375842852,0.341165446225273,0.519535828824251,0.665553755107242,0.808678635025308,0.897924605865145,0.958555783500796,0.978546859525178,0.951825897663855,0.8984303247767,0.809875043666458,0.681217910326839,0.539982624673893,0.356161215560765,0.183995761557253,-0.0263624830631102,-0.196581691643553,-0.386103237694728,-0.526176999719356,-0.669463614582032,-0.752922624286858,-0.810576519228505,-0.83497483009925,-0.817270501849821,-0.766284294510578,-0.67386614054336,-0.534638647606715,-0.385208009383637,-0.223130775141758,-0.0216331248979152,0.152527369355129,0.326887806056202,0.495013569925719,0.643138362130045,0.760592720900759,0.847702625131036,0.908767428145449,0.936268140572,0.906529902998739,0.863638932534723,0.764604788191035,0.65526505637667,0.51073432820095,0.345264631890603,0.170319457069151,-0.0134732534991332,-0.193300436411019,-0.355413379421085,-0.49618857640848,-0.621048191054734,-0.711716371554386,-0.767299070958373,-0.797151486702813,-0.775499016739957,-0.724842181586772,-0.636554303526382,-0.512094358050895,-0.368455294150487,-0.204100208071445,-0.0310364071485526,0.156316685065343,0.312296592649408,0.457352535121247,0.588627134089568,0.707560814961636,0.798656864742584,0.845111376218077,0.854069374744266,0.837644922969601,0.795797571708778,0.697786077242982,0.601180615321404,0.475772596935108,0.33165476826964,0.169875356577666,-0.0155462847257132,-0.173404652795259,-0.311646404843223,-0.440668632021359,-0.570293679887594,-0.640987119346613,-0.694671589976933,-0.723852260190661,-0.707340191424481,-0.648510494911872,-0.577723274813001,-0.462142401453228,-0.328284399776185,-0.18236307799505,-0.0161007259536035,0.136024654897804,0.270877268172057,0.40735704306194,0.529742676074872,0.626591611604544,0.705278623062533,0.743531547246363,0.757686835341516,0.733890561101447,0.697051562070823,0.62750357023711,0.537933210366718,0.423683246456486,0.286580715708384,0.138210368445422,-0.00186702538591837,-0.127438985048544,-0.269369948400248,-0.386687059175742,-0.499564368138267,-0.556791260058687,-0.611261487714284,-0.614516612268207,-0.614450906125463,-0.571207419935512,-0.504223231642536,-0.395950009461587,-0.28878123274498,-0.148908260165421,-0.0162257274355081,0.124851029151472,0.245486002161097,0.358283185391685,0.441916899094197,0.524274303357023,0.580498546532782,0.62995817135837,0.642041926919598,0.635929720307874,0.603684946044263,0.536281272409421,0.445312275685999,0.363205185041078,0.247390758329853,0.1338310703536,0.0135983868266892,-0.0933918697465059,-0.219282621051152,-0.31002496546495,-0.394043377358629,-0.454551303240469,-0.496014697653734,-0.499893594568886,-0.49502040235891,-0.454985510557075,-0.394804278222773,-0.320987144212359,-0.231956459581132,-0.119027823662375,0.00426919021309327,0.110614718413055,0.195837226115333,0.282810814919086,0.35801027758963,0.414050702385357,0.459426137761582,0.499823468552719,0.501295327873551,0.493777913960247,0.470241738770873,0.436757077258417,0.363614147222482,0.288885436376376,0.207532398155196,0.116656647915423,0.0342862661148646,-0.0578169953292896,-0.150699040264489,-0.220587666558312,-0.278012141806022,-0.343470798881008,-0.363192729216666,-0.372771758994895,-0.355192361691474,-0.327250789897897,-0.275142160831031,-0.224308651147511,-0.152765581829754,-0.0741806535115352,0.0149663720649748,0.0819073810899164,0.157247936036691,0.212911442635553,0.25610136685949,0.300355496092332,0.327556231491272,0.347908173497117,0.350161399249756,0.351521639192447,0.335878159958231,0.30968293858428,0.257697022484794,0.21140678853416,0.159470739801025,0.0952987141635935,0.034215243139734,-0.0162118977215813,-0.0595755252713691,-0.127482745403901,-0.162855064719063,-0.192016435566968,-0.206378590902158,-0.233310260177381,-0.205890431617923,-0.197430925276013,-0.165862220343749,-0.123629628648666,-0.0837984807619037,-0.0230464282439511,0.0315308691992224,0.0864465049287334,0.109779584299703,0.132946640707234,0.144954402717314,0.174608417691341,0.174509397124418,0.198913303633404,0.202309167036903,0.2006334909683,0.184554785881921,0.178836372485081,0.143324783425464,0.133797938888044,0.110722450180388,0.0957947861429876,0.0734161047404784,0.0306663109819131,0.0114798653183264,-0.0110560483980271,-0.0253299678354744,-0.0467293978924852,-0.0559009032013625,-0.0575987211344978,-0.0634819309899029,-0.0561690099415849,-0.0391890065166366,-0.0192601933675237,-0.00712576589871313,0.0272179681920145,0.0539083975370385,0.0597430005913265,0.0607345525137416,0.0558311966003992,0.0421921011357263,0.0487552762329556,0.0398550509411779,0.0297956688930907,0.0307874952781312,0.0384415569312405,0.0384998892936799,0.0363015120277473,0.051378013717176,0.055936459825601,0.0642082299237467,0.0700398360815703,0.0739252649108262,0.0893904302180371,0.0904844632394335,0.101661389956677,0.0999747651885759,0.102465299801589,0.103866816822436,0.116074163939251,0.0939737669442364,0.0968140881057494,0.0900377616054129,0.0740347535531776,0.0783370548793711,0.0745989504684158,0.0627481356373925,0.0853471480868803
