0.08258782878419,0.0825211017607092,0.0785327080044185,0.0938111080472462,0.0779848684367945,0.0836660189149867,0.0767527113127045,0.0704360033917069,0.0836330245566559,0.0868603907341595,0.0859279852851274,0.0841436549749465,0.0860825591701166,0.078239848877483,0.0871713801054708,0.0760907354241778,0.0774569685899839,0.079815590419954,0.0855311337222953,0.0876374376312071,0.077541879966185,0.0773025784018659,0.0774249167989597,0.0787010238471788,0.0812051513023204,0.0814441185920257,0.0814654200152457,0.0767633173514824,0.0776246713439058,0.0718119874079848,0.0864725768496185,0.116803947256946,0.140430239299624,0.173177077736938,0.200816698990835,0.242127579199914,0.260796091121492,0.261942933123517,0.271351964506906,0.267549464142016,0.254968112457602,0.231993728225105,0.213034376037589,0.170884865856769,0.143054251225028,0.101863001625338,0.0554565178286546,0.0188370141274364,-0.00784569219353206,-0.0462946041640583,-0.0673099345163288,-0.0923493120160391,-0.103885819838079,-0.106623915679296,-0.105275709210287,-0.10156108290087,-0.0695630499164179,-0.0440772628956599,-0.00437508611256933,0.0224453540070393,0.0637479037879914,0.118371500599278,0.195646498875588,0.267934932400793,0.329585022119862,0.386874081997882,0.4194811314222,0.44694253505543,0.452580592173322,0.448625044276147,0.423763037265868,0.374912800512766,0.325146698652598,0.269504106458044,0.197500735402798,0.121324808324684,0.0459042014589396,-0.0400390994436798,-0.10362253426233,-0.16582644202877,-0.217844508623824,-0.25362019261756,-0.275685811903959,-0.274840238749698,-0.276898258291577,-0.247994296005466,-0.222446593506873,-0.153315335899197,-0.0982871764676826,-0.0318529971818176,0.0428899162731935,0.13586110814893,0.256207615681611,0.353968226106212,0.444068698964687,0.517675466815249,0.576576058945372,0.623449604265122,0.628866638353384,0.605483079563546,0.570138510419241,0.519235748895066,0.444199960685071,0.360766001030865,0.251260890116396,0.140270952455858,0.0132217271109975,-0.0882422767669015,-0.185521576355233,-0.287296136898122,-0.360734557953778,-0.421113164878918,-0.446898704289592,-0.464956505775085,-0.444136075730822,-0.411186589890929,-0.357383461411215,-0.292831938345458,-0.178648711559249,-0.0750084080661888,0.0253461044726355,0.158571054278754,0.301851204940823,0.420977082937398,0.549842300856897,0.646891818133154,0.713296581720497,0.770166724769694,0.782058878098285,0.770914886325919,0.726170757165689,0.648373635187201,0.554807078738355,0.427933328790582,0.30493068844011,0.158956088989354,0.00442579622109963,-0.134203289120936,-0.264154251758465,-0.384262588810918,-0.48769287456949,-0.555450798443592,-0.606156514340304,-0.611101508887065,-0.593540024925401,-0.561499108295055,-0.477794957822684,-0.393704779851357,-0.261496807304656,-0.134362909382726,0.00837721537845632,0.173741458757108,0.334881601335431,0.501094487135002,0.641358432403104,0.765261189878794,0.844277845614003,0.889305073143048,0.914113488331795,0.882323725896442,0.846920547023146,0.756006212838838,0.641823869063765,0.503865239178179,0.340992726590189,0.159054841443801,0.00735631774654086,-0.184926284293224,-0.331763784088244,-0.475998021427436,-0.58791751830881,-0.676395691678149,-0.729101860467606,-0.76159249419101,-0.725314622454061,-0.665847835320616,-0.585195015254703,-0.465121439544832,-0.334524471165396,-0.169193092975561,-0.00269416287751351,0.18154270727396,0.374082151204805,0.552641966275443,0.709305147836322,0.841683109894539,0.934641874710406,1.01213584051172,1.02284362853667,1.00454709826917,0.939573205395579,0.837016404493828,0.702720129173476,0.561705649628843,0.367314279404398,0.191192696593886,-0.0122173277071578,-0.20422176940576,-0.384189527560375,-0.544298788366858,-0.68502452904311,-0.781955518503377,-0.830208479381457,-0.851217923213139,-0.833049745181427,-0.772688791645827,-0.67446299265554,-0.552996836100097,-0.387761220581883,-0.213807688101917,-0.015478752689785,0.190718596003958,0.397507503437119,0.592008347780206,0.770379900983617,0.906600469014799,1.0182575792245,1.08310152733091,1.09798804682536,1.07076519469743,1.00544458914407,0.895752949635571,0.758273864942951,0.594473504127459,0.394427031087714,0.193035028817272,-0.0244334656074096,-0.236504461311838,-0.43663973210114,-0.59162819403756,-0.749606432006833,-0.844368974957807,-0.914369254704024,-0.931867706180669,-0.921904539971799,-0.846148501221666,-0.743474930078081,-0.597013891509837,-0.434464805956922,-0.235441322692853,-0.0298507441167773,0.187102959287514,0.415911441874304,0.613550515983951,0.80402987249375,0.957424863270298,1.0559495381255,1.13352501422565,1.16155721599466,1.12874013693684,1.06532067581754,0.951944333593611,0.788765679713304,0.613127903200781,0.412157624179344,0.208799946818345,-0.0275890480297296,-0.255358802304444,-0.457075422040674,-0.634531697886917,-0.79173595579763,-0.882540381653811,-0.964918315242122,-0.991832173231918,-0.965865138498661,-0.897939041940813,-0.790470593054793,-0.629496826740867,-0.446879102030192,-0.253800275517145,-0.0256615725731888,0.194633838954919,0.427863558529051,0.624225756356561,0.81176098213249,0.96381851953004,1.07585754734532,1.14835422909292,1.16624019455696,1.1423361025591,1.07794983213095,0.972219283911934,0.81031136792651,0.621413166805179,0.423908581867615,0.196734494803645,-0.0318398255679415,-0.239424448096688,-0.468203821304491,-0.654958954370584,-0.793487736018283,-0.914166303725582,-0.980429669871549,-1.0082604203108,-0.987406197944612,-0.914708098638234,-0.784501118887824,-0.638636065311497,-0.45372461516762,-0.259348655379559,-0.0282847253120291,0.20415781792081,0.403073327865129,0.618364476994507,0.806670690852538,0.94554278260089,1.05811310783569,1.12210482909187,1.14771960057895,1.12338728340685,1.05399210007886,0.942608890415365,0.801385552721853,0.625101154915528,0.415382968822277,0.194137041062706,-0.037109811988766,-0.255107852385145,-0.43906427800968,-0.63075050995168,-0.786597351883924,-0.893145400004149,-0.97016403211252,-0.987658791080308,-0.965141417107649,-0.893164650069372,-0.78815132972772,-0.635710258174591,-0.443153350194655,-0.252549255716208,-0.0400120898992469,0.189388592332755,0.394377019225371,0.594561766793531,0.767515621745012,0.903917248869113,1.01956065916325,1.08185651068941,1.11484395976262,1.0819908604046,1.01425740850219,0.904678027033621,0.775285508949826,0.58907402335123,0.395208244350037,0.186076577999916,-0.0175355529532197,-0.227396555042269,-0.419558936587366,-0.606650231035971,-0.731324812805136,-0.853740972856932,-0.918660877845616,-0.941135752534651,-0.913359483218285,-0.850761401021138,-0.744461738660517,-0.601606248200834,-0.4371357582456,-0.229411129676332,-0.0344914552644846,0.172296922917183,0.362790202459652,0.568772683765275,0.70922559379901,0.843643891632465,0.936719578007353,1.00764836848792,1.03424814142682,1.00778638843812,0.935998852768844,0.839776578680155,0.712179853348278,0.544401955655466,0.379771949204053,0.188099380536407,-0.0133906286554214,-0.210395150626833,-0.389866474942707,-0.547539089562058,-0.677459205704493,-0.777852274857207,-0.827827415737369,-0.851342117862299,-0.837212624569716,-0.778986355198046,-0.679480860821781,-0.539383500553731,-0.385494363544826,-0.205746074547299,-0.0136339675734378,0.167871120849585,0.348016832769151,0.491099580813411,0.64127637734528,0.741522558639775,0.840462970115135,0.89270852404519,0.90959120723058,0.888759442101528,0.842021691912469,0.76382095601465,0.641764253175781,0.494768753936037,0.341485784757358,0.167474433054181,-0.0014597244768784,-0.17315320210786,-0.326263568903249,-0.471814407798581,-0.594310363447225,-0.664879308586524,-0.727423985486866,-0.755473423378155,-0.730646094139787,-0.670140969977627,-0.607926281709424,-0.461329064482637,-0.33287034116144,-0.176157290689107,0.00164495896951026,0.155952253395117,0.291056222192353,0.437473617912333,0.547104081982273,0.639029318686618,0.724726459323734,0.764374513993576,0.77416191596762,0.767796175959421,0.70710826599809,0.633765860153966,0.554202357874493,0.435382184612382,0.299061219982985,0.151693306883106,0.00310150944331848,-0.129636576369825,-0.257924221110405,-0.395554689889222,-0.489194427525906,-0.554024823495192,-0.608750797041196,-0.617946614036321,-0.597081691649039,-0.561334111176218,-0.473868860001172,-0.381515114667229,-0.256877162431558,-0.131130765254008,0.00946544443099515,0.127176284644937,0.244616078137378,0.345451517342465,0.439882968052122,0.527725696578645,0.575721165386107,0.609610987311152,0.622906920956149,0.617744147618216,0.57191749898245,0.521267339722026,0.436429565631782,0.362391166823223,0.249694674026925,0.147237932421485,0.0255461317356083,-0.0880386789463258,-0.186724654384258,-0.281617933397527,-0.359297768269837,-0.405435460038635,-0.454893159148458,-0.465920434922214,-0.445307107079907,-0.414377493437406,-0.369609474177535,-0.291791102015746,-0.191307279965795,-0.0842493698482425,0.0395316559956942,0.131869383543514,0.188439566236928,0.272934644897184,0.3265296720551,0.38070508135452,0.418059664697166,0.437452284600095,0.458447345427729,0.449443459479517,0.420025242593313,0.384565114658171,0.335994414160234,0.260918477355614,0.1959180225486,0.119363095343721,0.0402126864801265,-0.0428624443462598,-0.0991972759402105,-0.165093690493605,-0.21160258456223,-0.260554948021641,-0.28068307814919,-0.286972712805721,-0.283950565923294,-0.258854246565219,-0.215553571804483,-0.16328158013549,-0.105790929731365,-0.0352322891244393,0.0442577747313389,0.101757684376018,0.147546076179743,0.179626465158033,0.201333062760225,0.23556605811926,0.258807113115292,0.269891120630935,0.262273491918057,0.256892853823964,0.249398810447969,0.237440762370545,0.201810815408239,0.18034195592716,0.14579514705456,0.092865282000459,0.0717483166287989,0.0284815688918064,-0.0216751346139082,-0.0452561698128639,-0.0659572801923563,-0.0872253758979855,-0.111745221632718,-0.112572308748133,-0.0964013134939849,-0.0939977987372725,-0.0653006592400036,-0.0511113508916021,-0.0128048266833173,0.02260248459536,0.0583893072206452,0.080068451873299,0.0799246026334788,0.0857746370467711,0.0851816727766565,0.101220852569393,0.0794141703035435,0.0804941082754382,0.0888016999741276,0.0845381339790273,0.0747726340265592,0.0821557137098897,0.0821170033412231,0.0769806686723935,0.083928826690286,0.0838170227579779,0.0824406264605703,0.0910809227752877,0.0836022942130183,0.08462739719331,0.0786685519998416,0.0769390098015651,0.0780778551335561,0.0842228685486637,0.0703327107369721,0.0695683431707297,0.0846284168406983,0.0827306111681688,0.0768606931442437,0.0858834579207063,0.0883142690473933,0.0796264838015351,1.16035015080775,1.15567054143119,1.10086514823022,1.03742490977504,0.886325359485439,0.715168362306917,0.523758805558256,0.310841470924075,0.0931056476366788,-0.152559100499594,-0.350874694874,-0.554672338705254,-0.725358975391686,-0.850981817731551,-0.944421132894659,-0.9974492413004,-0.994833502928306,-0.945079867381663,-0.855530932479676,-0.722276260494746,-0.548379711765173,-0.348170843188541,-0.140505276323834,0.0834057911581408,0.293640571385013,0.528597175710615,0.722570409128761,0.877735147246529,1.02213269230164,1.11403084684372,1.16476367107465,1.1760464453051,1.10867255740855,1.01308393115797,0.887944948463091,0.717547981734481,0.524798303552976,0.300157679822726,0.0819788182481478,-0.13964560533947,-0.359682792898216,-0.549239745948278,-0.728253838168323,-0.856235759168584,-0.949644728256775,-1.00009145425158,-0.99358910900409,-0.95533912840492,-0.862518244519339,-0.708557400138809,-0.556059757726448,-0.362570634233682,-0.142760496048022,0.0828748281084714,0.313918645018886,0.513202167867494,0.719989411257982,0.889324827136134,1.01427233436369,1.11388842281337,1.15701290932197,1.1595812974956,1.11944646676317,1.02167638109818,0.887729882763512,0.719584019982798,0.52267370120768,0.310570728376713,0.0763719528795066,-0.145180121735959,-0.349227559298064,-0.558340720520966,-0.725995118938911,-0.859276713736337,-0.946912362348021,-1.00696646957951,-0.992279786733524,-0.959644126626004,-0.857688825265972,-0.724557668536993,-0.559477644128523,-0.357997537582007,-0.149862427045578,0.0891564475047579,0.308010876300421,0.516985767993229,0.732011779455355,0.888998805248113,1.02246093929557,1.12013290268956,1.16883750936487,1.15674774684085,1.10174215982275,1.01053048329301,0.894026197446045,0.724868549248927,0.523323341512085,0.299163004181941,0.0784411275344039,-0.150845485410476,-0.360945531524258,-0.560745269613877,-0.713014904118835,-0.86006653391033,-0.942478950635205,-0.98852042026551,-0.997111209322505,-0.941741842686202,-0.858628054262749,-0.729929168319648,-0.5614465949298,-0.351114088602576,-0.152047644564522,0.0929802238379386,0.31596095371014,0.523579904314718,0.718905635379926,0.891645676303481,1.02247338045365,1.11138140601872,1.15711214666974,1.15467409509632,1.12013770619307,1.02539075403284,0.894205526046798,0.725490192511061,0.529249937270402,0.307114460523913,0.0715408256080837,-0.140120758247948,-0.356259526606544,-0.541118169258431,-0.723851803187364,-0.857541504237933,-0.951608159205747,-0.998895952494891,-0.995453587590527,-0.955959397126489,-0.856725901531467,-0.727429662696578,-0.557829827842503,-0.363273369814502,-0.143196519265438,0.0733048578202743,0.299673057935419,0.530075639768985,0.720813707306105,0.89082420705513,1.01856578973667,1.11028215973858,1.15783878165482,1.15484908136831,1.11347266687369,1.01316398153112,0.887550705979469,0.721616712215582,0.514416027356009,0.315521282187717,0.0900030487912753,-0.136938628464428,-0.354763062319918,-0.562137944031561,-0.721322712161732,-0.863052106623777,-0.952678321596481,-0.993385982292353,-0.995521496975815,-0.943378640392028,-0.850807025751152,-0.720686017830441,-0.550056358191465,-0.362202540982264,-0.143972982559602,0.0761166819386198,0.301271883262904,0.51988100266282,0.716908563930457,0.876467785377893,1.03993092221443,1.1121348506793,1.16928578511512,1.16951846584843,1.11751903548049,1.02860726024022,0.896398201299817,0.718296929719053,0.516932069941062,0.313285546352293,0.0901341596766748,-0.137923989836157,-0.361804575595966,-0.547852930291992,-0.722920713610471,-0.857877250565127,-0.94226336372541,-0.984666221771529,-0.996102826462576,-0.946568190362299,-0.866731979855988,-0.716871372779956,-0.550361197162941,-0.355955441207131,-0.146335808289073,0.0880871408130313,0.303474811061173,0.512144485437456,0.725147340001392,0.887549756864254,1.02136597876643,1.11035242758042,1.16289362624343,1.16614985274269,1.11227251453757,1.01915728171156,0.892348486060788,0.719107728727546,0.526574897765651,0.309238407124711,0.0862904371288703,-0.137416739923915,-0.353429856041502,-0.552189625103929,-0.725257776450023,-0.848649267155438,-0.962982979804779,-0.996597996371089,-0.984927259071895,-0.939463984322448,-0.86141433876203,-0.72821898326824,-0.554343472655316,-0.34913637225107,-0.141627719575318,0.0870016654534528,0.310924616285365,0.530740250618979,0.726827949257572,0.872048690185554,1.01922741374664,1.12520947699874,1.1539749849951,1.15130804167007,1.1108346516672,1.01983093461837,0.887546601953612,0.719867266203801,0.520046846686117,0.309166207037894,0.0864555045137957,-0.146208881215072,-0.362187147917025,-0.565601114914225,-0.725289325982538,-0.85188547375992,-0.963290897524057,-0.991567366439319,-1.00036681846169,-0.947144081191702,-0.854820563422993,-0.732312153492871,-0.560694326298745,-0.342866183297202,-0.146304240979489,0.0812399668364414,0.308141779771653,0.513013238998416,0.717801318969366,0.879289192303375,1.02144785485234,1.11132383884784,1.16744820692921,1.16465281544151,1.11840031880804,1.01667872147689,0.882519355484594,0.705345983045077,0.522821921752039,0.314228977857342,0.0997029219089133,-0.143362774226918,-0.350543005552604,-0.562588839633054,-0.72437798719666,-0.861453061509176,-0.944672796166276,-0.998820131710193,-1.00569760993342,-0.950761977695172,-0.855697979506029,-0.732921852296107,-0.567695528903597,-0.359705076855828,-0.150604637108741,0.0843080095637049,0.298628326077518,0.532529456468958,0.729809200708156,0.895890635911273,1.01979728813082,1.11258715384044,1.17036970775821,1.15523589705999,1.11464669099222,1.018547860794,0.892898091751542,0.716211399030477,0.524214188106156,0.300577145474687,0.0794251914760978,-0.146695918266337,-0.360013341181535,-0.561552241833465,-0.716719691940272,-0.861657552954506,-0.951745897253884,-1.00688603361296,-1.00795570466635,-0.953681843979783,-0.861255445073958,-0.729870360676212,-0.55530934230947,-0.351987060110501,-0.152626442131774,0.0854822013396122,0.310903740736714,0.527182502540545,0.708014320397807,0.885319790010267,1.02737321780013,1.10714693752864,1.16489233740606,1.16481023954541,1.11265465199477,1.021116334865,0.886581703079534,0.719514227355189,0.526182462020917,0.316016862521106,0.0756596668110912,-0.1494255356328,-0.351364808126713,-0.561129235086654,-0.715797084270633,-0.856250046174497,-0.948842394224041,-0.997811702649577,-0.99612873513277,-0.945821181406069,-0.85032825518596,-0.729334122345693,-0.549717680226729,-0.351715220660712,-0.139845640371172,0.0848125042781177,0.299482768690969,0.517667164115613,0.717000057347128,0.887273553619095,1.0259702995394,1.10746587282989,1.16043926587453,1.16455681239612,1.10727601082598,1.01881875477445,0.884304515591616,0.720382659821944,0.522381118995932,0.301944278090372,0.0849054194079581,-0.128362364054875,-0.356288658903888,-0.553233363965534,-0.705271880541243,-0.850877491266591,-0.951187057635217,-0.991898752788626,-1.00041354695266,-0.947674028004754,-0.85528693233567,-0.722826779081261,-0.55124523606441,-0.365669268420577,-0.152870027933267,0.0829613622802544,0.319573096947131,0.528458861873197,0.714099741385575,0.890321170407848,1.02201825705264,1.10938797005761,1.15356724584553,1.15240370909428,1.10890774665974,1.02052486110546,0.886213980847139,0.718163859921309,0.529316281720998,0.315378332884692,0.08441205497968,-0.145491627642575,-0.362905085431096,-0.560802211306254,-0.732685758597659,-0.853497292914382,-0.950505561037678,-0.99788617446547,-1.00221202086098,-0.944580070602815,-0.862604160092305,-0.731624803358624,-0.559448734047968,-0.364181314536506,-0.134762937114662,0.0879621759807623,0.316104462980958,0.517258953380945,0.723573587376966,0.896100425614689,1.02145650613917,1.11461596363445,1.16751972692001,1.15171711137644,1.10890560765363,1.02842458597096,0.896084146666241,0.712423154020531,0.514397367173067,0.310070888594927,0.0679411113515419,-0.138674744549258,-0.358812989264172,-0.555259971133215,-0.717491243090648,-0.849804081522534,-0.943675381487446,-0.993461641667824,-1.00069252880099,-0.942970102373858,-0.858911489408685,-0.720735667853978,-0.550211146120645,-0.365540634351137,-0.140032904031933,0.075478086704327,0.30395374975258,0.515059387435366,0.716736090884334,0.884966198464258,1.01488249828725,1.10932152237771,1.15598683550267,1.15920113386458,1.10668765204872,1.02065914360842,0.889326272668593,0.725787739381876,0.51093553931343,0.309125551187306,0.0833734127632968,-0.139017477352996,-0.361168442309732,-0.550079051011022,-0.723491864427461,-0.86610209030766,-0.958524252915509,-0.998965995286292,-0.995795634415378,-0.94677770093257,-0.860515604486128,-0.711884700041813,-0.555856297983393,-0.355583398948798,-0.14305549165615,0.0877490108611811,0.300529809023661,0.528313523644038,0.708378704395747,0.882305772140598,1.01763067136236,1.10485813673976,1.15864645509207,1.15544220435162,1.12139613545504,1.01183562455107,0.892320092326573,0.723725876438047,0.526350380279772,0.29297917713083,0.0775431115409605,-0.144026472753916,-0.365156728484659,-0.558458769705903,-0.720005240464706,-0.855126377394349,-0.957862601583169,-0.994530164604825,-0.993643485067236,-0.942833056618334,-0.863254425350874,-0.720484463278225,-0.562679268410548,-0.360226447302172,-0.143629682486708,0.0780010739670229,0.310535896201992,0.521709997813094,0.721006870740184,0.891790166286733,1.0182601136018,1.11079475531891,1.15918532782063,1.16129242008555,1.11393736640437,1.02381656468049,0.88877097821124,0.71722066424005,0.528130004572586,0.306152848637717,0.0811502973083956,-0.147691877736246,-0.373078675421837,-0.561241124103127,-0.726139199298292,-0.842696094614212,-0.945990066883932,-0.986073060374683,-0.99762586156343,-0.948438657545463,-0.865392819155327,-0.724956832879575,-0.559436945000471,-0.367646945745075,-0.13900582576587,0.0805120866513925,0.32053054915658,0.532882342231962,0.712063922563773,0.902616929702361,1.02329669624283,1.10840765422151,1.15525746419237,1.14495093415847,1.12349408775078,1.01863987704086,0.891583374074202,0.732113750407149,0.530447879440724,0.299144605769072,0.0812906647584549,-0.145254629400953,-0.365544524167115,-0.551145597582157,-0.734726803582012,-0.875634236486821,-0.954894095378006,-0.991070197769929,-0.995210794338312,-0.943653786657325,-0.859356741375711,-0.723414913380286,-0.556746362161992,-0.34910610271488,-0.131594570819365,0.0814328619726235,0.31159157870484,0.527771326696374,0.704843687272938,0.890375778861538,1.01478935322995,1.11802253417918,1.16161598719934,-1.01331117476164,0.080774236500685,0.188792271175853,0.425956107266216,0.623989958902652,0.82541281840032,0.959155745572129,1.08363660858122,1.14452054569864,1.15645989386358,1.14336360792447,1.0705651848778,0.947903487009313,0.806932499562591,0.62924564735982,0.411036496397298,0.193538072579138,-0.0433546161225486,-0.253981258170585,-0.451710744289364,-0.648728894528844,-0.795793426836159,-0.911471493790554,-0.98183078302516,-0.995652637963782,-0.984114870454447,-0.901360634191056,-0.791364155572754,-0.635336413050039,-0.462657933558036,-0.244309041406463,-0.0310610086780869,0.19522196107343,0.401337231784972,0.617139949514108,0.795657558093954,0.942618591022071,1.05558390448141,1.11980338965424,1.14837851518097,1.13035024038655,1.06324380736141,0.937420920147222,0.801895371924933,0.615194199349828,0.410656213287966,0.206119440932417,-0.0177320794152854,-0.249738009013365,-0.44477779386573,-0.630706972600258,-0.784214132827424,-0.88704122312212,-0.956211764076393,-0.989679493914953,-0.963708071386374,-0.891716306249761,-0.786313171061275,-0.627365467275838,-0.452129480218296,-0.23224628729624,-0.0294847670925881,0.197200695239233,0.389614153537859,0.59490798202191,0.773537601466296,0.893804559634523,1.01816824447233,1.06961744402168,1.09367427661993,1.07523900400744,1.02373993080066,0.907376090152374,0.759319163865777,0.591270658106142,0.401447741626673,0.195768262645511,-0.0234355599611578,-0.219387716411625,-0.4222375975929,-0.590957003118539,-0.746437348389404,-0.846655409781352,-0.908727160139692,-0.942586287851725,-0.911384523242024,-0.847595903612513,-0.738044350558894,-0.604195198719769,-0.430932230865262,-0.23127914414165,-0.028906110311143,0.174025149286188,0.363609955019286,0.547276032476274,0.715703022434939,0.846615122880964,0.939515946481687,1.00209762183412,1.01910004449492,0.996698803221802,0.945285967596408,0.837926072323772,0.71305105742298,0.546949059170965,0.370865800940754,0.173659298965223,-0.0177520663044116,-0.204049649095832,-0.384388442619099,-0.552428200643036,-0.682603742853882,-0.771099931343141,-0.829881919250644,-0.857252649601686,-0.836837664589248,-0.774582979878605,-0.67172084924617,-0.550549232715709,-0.387774326535907,-0.204412539946482,-0.0164006781078559,0.178466059963982,0.330108341650607,0.498283633984428,0.644494311870673,0.755042227301161,0.856456792807752,0.899836698200051,0.917214312123393,0.890642940222525,0.843671233689765,0.748950810950928,0.641856244687799,0.484840938153787,0.337976809124497,0.171058085251313,-0.00569712969937876,-0.155726315719153,-0.332417675761657,-0.471844200316863,-0.596815193949021,-0.668112859951705,-0.731988084879678,-0.745299799658732,-0.719720073588017,-0.671432589483446,-0.59063971356073,-0.480882437300003,-0.333826985425533,-0.183486657311388,0.00711112982407939,0.154630259369502,0.295846438534518,0.428454218900653,0.541048050016878,0.647611341850291,0.720950170923619,0.756690200906132,0.776991457085216,0.752784894448165,0.718949393918913,0.639770983681183,0.553021304765329,0.425285235993826,0.291552225405803,0.149268248495552,0.000802996380998523,-0.125647154244176,-0.261773249683554,-0.381415912394101,-0.484779568851218,-0.559531610675578,-0.615639178082465,-0.62105097097944,-0.60493374424947,-0.546954441986565,-0.478018933428368,-0.393131003275528,-0.267481675295319,-0.14158262849705,0.00415330195271372,0.13714438142018,0.243703074199602,0.353570676024004,0.450965281383283,0.535131520617749,0.573561498395691,0.615605808276797,0.615911929071065,0.612382488617203,0.584929911058849,0.519529447888535,0.446484490222725,0.352869332562183,0.24988493571002,0.132254978515466,0.0272126644167403,-0.0937452520875918,-0.191873236292319,-0.282208461665271,-0.35975791227002,-0.413294729038332,-0.452876936935756,-0.466405283172486,-0.44546505854628,-0.428549773803707,-0.372460027694627,-0.277967478614361,-0.182952274875166,-0.0848780010258152,0.0167589979033233,0.123435993859181,0.198516492637425,0.266162678083555,0.326368886058696,0.383103718332251,0.433518285133974,0.453050298132647,0.451347258236485,0.447149155487829,0.415017793652888,0.386251737020896,0.326748816492393,0.26725977184147,0.193851729887367,0.124158991122654,0.0497560619798097,-0.0305879861033409,-0.0995359505683629,-0.158595608798285,-0.205065174610392,-0.252823191521089,-0.284614624999294,-0.28194192393927,-0.271350116797108,-0.259213497319666,-0.218262952593879,-0.166177188356374,-0.100171616053753,-0.038396871572616,0.0443904001151779,0.107212920036664,0.138563205464031,0.174190928419064,0.208646243062273,0.229018649354772,0.249333955820454,0.255517127843445,0.268109383586763,0.252636912422488,0.254302618990171,0.235227456917004,0.210389148560957,0.173434344071389,0.138135535367703,0.0981812289769681,0.0590967817271615,0.0346668426176303,-0.0104513428599981,-0.0360000463356338,-0.0707197156325304,-0.081619387273461,-0.102073703029529,-0.107763922118738,-0.107687379304584,-0.0838781235916782,-0.0737201377699134,-0.043177204501361,-0.00508699552485856,0.0243621012463549,0.0565276283787192,0.078783219632415,0.0862463280156194,0.0732481652537088,0.0776003583381149,0.0860185010663927,0.0851298279353161,0.0830719556324282,0.0731360599920999,0.0766457611113485,0.0817802315624883,0.0738384689134509,0.0726101590456788,0.0765083994111168,0.0814402895628187,0.0843965377192044,0.0814018380800213,0.0819368345808289,0.0793706387923812,0.0896298048664196,0.0813415058813776,0.0894586348894798,0.082147133248426,0.0783819821101227,0.0981079676047544,0.0767597068545038,0.0842756906526259,0.0842737866097854,0.092135405158546,0.086117846384024,0.087031778102115,0.054778431494928,0.0343774723509567,-0.0167511024168585,-0.0497103297915496,-0.0813261270730577,-0.0870115718785286,-0.0916295067993739,-0.0993733111759312,-0.102924769105059,-0.0887505951409285,-0.0640519839290927,-0.0384122404620358,-0.0085963175331076,0.0337796694860554,0.0630542250310579,0.0927954828978886,0.144078460287437,0.179090168677695,0.210161577670939,0.241519521947149,0.260417413816707,0.267812905772945,0.269662078834729,0.265584366407295,0.248914791883586,0.234731553284455,0.19950512875109,0.171289795073019,0.144704252202322,0.0994349258789696,0.0416384501802348,-0.036259760536754,-0.103340517369551,-0.174626852078812,-0.224501157484219,-0.260786603431944,-0.286369339447509,-0.282839716198096,-0.274482801111148,-0.244611808061397,-0.202050725186617,-0.15747106691239,-0.0964653274394713,-0.0335792003759,0.0476265113898846,0.127673611351381,0.191466630677068,0.258022780498542,0.330971216091121,0.388412861763595,0.417969003704815,0.440997571850361,0.455025264462371,0.451234570661114,0.417979264609477,0.386787091190904,0.320323583086146,0.271664090753885,0.195698130904854,0.121342134623855,0.0229841399157729,-0.0921572579651161,-0.185967560236725,-0.278075110205732,-0.352238722382428,-0.405041638594174,-0.455606004215617,-0.464522375079233,-0.44392409329165,-0.41027965389177,-0.36553295626486,-0.275675633990277,-0.186760866013465,-0.0829059507006919,0.0398480187921465,0.142408061013703,0.248440471232922,0.352328455856382,0.454083026106768,0.512994067248487,0.57584981047243,0.627220781249854,0.622438229188961,0.614994668432259,0.574381146934734,0.524135254150561,0.437432580311806,0.347679788730016,0.246776963987424,0.131081256065498,0.00939971107221592,-0.142075394313277,-0.272774942304931,-0.384148595143505,-0.489658327034536,-0.564870534108418,-0.608596301302192,-0.6293705080066,-0.600913793301447,-0.547558506713017,-0.480821282152788,-0.38695527228303,-0.270339631782842,-0.119452254614176,0.000911863007082845,0.166503518556928,0.304087319839878,0.426248699010505,0.543031127848066,0.649877134058828,0.720340510026937,0.754946537093726,0.780239766248933,0.765428562739992,0.716791673597257,0.647185827943867,0.544379061221329,0.434288538657287,0.293943447897311,0.158307950079981,-0.00586273905853666,-0.171595077888705,-0.335195341837299,-0.458425898338815,-0.588167795350974,-0.686890032467435,-0.733965505291543,-0.752574235052194,-0.727760070799966,-0.675729440688039,-0.599715944819145,-0.470151629847186,-0.329256747570186,-0.168969424805921,-0.00259333056679093,0.159118021593293,0.338913345118562,0.503021403194331,0.634892443142369,0.757210943737648,0.845262642915156,0.893088093719877,0.923024168036221,0.889527024285169,0.834866283419696,0.755419256532331,0.642093614938597,0.504068717018352,0.335611917322669,0.165702452580623,-0.0123481914745546,-0.203086557708588,-0.3806710462294,-0.54329362779702,-0.67995841537821,-0.77195617269793,-0.832643195375301,-0.846404801107252,-0.842631263052198,-0.773444793200762,-0.680338824659531,-0.551334489750155,-0.386034771194016,-0.215062477893919,-0.015137207355332,0.179992627094627,0.366375055408756,0.544603223112274,0.716384625657292,0.851850965288237,0.939316390451522,1.00187406389232,1.01135232529811,0.997835471697744,0.935844302371926,0.848520580902464,0.706477612416649,0.551526156421466,0.373250955411149,0.176380755771173,-0.0302146583592816,-0.238764397149771,-0.432385541965261,-0.607086139604364,-0.745713040308364,-0.852106541456298,-0.911855425627723,-0.947624410859289,-0.91718375944396,-0.839064609796807,-0.752497377365655,-0.591698023396783,-0.429175026808976,-0.245014587130303,-0.0257298043801715,0.185342699561976,0.405129053198241,0.592819006604736,0.766854982475499,0.902965858367779,1.01076869328537,1.07678852785287,1.09148165268355,1.07120442929444,1.02380269489489,0.906277085094845,0.770869428689195,0.596883542751159,0.387995227222446,0.184053252752287,-0.029890965703259,-0.242172055037265,-0.452943870979254,-0.632500900163053,-0.786960856930638,-0.890294715810592,-0.967489071106947,-0.984193706548199,-0.969807620656167,-0.901931710547541,-0.783293825461664,-0.625444767449804,-0.455412861512871,-0.244185951567555,-0.038044861218969,0.195842191748862,0.413057651707344,0.617438004500575,0.803601343700769,0.942253523632115,1.05649745010252,1.13044547778518,1.15561375090677,1.12164971055057,1.06043925257236,0.949054016022242,0.799827047339622,0.61135641812247,0.40529561083082,0.184679918845161,-0.0322311055431736,-0.249083736815081,-0.455318186549644,-0.65472096891586,-0.790603598166883,-0.911938683589644,-0.985904719427334,-1.00262780188243,-0.981772894657324,-0.90848867667969,-0.800275081297841,-0.639005253362705,-0.465995206637221,-0.259268080591752,-0.0277656961571913,0.186779769473043,0.415306812926665,0.626079100088912,0.826731393355883,0.96759257020368,1.07515968012767,1.14535695426115,1.1702226199677,1.14124331942783,1.0727732426995,0.958242566193714,0.812865064766648,0.627284983886444,0.423031579106577,0.197194900177479,0.077974517692172
0.110479677598426,0.207231748849646,0.396323725713221,0.564906019524508,0.718236957888455,0.837866657701115,0.944526103397311,0.986792536590772,1.01825396226185,0.988632950529944,0.94168905850205,0.84390033591009,0.713007681662221,0.573934156208043,0.396726740772371,0.199494204946145,0.0196809634215049,-0.165437909706587,-0.331560365251873,-0.487649264668588,-0.615111079981679,-0.706434599624153,-0.773700792394828,-0.786341520314676,-0.765756521586905,-0.711765424861655,-0.606687345807567,-0.486872365712435,-0.347091728790897,-0.171252712922591,0.0189472027424301,0.204367044123642,0.385506617789107,0.558068836911384,0.700459337780501,0.817983594558277,0.917028340167462,0.974239810519911,0.988458722104524,0.963291228638679,0.911104201400034,0.825624886947356,0.700641131196816,0.555415364145439,0.379617604785178,0.205974878548104,0.0202482886086631,-0.160806507185931,-0.328243897257181,-0.482204020855485,-0.598518973951337,-0.690212272219104,-0.746238241377783,-0.754688992225895,-0.751946466088357,-0.689150336202752,-0.606475808996352,-0.470828027649059,-0.320785474047145,-0.163824580048831,0.0292871796512826,0.194712355320417,0.376540946574319,0.526992968716316,0.670573314112468,0.787796347496402,0.874581738937049,0.926898556559574,0.956001342425525,0.92214552645619,0.878620966361965,0.794088863012632,0.672264521099244,0.531000695074504,0.374083241289112,0.186579806811788,0.0253366435560488,-0.144134590382538,-0.30198193513198,-0.428654524142562,-0.565936196211072,-0.648206141426025,-0.695369189735307,-0.717444581429559,-0.686814675354411,-0.635944444308482,-0.557621866933282,-0.453319688836908,-0.298966087315134,-0.148288178303321,0.0335537818156769,0.191400512214409,0.343196896331045,0.49242409781778,0.616330014349984,0.737996639695852,0.807122799806435,0.864402763901225,0.876628706947904,0.864565743699704,0.812857060786943,0.721368602979302,0.628978064943916,0.500989446572755,0.348925533592168,0.194717701094972,0.0306900923021218,-0.124601412894551,-0.263726097526198,-0.392084036450024,-0.502444465205188,-0.570982017192154,-0.628964798392061,-0.635441562101943,-0.632009944691101,-0.574229209868449,-0.496511540064276,-0.389486369905589,-0.263207418431864,-0.121518270988902,0.0311273602171724,0.185643998554214,0.319107063167195,0.440717291900977,0.558588368216045,0.643612211072735,0.723032046180843,0.761703965495935,0.780124457867646,0.75284196374041,0.722526191933683,0.644487140209907,0.561084010791075,0.44210827006838,0.313275825107943,0.184672205218629,0.0503235823912881,-0.0850998341289552,-0.213839973513673,-0.333498422790196,-0.430615150022548,-0.490340735366609,-0.537638517518079,-0.546066218917191,-0.539804389545671,-0.495277616147238,-0.425364964765959,-0.333137474902772,-0.224242459592478,-0.0895550577963692,0.0473108224704543,0.176028394878884,0.272009302758974,0.382048522561729,0.479514792790227,0.55845854672252,0.612489300595012,0.642967254627589,0.652990940240914,0.644408105517315,0.615155822724849,0.548767656792227,0.483407333081819,0.382406619404859,0.276915481897548,0.172256631997831,0.0471488270842096,-0.0605593702087001,-0.156880914967688,-0.253329270337534,-0.326552687165095,-0.394041059760054,-0.419858861771272,-0.431422187551839,-0.41303373997012,-0.390450569383972,-0.332052901204364,-0.264146265354983,-0.155745885611006,-0.0591282282159932,0.0522818361311168,0.156987947495782,0.231257194075468,0.301643596104414,0.392276172745759,0.448840724967978,0.483708804435257,0.519589757623473,0.523998515016447,0.523919117135776,0.498465729875029,0.451755038260374,0.38728134413258,0.322009248712843,0.243809603322677,0.16451792538933,0.0678872702608311,-0.0177245436967473,-0.0850785212395915,-0.157740264873326,-0.228294088575995,-0.274824783684834,-0.293622798936215,-0.299227915308647,-0.292277874914502,-0.264277739649857,-0.223790441292445,-0.164525452671614,-0.0942462452623874,-0.0165787518900945,0.0731852393813711,0.142394247858935,0.193487106947017,0.25442843226377,0.281756808081481,0.332039142424566,0.35860921941318,0.375770989448945,0.374981913705747,0.372758749324988,0.359864783042156,0.333624331321631,0.299267165798555,0.260914804592086,0.192670345825212,0.138737622107886,0.0862003056150277,0.0219493972096108,-0.0121054142334056,-0.0655421568153926,-0.0967814035178143,-0.141133568247588,-0.161898158457362,-0.159180079433764,-0.154048650490916,-0.144101646007356,-0.0978458014435351,-0.0595856322571768,-0.0281711974940926,0.0314226409305855,0.0858601530073714,0.125485334729064,0.148401794590367,0.174016701658126,0.185158930310823,0.201834797577325,0.212149307044341,0.231371916916647,0.229587704484613,0.22126536190452,0.215619497505538,0.221127896007353,0.188230809577878,0.179356339075649,0.155957258213957,0.133732260606165,0.101151356431486,0.0740912929632758,0.054297795824439,0.0288591299608686,0.0115745047943885,0.00765315872534758,-0.0120124814848945,-0.00555879515915087,-0.000102169247191954,0.00216399868570793,0.0193837245749467,0.0324131337080685,0.0618394010241563,0.0739696311717885,0.0953428376762942,0.113104120334399,0.1027876969891,0.0893229589994839,0.084522289202362,0.0742904346774539,0.0802611265104748,0.0719636953412709,0.080535168104786,0.0752069537649639,0.0750100539153769,0.0773091682306047,0.0890236306997911,0.0845687669644788,0.0977415332222978,0.110809487748388,0.111736756464063,0.116041336339101,0.128920778889349,0.144697457395355,0.146863890513046,0.156919420559275,0.154810214533658,0.157832444602095,0.147482476156762,0.140975929607837,0.15479647722867,0.144275708751639,0.137258814367684,0.123555653440436,0.107754755463478,0.0927621675818828,0.0513276291207444,0.0152830325949263,-0.0195522573813846,-0.0487209685192993,-0.0645242533766511,-0.0924574825376765,-0.0806363697563317,-0.0839257673214665,-0.0801850411551003,-0.0454276341344285,-0.0107462632858425,0.0226460934109199,0.0579616527553444,0.0902449765316177,0.140540781474825,0.185713917838315,0.206629431000749,0.244442727925273,0.268020579604238,0.287362827036306,0.303723752960732,0.319838582131309,0.309929577045774,0.292786713243609,0.273091895180363,0.247342031088084,0.214706859285928,0.173761898535601,0.140240838078165,0.0853666008828121,0.00696632367117444,-0.056718986593992,-0.115702286101829,-0.163124097467267,-0.199152925768405,-0.223081981506716,-0.222017041570979,-0.22693359108919,-0.194627671251161,-0.161697476869797,-0.126595221391055,-0.0597033438543811,0.00562335478722984,0.0780310812218845,0.151711484974829,0.226412396675853,0.278400044422249,0.332028340300972,0.387286302189689,0.428416175698183,0.442608207167153,0.449829140312849,0.447696432183247,0.42288014523313,0.39017880098255,0.335399341588075,0.291460986647215,0.220987004309428,0.163086969525807,0.067057427915427,-0.0261575169024855,-0.125115224201603,-0.214388813391811,-0.282904304382309,-0.334783556940669,-0.361232411027065,-0.373394447992431,-0.350415657804388,-0.334596378577138,-0.279202316342625,-0.208268374514525,-0.135340988563229,-0.0303212193501445,0.0690539256444208,0.161894577580623,0.258122016841635,0.361477063415218,0.44112464684073,0.493488240937454,0.557220052173809,0.580609862854857,0.593583465409896,0.578031301973909,0.557021800829042,0.501580387607171,0.445442663274351,0.360613247459321,0.256577142547217,0.160291061893517,0.0448784305607556,-0.0679390571289391,-0.198490332764421,-0.283078917268451,-0.377114043944004,-0.438628926284568,-0.479417744211459,-0.491014422594666,-0.485483004059669,-0.445846255708004,-0.387886540411544,-0.290142715182476,-0.190198721198906,-0.074118758951675,0.0554152300836061,0.183426794683951,0.298037398681018,0.41855941519868,0.529416384018813,0.611961978050037,0.671269806079683,0.718491976937192,0.71749620623509,0.700508300481652,0.659749919585797,0.610816333048921,0.524894958152289,0.414520906284962,0.296945512527138,0.184138917422625,0.0346350673409278,-0.0959895324917136,-0.245957958535481,-0.364289805975676,-0.464595294991563,-0.542356866300954,-0.577010803010159,-0.606180651493327,-0.598325957307949,-0.544258242323603,-0.472115735480755,-0.367939292601302,-0.247182379512286,-0.103234345013123,0.042878826018991,0.188113187281462,0.328302547796002,0.470895613114669,0.598115541159152,0.689924710511045,0.767341821344895,0.818560105063377,0.820567452318941,0.817683999155053,0.761278848196095,0.694456154016762,0.588845373078777,0.463402070379115,0.326630021356296,0.179890540305826,0.0397903037501195,-0.125102710424963,-0.290383672493563,-0.417366640695656,-0.533462002435245,-0.621804874700005,-0.663802714283564,-0.670548136249798,-0.671316408851133,-0.61707126834811,-0.528725721615409,-0.42089196088268,-0.286206828184809,-0.137566377875771,0.0322844805840259,0.189748665003588,0.3594563535259,0.519331145558328,0.651319767685461,0.752257086364564,0.843871105808978,0.902790320255261,0.909909461111648,0.888471511991993,0.841472296462284,0.759111597019707,0.64372332655807,0.505503933418392,0.36089230220745,0.201999470199207,0.0230656562663204,-0.159295031400288,-0.320324687540601,-0.468074317346215,-0.59302886122927,-0.667615071475975,-0.715394318622954,-0.754643835239445,-0.734433126875605,-0.685318701736312,-0.580005184020795,-0.45550384276104,-0.313864927290392,-0.14881234722704,0.0275349717170513,0.212937010993715,0.371228521250562,0.534691541107046,0.686839271124088,0.806602871962039,0.908494391606778,0.958219896965457,0.973858866631863,0.959156625425782,0.895025545249524,0.81137598521818,0.689459413911763,0.537853636228281,0.374840424069497,0.201230122587698,0.0190993370281307,-0.15951086707376,-0.328687205548874,-0.488261976482801,-0.607413564076671,-0.705698299388089,-0.75285392992876,-0.778589330879751,-0.768274549925947,-0.697100530654445,-0.598361637369227,-0.474007499242984,-0.335198767218536,-0.165942720516932,0.0130313308622957,0.205629389052577,0.391052741070805,0.562350835147744,0.715118873261864,0.828692874492778,0.937131327461435,0.990219141209682,1.00490763232389,0.986818717147743,0.93167753524295,0.826339718523534,0.699808409860746,0.566061834831654,0.391717075000209,0.205075982717991,0.0149281782838772,-0.170022211726548,-0.329047267220411,-0.487557584674058,-0.614831758727342,-0.726169286132739,-0.75221042431005,-0.782139132083922,-0.77420288050752,-0.70931032353975,-0.615557679412491,-0.489984663006467,-0.344270359904375,-0.154157164081403,0.0310467758900952,0.197720230411812,0.403690940210928,0.57338801862277,0.707196294311144,0.840334856800244,0.940082149528766,0.99110046353903,1.01239977052932,0.990120850904573,0.923409799388491,0.847376761032399,0.709160025584408,0.567168974528165,0.401442776935982,0.196074634070424,0.113124087006306,0.0763912359437018,0.0694157835850121,0.0810675052924453,0.0576079131412133,0.0861686704364388,0.07985698754338,0.107919347325178,0.107842028988835,0.108881568247328,0.118396367194483,0.122713895277678,0.143821616326374,0.145195633795143,0.156852184387381,0.158749613086799,0.145162442481691,0.157446781110243,0.157179708983841,0.148573109902642,0.142760425116477,0.127166820443,0.133089879957288,0.126194580799703,0.115770701652583,0.107476311020429,0.106991123732769,0.094193970050166,0.0759544326894828,0.0787446930776317,0.067387993370347,0.0664912510057063,0.0929438201767122,0.113297412312597,0.155277231860734,0.19707840443075,0.204042659894096,0.251082915329339,0.246891566295512,0.268189754020275,0.284967565211321,0.264823074048456,0.2688459932271,0.245856419089731,0.239265702639105,0.198157981388429,0.168041161422512,0.138584040073217,0.103076504513808,0.0730181022995379,0.038160352577413,0.0238214500311409,-0.00566041098152664,-0.0265999858983417,-0.0485313951099398,-0.0465295854212173,-0.0460883252525468,-0.0288280023501761,-0.0270976511074198,0.000397612949730438,0.0210717539876514,0.0615859567646064,0.101471789272919,0.172841447506481,0.225868183658364,0.279069250107375,0.332370422845996,0.392463817777553,0.405136094571605,0.422505964867692,0.418157914382518,0.402879348358769,0.396710018027366,0.338308483884967,0.293161959192601,0.249175339899529,0.184853640602778,0.12041098034311,0.0595822763511419,0.0023261115626574,-0.0612838743532173,-0.111646310222241,-0.158183129239514,-0.175629979671284,-0.182144504428013,-0.208864162521509,-0.183358636270426,-0.155301390115849,-0.114260382971948,-0.074876933447406,-0.0222212857347496,0.0329907483845368,0.120674439090451,0.219037837489563,0.311419863877956,0.382484671619266,0.447370927226776,0.511520966335316,0.535454760355527,0.563235014738855,0.569429777302884,0.533267709340246,0.495435321056917,0.444829189416435,0.374231514380867,0.28222334958959,0.186082832870799,0.107287144561579,0.0179879938246361,-0.075193494516678,-0.153634661495094,-0.233196899029295,-0.273985143951715,-0.314286784544477,-0.340771508732436,-0.325712586106801,-0.311698027590473,-0.275905554345405,-0.209422201161373,-0.143671303191427,-0.0568870687381948,0.0133033396355627,0.138014940552348,0.261455997312854,0.36843297219709,0.477195536763728,0.558107087734908,0.623783129390333,0.666384803124329,0.686818940352145,0.687706461723198,0.668400725032369,0.610220672437497,0.524674936327162,0.441348642309246,0.332520900071891,0.211794125270859,0.0928028085205137,-0.0245223106303116,-0.143989078848213,-0.245064873811671,-0.315751530433442,-0.400985665556823,-0.439690846672249,-0.450037567067792,-0.450931186279397,-0.42660014993966,-0.376940211531461,-0.307588512837487,-0.218012005797124,-0.0980759575607494,0.00833448418629477,0.146357749286308,0.289137403352078,0.424203435341179,0.541500967985647,0.646959830934911,0.725410715756698,0.773583295715128,0.805127546240806,0.804099212261991,0.75985525646639,0.70048814778848,0.599811564817553,0.495771127693944,0.37700848443983,0.223573706633289,0.0809595398636002,-0.051372744043957,-0.195398025134084,-0.312888164643751,-0.423759243902913,-0.495347522987187,-0.554482752399575,-0.575060258368257,-0.574130108100673,-0.535815818676662,-0.469742005119545,-0.384613082852117,-0.265697464201837,-0.135250401086688,-0.00509378436213236,0.14595238223378,0.320061093594162,0.46575903659562,0.601974955820739,0.723936467231951,0.807964614867922,0.867067520949861,0.900024126531013,0.874281929371071,0.840947625548059,0.772330290788349,0.666660503529837,0.531650724809987,0.393919461378572,0.229382513268799,0.0730727754354036,-0.0926732921845062,-0.245097482996888,-0.374905085732823,-0.480216842262328,-0.57513722716856,-0.640213802236866,-0.6674837331973,-0.650735928442325,-0.623130581203019,-0.537139689181324,-0.434590795931938,-0.314156828513112,-0.165145599634514,-0.0110043506662323,0.163644379829311,0.340629893648318,0.509085532319609,0.659060893768772,0.776875459449245,0.867097164930921,0.928209883768384,0.947117495242928,0.946361342353901,0.900174927335798,0.810972596508617,0.706855093964186,0.568789831776165,0.422706503088813,0.23464704291117,0.0724071577173866,-0.105026015469472,-0.272544931999423,-0.418097946692761,-0.549252579159802,-0.63546040886386,-0.70503621538373,-0.734956903011004,-0.725332362009819,-0.679426550925201,-0.595281127845211,-0.483905463048167,-0.343814518197922,-0.183514085200832,-0.0128124823533204,0.145655737290681,0.347056086456149,0.510797306099987,0.673809679961007,0.809918462818159,0.899120758901163,0.963366937788195,0.996191789338255,0.983511777745035,0.938679298506994,0.846572158065106,0.741907899970939,0.589683939504078,0.431367761394251,0.26070540443561,0.0550896020254681,-0.129816765755776,-0.278753451164524,-0.446528495167624,-0.57716954671449,-0.680110429801924,-0.735401829589834,-0.779418224147096,-0.768956008536159,-0.722750301326821,-0.62419578448953,-0.50894583369811,-0.361823370996239,-0.185577855637618,-0.0135650530224835,0.165672667937335,0.350087135306637,0.52426198682982,0.701527453718543,0.819588381216962,0.927939404889091,0.980529138479839,1.01188539831316,1.00974788208694,0.959698635130149,0.860349231902451,0.733974966012033,0.596719196098689,0.424297374901393,0.254635351786396,0.0494691873254364,-0.131141949201641,-0.3041030138665,-0.45790880585444,-0.596536392321304,-0.685819477943285,-0.75264553400179,-0.795803290512692,-0.770091075324194,-0.71757095885249,-0.644050585795166,-0.51382078780342,-0.376967529605731,-0.204111567854871,-0.0300461841770171,0.168898254892704,0.35677665341958,0.529137772983255,0.674126711649221,0.812168048214451,0.891274956924234,0.970111181362004,1.00134422984893,0.986499653188758,0.949800638969428,0.849949610503622,0.734215637127753,0.593075075160828,0.420335291484206,0.253735659035417,0.0682377566753487,-0.129295897530957,-0.293077848332282,-0.444145726771614,-0.581302739284048,-0.682574846266929,-0.748460207216955,-0.782227713520958,-0.757801188570042,-0.723932706596981,-0.626191249540512,-0.513943344088499,-0.368008908462913,-0.194594159690481,-0.0222159295787957,0.153872059985464,0.342564967978,0.506181620307102,0.64847510768951,0.771516760344939,0.859803638932387,0.925128836845162,0.957562145004581,0.951529657325517,0.912237350139925,0.820670917924596,0.709780472229437,0.56736701557806,0.411377608820694,0.23864784400042,0.0618493393330243,-0.114252838145178,-0.273258140433791,-0.422672961437036,-0.546390043965319,-0.635356403726616,-0.708064032315827,-0.734626903866194,-0.725286930344245,-0.672631587472853,-0.599700860752896,-0.487977663135602,-0.345737833049865,-0.191602442557339,-0.023375875638891,0.165081121866829,0.321397215369716,0.463826928957744,0.595646989076468,0.715872614951829,0.810578986268168,0.86858353790835,0.904113306053511,0.886004003545735,0.842769967717321,0.767350973213489,0.667697833279695,0.524534097957526,0.386708790937376,0.225431519280896,0.065550837882785,-0.0985126125793652,-0.24079738272328,-0.365544291790517,-0.496047048259721,-0.578696116780132,-0.64276677743906,-0.667863626305127,-0.656328540081285,-0.627997595600191,-0.532847700975971,-0.442908508924057,-0.312985403988123,-0.170564131541365,-0.00125579134491168,0.144519670011725,0.279555632748176,0.418397063047072,0.538664907513508,0.648817850664098,0.727974160077378,0.772010163594782,0.809491653644776,0.791992799144526,0.757003293630122,0.692656601903646,0.601950537526142,0.494749526163242,0.371346334852804,0.226829290257141,0.0820988659570159,-0.053651894120716,-0.202783196737043,-0.311668121710582,-0.421253801411135,-0.492195794926152,-0.555528805486407,-0.575589383418139,-0.580407031654766,-0.53489596193923,-0.472337401638786,-0.375780964884119,-0.268256642238031,-0.141205370913715,0.00142043223156888,0.131600926397644,0.25101558032122,0.373299264383471,0.480211197532217,0.555608427346155,0.639673450077078,0.668110690879189,0.681748061038507,0.685655662804361,0.657240615702855,0.609180334156076,0.525643168643982,0.434232078479518,0.325544496897801,0.217551694778193,0.097508444013508,-0.0225238128384358,-0.137147540218084,-0.231832968464501,-0.326017102904633,-0.396063031903138,-0.43993031590836,-0.461453614733617,-0.45552593407463,-0.425227515629622,-0.374906935556206,-0.294515798222531,-0.20913128273348,-0.100512901359226,0.0134652751362994,0.122390557497166,0.218225381953836,0.300228001456376,0.388316272102331,0.449487300627587,0.504388949058227,0.543469194749316,0.570649405252215,0.558271488410047,0.541975216821079,0.500839863509279,0.447030318043295,0.370508989418219,0.291761078952435,0.201595343542472,0.0938008862136079,0.00465715028287612,-0.0724026780905112,-0.160984908949383,-0.222330845802633,-0.283674447947606,-0.319243161133317,-0.338775200397711,-0.33049368852022,-0.312791716956758,-0.260457515239515,-0.219664918481768,-0.146528168734656,-0.0667854068364714,0.0257352727024824,0.0947082735521366,0.182801348401584,0.240052241393228,0.282536487431537,0.330446416651169,0.378024286527299,0.402088068861682,0.42639146399246,0.422042424311625,0.415856985418329,0.38539302036954,0.357922462105834,0.303497362303543,0.25275388705863,0.193718241612011,0.116742780860055,0.0629013777156087,-0.0241782600950763,-0.0660411248570162,-0.109742583046929,-0.136053353321981,-0.175372374261816,-0.187515918665967,-0.196886627841207,-0.181523038141995,-0.157929315629206,-0.131386995370979,-0.0749208332450561,-0.009156328385965,0.0433808830249973,0.0884453399401422,0.122649806179087,0.15348207256524,0.18752922985667,0.222746915695694,0.233310488682636,0.267367002571067,0.282502313445413,0.268778780187911,0.275843213769787,0.263192433121565,0.247403772806821,0.231076115727915,0.193061558857019,0.166007230065251,0.137362661645362,0.104749519573177,0.0694079686176517,0.0411912014328292,0.0177393192972435,-0.00935052902509912,-0.0287260015189187,-0.0403822785407348,-0.043200020709536,-0.0470984109198364,-0.0334141496209236,-0.0185564598645337,-0.000344312250969883,0.0220794648752636,0.0589655518681596,0.077125371203889,0.0695948057650076,0.0842611247485146,0.078065842533553,0.0994410112669171,0.0890478289974709,0.0991831168187936,0.110742876581069,0.119492035694844,0.123448059795584,0.146787816220618,0.148020616472076,0.150310516833461,0.150973745365114,0.160903487240617,0.150085562686126,0.152031913023902,0.150955977251347,0.150369401766879,0.14272563349039,0.116624424716698,0.130531463042171,0.116746954363794,0.109274351773289,0.103112371630371,0.083107350709592,0.079933138226128,0.0695392467290734,0.0758711288708377,0.0729559599050117,0.149728697778139,1.00543609637429,1.00462039895603,0.955564252827733,0.859755739947139,0.752999055393458,0.598771360430387,0.447158520001656,0.266014626107746,0.068859328659665,-0.117964440507067,-0.284716783540836,-0.451241649400242,-0.581490183501209,-0.692717761877013,-0.755022960686512,-0.793135710337257,-0.768366999820773,-0.740850648554455,-0.648597392042752,-0.536118873863928,-0.385869240482189,-0.211206619464172,-0.0448223181659662,0.151367121231129,0.332330715968259,0.518795695295865,0.673123256308693,0.812643295253725,0.918032841943761,0.973095587786398,1.01558351997171,1.00344615892963,0.957560785916915,0.86526164117513,0.760221446257847,0.600343477984405,0.450976605275632,0.263905174184248,0.0812046894219784,-0.10985673798261,-0.285807778259948,-0.442394213884986,-0.58396981378777,-0.689557914576493,-0.752771209347193,-0.787023817903779,-0.771796174544108,-0.731513161410842,-0.653223679409284,-0.523242605585384,-0.383052295957733,-0.214985683779617,-0.036220973686995,0.163196348161108,0.32053845156638,0.509110609370406,0.67359031202739,0.805137221520745,0.91801729019653,0.984802927742749,1.02951822859723,1.00833986983806,0.951179725845319,0.868932877733284,0.765279739568634,0.601957821871622,0.4436312093775,0.272762967763792,0.0653636738569948,-0.100053728206821,-0.295651472672521,-0.437897708290513,-0.592038532322299,-0.672018683965962,-0.753534485614638,-0.791703417592778,-0.776714103709013,-0.731310360485003,-0.637351226351692,-0.530477686502427,-0.383762158791349,-0.22153141884217,-0.0380127737267147,0.163282493739085,0.338973622430845,0.514663768819135,0.664253471494843,0.808882540113948,0.917613208656188,0.982941779944636,1.01760181277986,1.0048606228484,0.9502925465303,0.877911404074949,0.761043246247565,0.61814103292914,0.450087260478114,0.265323913086382,0.0807549100667246,-0.10944404836912,-0.281973089834201,-0.448609159882582,-0.57866658036366,-0.68772544843849,-0.752286222341449,-0.78180514960138,-0.76833281483504,-0.742190095226355,-0.65265132012729,-0.530469854839264,-0.390764743377336,-0.208757341919281,-0.0348014144069703,0.140648083092803,0.339124967572575,0.517643100648077,0.668204509716153,0.80936982743178,0.906878146873822,0.978680732210999,1.00565252625684,0.998788093429697,0.958537345524821,0.879168945384539,0.755301650627322,0.613819335927891,0.454970360249491,0.274403685858599,0.0840453023924199,-0.0940397784344339,-0.267191059605045,-0.438939937933435,-0.572767749040693,-0.678239025657911,-0.757182710397273,-0.798434355172982,-0.782146137499859,-0.734678258680666,-0.64656669619139,-0.535776738813078,-0.394967342027238,-0.219407958370937,-0.0336581884749938,0.150330769898314,0.319922074878882,0.510568673886435,0.65757338012735,0.802526248627006,0.90683236067726,0.980848712997066,1.00457635671576,1.00155425287494,0.955614296817292,0.893848107666662,0.770534542109545,0.616138423329623,0.451382090334051,0.280382878769818,0.0829070523385227,-0.095759047437563,-0.272597515987408,-0.436115169152098,-0.569173896048191,-0.667355008293512,-0.742158407573768,-0.771527848932549,-0.782993195547772,-0.739602437302308,-0.648632462484427,-0.532339527237922,-0.390637348746339,-0.222961171681505,-0.034380569234408,0.13865011417178,0.322281022996171,0.506126679402698,0.665266807895447,0.788984696307369,0.898633093653321,0.985388577969756,1.01247363636634,1.00297024359171,0.962125880716072,0.878321382722801,0.749210564424602,0.621471447086909,0.46252898592183,0.28110625163453,0.0975329231346843,-0.0966408631779194,-0.265096466394019,-0.425691684051345,-0.566342416705327,-0.683067211098751,-0.760137932440542,-0.773961983171094,-0.78596695583821,-0.737093769101553,-0.664337982525882,-0.539758644798108,-0.394668747909162,-0.225849783758275,-0.0469871659371891,0.135355730500973,0.321755043264296,0.49458724747926,0.660580548920128,0.803474068453136,0.89541867869535,0.976203012351551,1.02103566947864,1.00086018956394,0.960389713308357,0.886299901320562,0.778231381953934,0.633246951101533,0.46695622097765,0.287495138421391,0.100243779700925,-0.0794941960178317,-0.259349135551845,-0.43555935944772,-0.573214527501056,-0.675398391289223,-0.75008437705866,-0.781497128363733,-0.773073772214412,-0.739154855415341,-0.661676896946806,-0.537883182529215,-0.402618734432287,-0.236735177520485,-0.0663227942335357,0.133938937007876,0.319822337120272,0.493743687394663,0.653629798712359,0.799066493278209,0.901551784188331,0.981676531320012,1.00758358022504,1.00715565621147,0.960233234902622,0.884778857749886,0.77486818164979,0.639700073118516,0.477000065862626,0.291368527609664,0.110510139626106,-0.0813571581040339,-0.254291441394364,-0.416670278429803,-0.563856392111981,-0.675386254216574,-0.744672467222108,-0.779454608211031,-0.77929789139798,-0.736808229202403,-0.657053983556937,-0.548325354715511,-0.41263767990805,-0.243445474641576,-0.0654481568096571,0.12492798339293,0.304747292911966,0.484284015698076,0.645625216718334,0.792792583406874,0.894360453593523,0.972233381658795,1.00213907934408,0.991318523200051,0.965282811012086,0.88986711295105,0.766523859773109,0.641755254990637,0.467277295401802,0.304956742921821,0.115851018337757,-0.0724254493550122,-0.251752072627791,-0.410902069693187,-0.553524303350004,-0.680957621617761,-0.733543565845923,-0.78010105026589,-0.780224347149717,-0.746098547966293,-0.659764344048138,-0.562654043100333,-0.420023428419134,-0.253948125226553,-0.075556439862589,0.103882377845025,0.293442418688813,0.479362853309754,0.637685382485734,0.780200800356039,0.896400563640632,0.973837111902999,1.00157972332504,1.00873454839335,0.976873984183747,0.899426484286503,0.792065813660079,0.654895165911051,0.485510121071647,0.302753150320381,0.109188790239809,-0.0644739616315524,-0.249815736945189,-0.413763599424574,-0.555360312578854,-0.65685205903986,-0.741809787051212,-0.786489562242212,-0.783306733277403,-0.737819974670281,-0.67310083179809,-0.551002402488082,-0.414422713336248,-0.248241265008025,-0.0907662687897119,0.0947549170722998,0.284261468245181,0.465809058821756,0.629799481,0.767478033798808,0.886356261425371,0.968252284833478,1.00481396515413,1.01968446701619,0.974911496180665,0.899566055311838,0.785941279876157,0.649858990366259,0.491096437966063,0.321575593801943,0.132675302782411,-0.0536212588371591,-0.236240851798452,-0.401173745925874,-0.548753876952425,-0.662875634292223,-0.725701869816811,-0.77790940383537,-0.772844831549686,-0.751793544350611,-0.677505042641971,-0.576997902531125,-0.436701251609706,-0.271887690860051,-0.0779470089094519,0.101345179200944,0.279368745874081,0.466033913488828,0.633156586939874,0.772909254222608,0.889697013717804,0.979498890034211,1.00876053922184,1.00589816609532,0.978943273286307,0.904065091131562,0.798103983228116,0.660424327562332,0.489463892706504,0.320105357847202,0.130143664323894,-0.0593531415748407,-0.238301598151308,-0.405303827392208,-0.540282512517531,-0.653621064936109,-0.74307305880525,-0.778345391652623,-0.790838750712696,-0.746073376523155,-0.677861093022644,-0.564278572155763,-0.419210706386787,-0.270547664037793,-0.0901669725304798,0.0953040764967716,0.271297666992451,0.453405447098712,0.628231582335389,0.766033590873618,0.881069696320983,0.961495795154087,1.00993776786817,1.00850889323222,0.981136485145235,0.908478524444087,0.788275623083562,0.665666769011931,0.503342247991692,0.324969124056115,0.141033259102578,-0.0373650185234282,-0.219701374834341,-0.397601283178798,-0.538401900735596,-0.654403973345319,-0.73067873064955,-0.777487810332427,-0.787160116760446,-0.74433509743564,-0.685537475767234,-0.566311125101262,-0.427879205038212,-0.278696183359397,-0.10089031108554,0.085993010046519,0.286580474224637,0.450540564318758,0.616772171948733,0.757609043722234,0.889945719938273,0.968508872278876,1.01254575429451,1.00888490482415,0.983818501701527,0.907891227727276,0.796873722458445,0.677661067724611,0.516675745935629,0.334553858619834,0.140275310268186,-0.043932331201206,-0.222815689623031,-0.391439232764562,-0.5340208921135,-0.642036273832331,-0.729932315157765,-0.79229453997739,-0.789677827710569,-0.748997068329168,-0.673976842982982,-0.571861567055368,-0.437482209774247,-0.282026145108043,-0.0926263233687611,0.080898704064669,0.271742572456185,0.444882496141105,0.617796581878645,0.76221602138487,0.883742190865865,0.950557052602107,1.00959172213259,1.01141514008334,0.968715138805703,0.911892616054955,0.812524451630908,0.675870899878264,0.526301186296944,0.336005130232195,0.143907328437116,-0.0374306324606193,-0.225367639830998,-0.388828689735458,-0.53962075106245,-0.653836214578288,-0.716358873488747,-0.783835695978207,-0.770622802364086,-0.749069576149284,-0.689890607521865,-0.577994585320437,-0.441445303302086,-0.288462859414453,-0.0944955868830586,0.0756204870351087,0.27543564819174,0.456553094985179,0.622237702777493,0.755259393801557,0.871703243368043,0.955493280722217,1.00147150028172,1.01043078143186,0.978021333129211,0.898212036850818,0.818183961028154,0.673457520692915,0.506601731661696,0.351740623949275,0.160293806766784,-0.0378675523652981,-0.220697323795145,-0.388201199623152,-0.540551742605763,-0.644870043022446,-0.721228892469951,-0.78181834647075,-0.787145330994902,-0.751857861890303,-0.689318382030003,-0.582640020304245,-0.458176759707117,-0.28957101537323,-0.110491600733107,0.0803839266207193,0.264045680354293,0.44484630202308,0.613743577588894,0.752729768013073,0.877868028260586,0.956860806666158,1.00536262888687,0.992464676854358,0.980856194748028,0.91747068035091,0.805747999776711,0.669725439529702,0.504469275517864,0.346029480079835,0.153298282232567,-0.0358830799522855,-0.219609543994298,-0.38475564776575,-0.527550125351737,-0.642873872534856,-0.739984655675316,-0.775007055944477,-0.77997334818311,-0.758562331924533,-0.687877329703884,-0.584695948172251,-0.447231258681166,-0.2834586608158,-0.106208878393138,0.0808077348310701,0.258532267744039,0.439364996397804,0.602057173281002,0.76340250677106,0.8714403305521,0.948115564666718,1.00439626201904,1.02475240389135,0.980619956535448,0.916545017264103,0.802817560820108,0.678780396608668,0.513843392194548,0.338490335570842,0.152383099718103,-0.0331093472029276,-0.219748413786393,-0.378382003932128,-0.514645115075079,-0.648011470755668,-0.720519155521528,-0.794650253033602,-0.787429145760668,-0.748973879706966,-0.683061870154958,-0.571788283041781,-0.455436992723251,-0.286018468854539,-0.119879408228186,0.0774532291940115,0.253217167575211,0.447099377888287,0.602994224471854,0.761609337185969,0.87951832385002,0.944204301919923,0.997483420734439,-0.780367469674498
0.896348914995898,0.877431092828577,0.834039069555077,0.757058282650727,0.616240949118741,0.478344772598956,0.312817445884788,0.119648462614107,-0.0947222723925907,-0.289465901972141,-0.48777954590625,-0.647990981872066,-0.788682771219343,-0.902588408058176,-0.986057836125984,-1.02195459027509,-1.01815067296879,-0.966394521941008,-0.880450421756151,-0.755994648163851,-0.61699861319543,-0.427706468956157,-0.241619161813417,-0.0502670117820755,0.171843499946991,0.3428581707875,0.519296943178587,0.660371293134327,0.778396382994822,0.854346316490449,0.884816072961168,0.88105222702168,0.841816522509939,0.746377471618126,0.628943920260506,0.47980954020996,0.31002098254473,0.10948622861719,-0.0965671528492276,-0.280087578308593,-0.479049769350512,-0.645657703150114,-0.800745673672675,-0.908890174988358,-0.993717117142904,-1.03099986762741,-1.01427062030762,-0.972687306862308,-0.881225055236882,-0.764292757709677,-0.616854873685659,-0.435402812202512,-0.250796724846446,-0.0491674983682167,0.148916332781807,0.339373488878802,0.509965287627459,0.661608210551771,0.773621459764919,0.843339960708089,0.887581572864868,0.867675964685562,0.839821847812745,0.75269065826637,0.638982375408464,0.475930111515982,0.301526681023876,0.113552955990273,-0.074563558809543,-0.292190022842523,-0.474250013834148,-0.643177277617674,-0.794349769042082,-0.910981253303935,-0.995861521940562,-1.02721801214835,-1.02382689555132,-0.975786708979304,-0.892096013212187,-0.76582368110154,-0.610272871341256,-0.43303364724068,-0.258020797151429,-0.0408103027839585,0.138944662487515,0.336975174505286,0.510599482875957,0.657704922225901,0.771281231365131,0.854895434588071,0.895382013340993,0.893950343069786,0.848226604433019,0.756803959991465,0.639848644237466,0.486517192214916,0.310759688223078,0.129195061248198,-0.0782362200394106,-0.27871697749236,-0.468844117823953,-0.648808198819087,-0.793280442887506,-0.909182903661245,-0.988637811847839,-1.01641887696479,-1.01282345357927,-0.969885722605748,-0.893936843589861,-0.769953136686271,-0.616057736778444,-0.445131602556748,-0.250743374347447,-0.0607301657450774,0.141129776646807,0.344601975276794,0.50942050899156,0.656129966570906,0.766332290276343,0.850594223690858,0.887535218503449,0.874550166719886,0.838393747841912,0.758588697981877,0.637475596475686,0.490628831197531,0.310915722027027,0.115507607322201,-0.0679357697851246,-0.27328808183851,-0.464534394435241,-0.645648604777979,-0.774829931153388,-0.911415603338819,-0.985377923420608,-1.02055658896256,-1.02519970126774,-0.978269825733157,-0.894927453595905,-0.770571199977769,-0.618684294973641,-0.448065391739481,-0.252887525012678,-0.070790263357399,0.151425770949093,0.341498191015124,0.502185498462332,0.642449493508598,0.772729442653273,0.84000710360421,0.887723821362596,0.881024899692911,0.843445992813628,0.753651281597447,0.64297223126255,0.492263359556461,0.319371011804151,0.124494321460036,-0.076174749795646,-0.279250893402184,-0.454103397356609,-0.634129225754061,-0.798599958793668,-0.890111207387363,-0.980663806732975,-1.02801990856874,-1.02048536815066,-0.977388156272638,-0.900381000574781,-0.776945992577131,-0.620864402724541,-0.454613292370547,-0.253967598974045,-0.0495835368531368,0.132581612513198,0.336031974223556,0.495406230073435,0.648011543983133,0.765459519089205,0.851404711011833,0.88267666368068,0.880987767336627,0.856319471286943,0.759526957052951,0.64486941912348,0.502747214377929,0.325851561286209,0.132173637846653,-0.0619395203772426,-0.272959545530208,-0.453918245174812,-0.632217556494118,-0.773204325878568,-0.897024981593925,-0.976086443235079,-1.03586375856061,-1.02048857945356,-0.977729811753908,-0.891915033697939,-0.778987504017091,-0.6375911984387,-0.458974802767662,-0.273910564904304,-0.0670446811536504,0.129452941743543,0.325194855578541,0.493422078994005,0.638688475250477,0.758269240767549,0.826478481838942,0.885058690455922,0.882670812452599,0.842498429864102,0.770943114555858,0.643836567992204,0.495387490451305,0.332785067764147,0.139166491103639,-0.0578261256381199,-0.259334930496409,-0.447107193003309,-0.627326566695398,-0.778760562936108,-0.90245870103245,-0.972091043750019,-1.01864940247193,-1.01735511270672,-0.981796777215111,-0.900765098382135,-0.796245166883837,-0.636635120054148,-0.468711821912032,-0.280711394434799,-0.070644508290508,0.125922520824277,0.31358864725041,0.49392263990687,0.640641924964907,0.769939988308776,0.847740333938307,0.894785483670072,0.889555533088065,0.859848787429056,0.764697057293381,0.668342134518936,0.509796741458777,0.334622155356019,0.14547769434315,-0.0591343051337883,-0.254209146621027,-0.452435862880909,-0.613154671131049,-0.774912014760923,-0.886447359816676,-0.974766394061931,-1.02631398949242,-1.01447538099482,-0.984633780335394,-0.899407522800368,-0.794026885548346,-0.635443550992925,-0.474392736958113,-0.285265497266561,-0.074287531235432,0.10811751609753,0.318209641722137,0.491491707258297,0.63418417433603,0.752402349617437,0.836704894338552,0.88372238800679,0.885295630186347,0.853334233443566,0.773153530093024,0.651611773647253,0.505244562918264,0.335033917652467,0.141913551981534,-0.0527419782389053,-0.25191176029331,-0.450433056353918,-0.623295472765582,-0.76760339786221,-0.890752119283833,-0.973236437134896,-1.02819229194177,-1.01811516471589,-0.991389295345519,-0.904688221645414,-0.779322842881459,-0.63745163313415,-0.470432607760802,-0.288513960651651,-0.0909543087110554,0.104351041812166,0.30799458311702,0.480771853461276,0.624497030298544,0.757234296495153,0.837732028728792,0.885403885413697,0.882672138317142,0.847900197472217,0.773095757788873,0.660710456050513,0.511661762340432,0.3413457068933,0.160959330121345,-0.0345500825793432,-0.23829528515607,-0.43561224838422,-0.614626492900435,-0.764722911011537,-0.882561270035158,-0.975389847900199,-1.01495384683229,-1.01638185094,-0.998359216765921,-0.907709994575885,-0.798909836390302,-0.652538978525722,-0.489734828165884,-0.284989640682764,-0.0787361215861662,0.112085495400327,0.2949232657467,0.476796034324919,0.63273515664251,0.744112346137347,0.837697221490321,0.883405387091172,0.879554088754468,0.851553562594847,0.775526707916464,0.662874677449319,0.512027343748018,0.348174335739645,0.149270599041905,-0.0478338492709553,-0.249292238992878,-0.433280330607026,-0.606481292710817,-0.765110739743925,-0.890308360883343,-0.970669819148255,-1.0200865980899,-1.03007872954452,-0.982590734599713,-0.9247864994475,-0.792501421243483,-0.652190408015535,-0.476440095394093,-0.285690271638098,-0.0984105105621001,0.119376293060396,0.297283044061721,0.468482058736042,0.623062702930258,0.742913014908956,0.835512106632137,0.894453357701765,0.882782402657303,0.857566401232532,0.774493880336635,0.661401126156119,0.511157574246779,0.357843922357306,0.161267386214886,-0.0404946427391117,-0.237070050239432,-0.426069897114786,-0.605226259957654,-0.755288384296929,-0.895331527943882,-0.957254741472001,-1.00931077871746,-1.02428893939367,-0.996659588125333,-0.90640469991142,-0.800347994185829,-0.661362660353902,-0.475599365032118,-0.296257215015171,-0.0963454591140029,0.116486346646705,0.297445141106488,0.480638099226142,0.64252673294027,0.747924772049019,0.831720073667367,0.886819578219905,0.891949431596771,0.836852198050259,0.793023007365081,0.660427156028611,0.524499591355201,0.349870605665788,0.173646224877324,-0.0333079951346046,-0.237412760032968,-0.431946842576192,-0.608756344598244,-0.755690040127426,-0.890433414276884,-0.962446670465676,-1.02252565176449,-1.02477547793897,-0.977035175712834,-0.910305586760573,-0.801072493135,-0.656955688033792,-0.479746751435597,-0.297969729515319,-0.110102006502634,0.106969482298366,0.296591081596924,0.467823920395504,0.629146553956736,0.746515022801638,0.830612831828198,0.896167665142224,0.884264081285486,0.858225591515696,0.78128795858508,0.670768870704303,0.518168592442976,0.356315190012671,0.170704401154017,-0.0346490484797812,-0.234707512470363,-0.429397891631529,-0.606847220554158,-0.745237060847704,-0.896796719201817,-0.977604253068274,-1.01464429101927,-1.02019122324254,-0.978704085565445,-0.911769914166743,-0.816908372743698,-0.660708218322557,-0.482937274209943,-0.303562813911025,-0.106192929409525,0.0892728628919925,0.289997998734257,0.476582454168676,0.62885932755788,0.75525488879101,0.836837766003486,0.884850197581517,0.891751771793353,0.866340978280612,0.780818760576572,0.670151452167618,0.517947428902265,0.350337424172657,0.172974772704571,-0.0312533334327632,-0.241854897724007,-0.428800433845234,-0.62267963646207,-0.756573817534444,-0.868048907814265,-0.965151891942701,-1.01738112337267,-1.02378033336226,-0.990845437399006,-0.910904093349745,-0.797413092602854,-0.663270922778093,-0.483920656882506,-0.292758729038938,-0.0972705337897078,0.098974086076519,0.29674221180214,0.47107752570297,0.618803797179192,0.75301561961383,0.841469286307769,0.878379459925893,0.895493455328696,0.842079259448456,0.777095072482266,0.660917156180713,0.526007663692478,0.355453735441836,0.159153379947215,-0.0400943496586759,-0.234052376503789,-0.438612571390227,-0.595782892788895,-0.768573395505299,-0.882647216913886,-0.966282334682232,-1.02528982551305,-1.02395309774248,-0.990079530152191,-0.909387665518876,-0.804020548773327,-0.652616865166286,-0.480667775291297,-0.297222195490117,-0.0999778722698983,0.0980930426016276,0.29380807033357,0.476286982797589,0.631334879615885,0.740812578618156,0.838370619872515,0.894920351407226,0.884918842366045,0.857947474645059,0.777971315812034,0.662057561960288,0.528485834643152,0.35574692542935,0.171577974237043,-0.0481176689496114,-0.240502478074449,-0.428992177540047,-0.608775557064733,-0.763334910467232,-0.88971358138175,-0.977041589740258,-1.01206498255661,-1.01606535302649,-0.980287844650553,-0.919396855830103,-0.800573317581996,-0.658102721489468,-0.488552981459824,-0.290254808559602,-0.103597691984343,0.0917696515046255,0.301863717495854,0.464710105753404,0.620843509077447,0.744620774238368,0.830822057835897,0.893714256695962,0.899870265345264,0.849451866473,0.787344364997889,0.670761969032229,0.523524380150959,0.343732329645619,0.157132976492691,-0.0409613666713071,-0.249680534019137,-0.438992102811612,-0.606407569174877,-0.765884275174392,-0.889652331133267,-0.968151362057742,-1.01512704887629,-1.0237697740715,-0.991781126303271,-0.906806733593425,-0.790103494571656,-0.640217350580769,-0.481268833913913,-0.296558965991824,-0.0921954731967828,0.10966811544444,0.299451585711265,0.463611244568004,0.629469112217758,0.760895458258168,0.829562898228664,0.894823811079866,-1.02270966933216,-0.045513996181212,0.0534073353595823,0.249357637421253,0.43311571789632,0.582063616018437,0.714103472182168,0.816949687220015,0.873399949393355,0.887870181825319,0.864591550532783,0.805296601283239,0.704797125966899,0.55867446517662,0.38745563909639,0.207314274960878,0.0166686486739308,-0.181127101315854,-0.375318612449712,-0.560567231038989,-0.728802931746169,-0.848181416213169,-0.954262677721584,-1.0124867106927,-1.02664235006772,-0.985671385773397,-0.92496504268216,-0.834780654531538,-0.698499119509356,-0.526866989675309,-0.35850131771261,-0.159303641443863,0.041982182983001,0.238342154610226,0.436632994032769,0.575796332161637,0.69653931100009,0.79253434753096,0.85054172129747,0.870795294709858,0.845068685279651,0.777745785903457,0.677217795592432,0.546656613972248,0.385985927679606,0.206317568691987,0.00825100285122832,-0.190355721102822,-0.365414205337182,-0.548183670337289,-0.698376796155321,-0.84417695298744,-0.936294892729105,-0.997887302860331,-0.998201345618004,-0.989269645428494,-0.909377280426555,-0.817595712018059,-0.682772649132735,-0.522298960079397,-0.34114278694259,-0.155158366696231,0.0521780498551335,0.219194886760703,0.399832671664976,0.537111337664405,0.666605400723475,0.756656185273109,0.805798400764531,0.812992521447472,0.792661521192456,0.740870641963331,0.645755469603183,0.516932550398299,0.366122216324462,0.192440762683453,0.0117407594058722,-0.184014112081774,-0.35137824848516,-0.525522506123782,-0.667186254008625,-0.795525689475084,-0.896731151978589,-0.94640006014684,-0.965611229541732,-0.934294191524605,-0.88150802731833,-0.775174380268128,-0.655512980166315,-0.491953788871642,-0.332190680310068,-0.148608839899755,0.0465934328646885,0.20541728107182,0.350769123411047,0.494320795940378,0.60627111039817,0.689663985708154,0.738531901709311,0.753468672056906,0.741255049272789,0.676795970345714,0.585150506830155,0.473232147541767,0.316190581011429,0.177186507648261,-0.00498920162457122,-0.178817614226919,-0.338058268305552,-0.493268436071802,-0.628196013753754,-0.733270521824224,-0.823924409213269,-0.86388050295545,-0.893730192357848,-0.863963703516756,-0.808657994350673,-0.718814565929603,-0.599831799383765,-0.463340373017407,-0.296173997292695,-0.139370365775596,0.026198269135473,0.167760055463199,0.31561891409619,0.431783975482911,0.528404840656801,0.601518178979646,0.636743152143325,0.6537752724706,0.624899549079275,0.575983509628215,0.508048669319194,0.400062416074941,0.273167441318051,0.131994881907571,-0.0180318484328453,-0.150670428575875,-0.310847270425487,-0.443239903648203,-0.55832889974212,-0.650811655558936,-0.728467393108697,-0.779467322466523,-0.787535960192635,-0.767237644899058,-0.719087937660067,-0.63656275635676,-0.534984600641276,-0.399462608503516,-0.277163237937481,-0.129751230239887,0.00690269077552398,0.136010757339906,0.242955116955782,0.354447261367035,0.422156076829178,0.484203519649055,0.51624888612327,0.529139117642711,0.511898754885417,0.473696884929905,0.409558635559465,0.328935052860004,0.220936751588585,0.0940740676384435,-0.0200340239324426,-0.148574446089018,-0.271948881076426,-0.394216370492017,-0.475206841407535,-0.559300712546729,-0.622743199954516,-0.650525148568148,-0.651994722894414,-0.643676250260027,-0.610933465242415,-0.540604684120714,-0.460435700424575,-0.361258819951644,-0.235010176394435,-0.119944293652111,-0.0150270173922411,0.0863005670588976,0.159226133806741,0.240077595655411,0.317249394355063,0.352662774262693,0.376313195963693,0.395723730096915,0.387127720910783,0.334434278004987,0.287683137737725,0.223583629960717,0.14910956209826,0.0529162736936582,-0.0325409114401536,-0.130097273118926,-0.236082003700276,-0.320185705197045,-0.384753426517021,-0.443929948393586,-0.494303713495727,-0.512341467348706,-0.529613539068868,-0.519956423136418,-0.481936393398509,-0.430168258196647,-0.354759813951479,-0.285426225780736,-0.203044098244047,-0.0707647110358339,-0.0121864996000162,0.0454498201465344,0.099689618479963,0.152175972810529,0.195545650216575,0.20982471060687,0.229809936958096,0.240033884552243,0.21421741999302,0.203227626356053,0.174302464841029,0.117659969148267,0.0674761708394089,0.00545242941266341,-0.0589153909667001,-0.113967764083187,-0.172186484073441,-0.236740068526115,-0.287018677610601,-0.328303847035676,-0.347269540121679,-0.371942220350136,-0.36570515179779,-0.352318783183161,-0.326468391461452,-0.302115692832981,-0.255413180696645,-0.201250936801595,-0.146693890141406,-0.0729004410140887,-0.0405875502686787,-0.00636070626808358,0.020868691814135,0.0340196480344222,0.0597567111692794,0.0741802630869083,0.0798856317730005,0.0641745045874963,0.0594339082211586,0.0513835193424374,0.047291402883069,0.00843198563377519,-0.0136111323332057,-0.0427986395064711,-0.0672639872044952,-0.100951104606055,-0.12653193553325,-0.160126255991918,-0.184252431158548,-0.19171220924742,-0.191335471408695,-0.201403924005699,-0.214037572897573,-0.215069543515845,-0.19056791145616,-0.173042488492613,-0.141919358442715,-0.108228130449013,-0.086389074468649,-0.0653330064613272,-0.0587368652852536,-0.0525857483015417,-0.0702928826917029,-0.0686557410058059,-0.0819209537000681,-0.0788760808574522,-0.095370805493432,-0.0912008793947375,-0.101549247847088,-0.0883967686276003,-0.101282053312734,-0.102001890296427,-0.0952200427102933,-0.0862934048184883,-0.0892481346081893,-0.0819957831906154,-0.0781783570134441,-0.0631331091236206,-0.0572199225380065,-0.0621543682626921,-0.0509012184815071,-0.0364043235593672,-0.0524156480585906,-0.0296089127283516,-0.0375779059230881,-0.0385757215110213,-0.0391317108237171,-0.038868480236635,-0.0293275457757587,-0.0526015260750431,-0.0663310659856467,-0.0988714906479302,-0.147544695470844,-0.183355443822138,-0.211906020086288,-0.246569888674369,-0.262017297634971,-0.267294201119514,-0.259346700795682,-0.261442360556399,-0.232637751254417,-0.211863383247283,-0.168816843222187,-0.143134061701352,-0.105190187126424,-0.0660603556698867,-0.0194525905409703,0.0100570183393859,0.0325954309450784,0.0681814291402471,0.10440981812751,0.116515734462924,0.115519793184759,0.127081668769212,0.108831427312937,0.0997001139546917,0.0702150257347956,0.0495359414968934,0.017407511161264,-0.0267677083783075,-0.0882090780186074,-0.159365181575215,-0.222377485511859,-0.282134556626091,-0.344476343111916,-0.385247100708486,-0.403983338046489,-0.421648386296374,-0.414686007827382,-0.389884300927094,-0.35988575472262,-0.319305499839556,-0.260242761038826,-0.182763795395813,-0.126034400439371,-0.0540924719750655,0.0342310760172196,0.0973870150538016,0.150860661467373,0.205388665014697,0.240285962850844,0.276545014769604,0.281727398720696,0.27602911666375,0.266283113066096,0.233469084486984,0.17782140524515,0.117283053969828,0.0483652981152232,-0.00525268632543116,-0.108071430450727,-0.204865820447301,-0.292786842872686,-0.392521720834672,-0.455302900938455,-0.514037398367767,-0.562747293459682,-0.576286273773205,-0.556143214769031,-0.533227312244926,-0.481253575702475,-0.418775302255901,-0.336777694085286,-0.237835158606729,-0.134497446239297,-0.0299837925696536,0.0787149314981607,0.164144823758334,0.251454685680286,0.332550483507934,0.385275471171563,0.424043956420108,0.435378906965887,0.424295485570675,0.395937193581275,0.345461369367123,0.279771968391972,0.193748127070375,0.0992850942680041,-0.00921057642164335,-0.120653501546885,-0.241952273713558,-0.365752446013717,-0.483297297768736,-0.574317799660251,-0.651300905450584,-0.686665400627452,-0.706205700300276,-0.685169881598739,-0.648474121104675,-0.590789598294828,-0.494944021076214,-0.408238037040654,-0.282607375979745,-0.152090074638973,-0.0187386232692306,0.10518445403123,0.237955347773675,0.340613864387682,0.425561200358219,0.50974817258535,0.541835020421487,0.575828746126825,0.566538810225998,0.520587241615604,0.45677631667659,0.380350912172207,0.262213927763505,0.147368130955732,0.0222867666902186,-0.11911858173193,-0.277559109383837,-0.422363674503413,-0.570053612148081,-0.66905430709212,-0.747721210437699,-0.810891824314301,-0.816263720572968,-0.801107240889904,-0.764118678861463,-0.685350628247471,-0.5868322900847,-0.461890253369051,-0.314863828218121,-0.166576812841604,-0.0168305964700876,0.144024790636668,0.284371348665198,0.413976889905075,0.539477834538852,0.607233725715028,0.660516658627439,0.680714977836695,0.675769625162448,0.63294662295891,0.549746358017589,0.436112818250027,0.318659504851202,0.180035729417977,0.0296789646400367,-0.142708194782078,-0.309637301036168,-0.478066354826989,-0.615803270137413,-0.743537494800634,-0.836658778582369,-0.88411222721633,-0.9152353447579,-0.887177581284804,-0.847651411142343,-0.759589293631597,-0.657950261752992,-0.504778310471306,-0.338582582914724,-0.175679211551099,0.00168497810118018,0.169589874842012,0.340697490096558,0.481356227385722,0.601357510381032,0.687185225027613,0.75063047902715,0.780220912970314,0.762469882916822,0.709494663979439,0.624302745682356,0.503702428253074,0.363464674305214,0.215718788686831,0.0314569318492141,-0.143624270471156,-0.33113403896042,-0.505976244783344,-0.658588530547971,-0.798444953395277,-0.888098473665626,-0.956067189732081,-0.973992112106134,-0.962888347970776,-0.903296978586046,-0.812425529553863,-0.689034458926999,-0.533907747597355,-0.359068815386577,-0.181876828392816,0.00557786660865919,0.195194408416223,0.370333780871322,0.52527912457123,0.644853275006542,0.74567365459298,0.827093193817834,0.843306464694268,0.823837606311111,0.772308178331947,0.677826618887588,0.551651139871811,0.413708669913037,0.232459692861821,0.0512683266337069,-0.157018494618412,-0.335790125752489,-0.524944118071211,-0.682030708080719,-0.823020323665841,-0.933330016358293,-0.985593266080629,-1.01403106932723,-0.996257647065742,-0.946070351883657,-0.851461889062965,-0.722222343207439,-0.565847354426926,-0.372169195456672,-0.188826063871647,0.00714178767905686,0.207342284952969,0.39952970151872,0.553042268304634,0.683010846690554,0.792581084336133,0.860691696038432,0.877078163955344,0.871604473545087,0.809093317630976,0.708590580088037,0.5861210263864,0.413599681150347,0.247728272177299,0.0541683308568123,-0.151094161514136,-0.344515095157287,-0.533322578177014,-0.69786471250537,-0.840571858271,-0.93568978523237,-1.01110379005609,-1.03083307289916,-1.00770966062508,-0.954458684331205,-0.850854062147023,-0.728750487177803,-0.563702629132779,-0.386098622524172,-0.184108628388114,0.00774272943286694,0.204684984832681,0.405514153306729,0.548359113648074,0.69960872189864,0.800209199624003,0.872120911105589,0.895265983804552,0.872088728905733,0.822621173023939,0.720504027881931,0.583901864498118,0.433174176854412,0.236811874659037,0.0535443815444931,-0.0781964479121269,-0.0915304118625213,-0.0869755807951623,-0.0860281799793749,-0.0827185576727326,-0.0863308808872417,-0.0691710589587537,-0.0657568659898563,-0.0456675936954959,-0.0519484806401918,-0.0442931525389303,-0.0265429492293229,-0.0277247187229789,-0.0382453225861937,-0.0344616105556936,-0.0259238333751466,-0.038498051147963,-0.0351309766055712,-0.0435224179584059,-0.0554467461001812,-0.0588801551812579,-0.054766338041273,-0.0774739890119772,-0.0891950493444163,-0.0782552257903309,-0.0980272284145802,-0.0997053065453173,-0.0971750135375305,-0.0932981513497967,-0.0906432970521396,-0.0968800766827325,-0.0880760254165117,-0.0777635400843293,-0.0425454565184124,-0.00461598412570339,0.0442239560953194,0.079596394976161,0.0951183400627387,0.10099625515084,0.1173045184731,0.112537133927268,0.110638283721072,0.0947497777184977,0.0807129687565706,0.0572016731259007,0.00753988313983911,-0.0302908562813051,-0.0569197165049452,-0.0940658234558039,-0.145217112635535,-0.166886377083168,-0.209345046348862,-0.220428014924078,-0.23436766213459,-0.251707964111546,-0.25949298085386,-0.244264122378507,-0.219088907800306,-0.201720657691761,-0.171434772838972,-0.147855922053174,-0.118489597760734,-0.0413550362767307,0.0161996764632587,0.0701350943223148,0.148124561795164,0.191581013841335,0.240636610558874,0.262287887654381,0.278840653649412,0.26813111731028,0.250812670840487,0.227683681970582,0.183283442740887,0.121863288005587,0.0722609939166207,-0.00243482205184461,-0.0854530763254581,-0.150106541364103,-0.227638651067143,-0.284227635011869,-0.335011993583201,-0.376469264135787,-0.407678714450032,-0.405086599364581,-0.41509498651087,-0.401172854896253,-0.357106094624059,-0.315648883615459,-0.255417798501067,-0.19174030278416,-0.125974903026605,-0.038726885262645,0.0432604466994542,0.163631651616591,0.244501991389914,0.321117008742985,0.375743779954733,0.40944673124763,0.425617905749839,0.424808794181178,0.400358895522497,0.341181555233104,0.287560500353034,0.203988570832353,0.117255907377357,0.0056855508551848,-0.0884785311342338,-0.203027706808064,-0.286273396557438,-0.371219341906215,-0.45003779561753,-0.520261443395092,-0.541403690889874,-0.567415288046201,-0.552205623579696,-0.528172955275917,-0.493075830955549,-0.421259757941591,-0.344789423186592,-0.242922042141865,-0.140356840342139,-0.0249161109416808,0.101889025713617,0.228098750621814,0.330089220119271,0.427086174110016,0.495412836275434,0.557218331522891,0.575270293917062,0.551161072738103,0.515512872986456,0.451948313674404,0.371794512732846,0.263364908904073,0.140112216693998,0.0303579366655333,-0.105160426893592,-0.239647835881529,-0.34973488203465,-0.477163398718101,-0.556706712377289,-0.624652504327464,-0.67215740454225,-0.694586948851395,-0.677550953793077,-0.656016341577605,-0.592937369245056,-0.518736950953292,-0.402744992494032,-0.299286621014006,-0.157214935447337,-0.0247110655114216,0.130021399843128,0.299370186862817,0.411026364513136,0.523223172632004,0.604106712509495,0.653910670858407,0.680676836552308,0.670517481319405,0.637121376723653,0.547234537113865,0.453639240808067,0.332326198628895,0.186331749320298,0.0268558553736957,-0.132736602862974,-0.262633913615477,-0.412177504900751,-0.546645544436521,-0.654390815831448,-0.723954746210939,-0.798427800320361,-0.812098074497441,-0.799021075600717,-0.754635043533762,-0.695241830854513,-0.586443425454886,-0.457869923127122,-0.322570506758185,-0.172002604461675,-0.00507448276583349,0.164581010833816,0.336137038847528,0.471118950636609,0.596677416578949,0.692163191077608,0.748704148469374,0.783220195540136,0.763849959461071,0.714000790658152,0.62756651076672,0.52448816337998,0.369350626096166,0.215261788297954,0.0433904178095825,-0.120487728287994,-0.307880838060663,-0.46575256428983,-0.611352785946806,-0.72179865368027,-0.818098591188412,-0.882635384770284,-0.909179334588155,-0.890484752868878,-0.838599475812389,-0.764168067196529,-0.647945620395113,-0.511755266205239,-0.348370546802429,-0.174075505882949,-0.00136322598942801,0.184967723262035,0.368124379902657,0.530826077068845,0.649358829185209,0.761326144556052,0.820890605238435,0.839478549972823,0.830346895422764,0.770221557425627,0.679327553999758,0.559772744976206,0.412421475637436,0.231558642964809,0.053800267660548,-0.133979531943806,-0.321138274276599,-0.492187637340248,-0.661614311396619,-0.78921426600278,-0.882352289689079,-0.956406358726505,-0.974359120184074,-0.948446308593779,-0.910673183512695,-0.81499940885099,-0.695174444304901,-0.542996000919681,-0.368168684846897,-0.184224463118821,-0.00129530232306293,0.197068234450162,0.383001171124015,0.552446486087061,0.679646501935218,0.785548402289905,0.862566483816722,0.881371977587747,0.87354824155786,0.804497683350699,0.706639932794353,0.585486001132893,0.426811299689293,0.249999672196608,0.0534314481177618,-0.143088573531367,-0.33890962172258,-0.513810859154182,-0.677198170538971,-0.808206509476486,-0.912781439801398,-0.989887387932708,-1.01887138167516,-0.996902876585696,-0.936287292376128,-0.843983313352465,-0.720548860346028,-0.569481169648479,-0.382066644892664,-0.187022286425438,0.0145037401216303,0.204159285776824,0.377443376468667,0.556578610502912,0.689550765498506,0.8083007519322,0.863245846118647,0.884483119110569,0.872493354736478,0.809505487930271,0.721069396515672,0.59379945785181,0.433927945436873,0.243727210985547,0.0630170191206258,-0.151456981746659,-0.343760065025516,-0.520503009066002,-0.686052222493138,-0.829036078275707,-0.950036301669237,-1.00101608610103,-1.02398585513021,-1.00274912473407,-0.948463311798842,-0.861660952888586,-0.718695305521298,-0.564248601621136,-0.393793726974532,-0.194118757850496,0.00637478019709783,0.203389373197888,0.382048546421078,0.550022638907112,0.676479406808861,0.77575894827619,0.855271694329908,0.872327745429032,0.871883882393641,0.79583154828455,0.71173584055176,0.584739574300627,0.428079326925049,0.253565963290307,0.0502848909511587,-0.141987349627427,-0.334416403765535,-0.520346110906597,-0.68049674372301,-0.814733277500644,-0.922405350525933,-0.964186035697209,-1.01074513702213,-0.984154387881165,-0.938608835822898,-0.839940550717402,-0.70792534712666,-0.550523559768901,-0.374959359955674,-0.18296106180784,0.00503677749838563,0.18512885131419,0.360895059019323,0.522385533648993,0.638810013475578,0.73649877610929,0.811644336959471,0.827103600891273,0.814230991164608,0.759487770619026,0.679307739098084,0.566992222982402,0.404465671310859,0.238628833143112,0.0506008699395333,-0.130635191713075,-0.323408147006356,-0.494584874540154,-0.65193126819366,-0.76796800773764,-0.877515250983369,-0.934903705898635,-0.962721161576191,-0.949919406481241,-0.886153623580405,-0.79785136242757,-0.684988220267772,-0.532879778659205,-0.368704883846821,-0.198970311066755,-0.0015540563293765,0.154562940194247,0.315308165291916,0.456639672045126,0.593169457470002,0.662787835340498,0.733890297949803,0.753261571196379,0.736373657115044,0.706151182290752,0.606447879200378,0.498455718284624,0.368186800463559,0.208276589214053,0.0476268679835985,-0.129069354424284,-0.292880890980094,-0.457480995702568,-0.60897411692202,-0.716041429184333,-0.813407273893917,-0.877925207431164,-0.882762089833705,-0.868177527085023,-0.831128126552661,-0.747872173848039,-0.625965686964381,-0.506295404532241,-0.335551713751922,-0.176158933149012,-0.0139340493753399,0.14033854255014,0.265138501060522,0.399702502043875,0.50787301045105,0.587329512069184,0.642172890511932,0.656712139488606,0.637343742652133,0.59347268860662,0.531508617142902,0.436139345246729,0.316385358260329,0.179809884222792,0.030978258390839,-0.117541004716829,-0.267728836898315,-0.403935416520335,-0.531318710792879,-0.633762374238346,-0.71976535605064,-0.766713036665541,-0.787877550094308,-0.784596203573852,-0.73499916010172,-0.659980281783645,-0.556736668078273,-0.453482666646604,-0.316882100170263,-0.153316468921678,-0.0407675717736696,0.0868732585682466,0.208157799926524,0.324771569970861,0.407931130148947,0.474595415381013,0.510628924103299,0.540555575591272,0.525487570917276,0.493872196409914,0.433557065873321,0.350413055511049,0.262426425391759,0.144110212498919,0.024533843643377,-0.10606945933069,-0.229545000199242,-0.349952357027236,-0.455780562331182,-0.536548571222775,-0.602772129207554,-0.652996324044036,-0.673648821093718,-0.667019420339424,-0.621592404210444,-0.568947629171516,-0.48644868968174,-0.399870040680036,-0.279775132658857,-0.154390632546831,-0.0437385236162838,0.0584520756007225,0.141594192363916,0.228758411243249,0.287706707333002,0.348816973391272,0.383656486489761,0.407446706685385,0.400580313681398,0.355833998200005,0.321819732001852,0.264244602171023,0.184356915581033,0.10004204103935,-0.0004814324462923,-0.0895937532718058,-0.187301771367541,-0.286789508752739,-0.359200578010937,-0.429131297682719,-0.479405239652596,-0.516872238180208,-0.523624253086744,-0.526178074458661,-0.510827766464334,-0.445665061354937,-0.395748474697926,-0.324447045996696,-0.239804968488062,-0.142026520229846,-0.0747334237004739,-0.00314271008365195,0.0657989521945899,0.114938063020571,0.166203416687858,0.212258949080278,0.233917193807959,0.23715766319165,0.250020305870686,0.233194481275006,0.198930550995279,0.165685773987215,0.1133860289059,0.053659699495527,-0.0113913358399438,-0.0805215755210131,-0.145825707589714,-0.210261888218461,-0.252721359370395,-0.296586283984885,-0.339768237771605,-0.360786999036301,-0.374126245714087,-0.374808094631614,-0.357518441283059,-0.3306103465302,-0.298916643620416,-0.244078238021656,-0.190394670135079,-0.129601594553895,-0.0744194710313589,-0.048925234803115,-0.0127899873465796,0.00662049572922999,0.0460258258897511,0.0577633221942352,0.0609763442511775,0.0818035444215995,0.0781207691146391,0.0747722083724478,0.0672946349362497,0.0512687025443434,0.0160384821795649,0.00736745337450483,-0.0323451267076918,-0.0580754756880865,-0.0867571572787946,-0.112540578534115,-0.153013927341525,-0.168815875682171,-0.192336774045999,-0.216594571529336,-0.215996270086455,-0.217942077926053,-0.221298577952628,-0.204278588139704,-0.18089565216051,-0.166211046915055,-0.135882514308403,-0.112848046231946,-0.102339187286615,-0.0810867575042496,-0.103665283973966,-0.0942456012158299,-0.0952745506519227,-0.0894361202077015,-0.0831961379743581,-0.0866149104661844,-0.0849243076055701,-0.0813571353777406,-0.0772178237181694,-0.0575883198058574,-0.0459882726966333,-0.0580458336450236,-0.0466409605090508,-0.0396250109015112,-0.0386738339738936,-0.0379613292339914,-0.0287441453554982,-0.0514889198854093,-0.0417112623533587,-0.0444907631785966,-0.0546500453846645,-0.0546004824662833,-0.0566443339514346,-0.0779296536674085,-0.0864148739747876,-0.0798248557409068,-0.0829079974685104,-0.0939258046890618,-0.0357470320647355
