0.0146977279424439,0.0236185093034417,0.021108096085602,0.0224551869658908,0.0265641393535237,0.0285077999253109,0.0420545024171405,0.0136379699672614,0.0347879549752978,0.0297937194171077,0.0365477142167764,0.0407228548816078,0.0187151529841666,0.021355026362137,0.0304633616246336,0.0231763854490009,0.0263708679629734,0.0314803932979577,0.0214526709689106,0.0203860671531089,0.0225508299663642,0.0231160920163334,0.0244292274994158,0.0222871565810489,0.0186588123676825,0.0223049435166627,0.0178928997452926,0.0289267873796799,0.0273940691240191,0.0279170705637782,0.0264381068928956,0.0335355363016785,0.0499892951525151,0.0733666753543206,0.0862413993702067,0.0890200906049673,0.102238164243685,0.0982552980921026,0.112394048190443,0.106005600685174,0.0954679570506603,0.0916072079156025,0.076824940702121,0.0749790513525208,0.0555640119194705,0.038679268592305,0.0207160134013654,0.00159697452456672,-0.0110486802366033,-0.0239042066526029,-0.0494311409510632,-0.0465518078601055,-0.0640442490280581,-0.0532935376675294,-0.0525375074521868,-0.0477426816124305,-0.0402480568751843,-0.03747026834096,-0.0221762483980606,0.00763428092092661,0.0128099108550914,0.0500230967810845,0.0807363200622522,0.101980010054121,0.133300728238268,0.158997384687695,0.177279922534803,0.186488849284207,0.184142460413657,0.182967689322146,0.170973176362891,0.167240140664139,0.140217424186912,0.0982997209102933,0.0738498386840386,0.0368538404291458,0.0203470476599599,-0.0197526007562517,-0.0596848446985708,-0.082904024657683,-0.10165160003673,-0.121174573899127,-0.125374190726749,-0.130786085642399,-0.134880736348654,-0.112103191811608,-0.110141796063857,-0.0791856479508221,-0.0507908384886818,-0.0210180025843777,0.0161320509929093,0.0493928737617499,0.0999187022437353,0.146316364323788,0.190012461712503,0.223810234491065,0.243521284462811,0.260220964362491,0.268699693469043,0.266638835386079,0.24405479536056,0.221146600456722,0.182901879292567,0.134829708863185,0.0956815362489757,0.0474155799051399,0.00679242087045036,-0.0525582097033057,-0.095012325184682,-0.136404343321938,-0.16122696834855,-0.199373850510145,-0.204838354405454,-0.215631577366875,-0.204625723106302,-0.206516045034428,-0.16601421867479,-0.135492993070855,-0.0913592729284241,-0.05531502905108,-0.0175710136001434,0.0648523500205151,0.135168994245672,0.194612298268453,0.242828889110094,0.281863777773053,0.314084524003595,0.343130038740867,0.349062113187029,0.340119732291174,0.317023646399071,0.292050114156373,0.250465326996697,0.188966478063362,0.121387662933182,0.0596398147312905,-0.00363649153874563,-0.0698734793731259,-0.136509828716801,-0.191155814985414,-0.228760370212841,-0.260166754069683,-0.286813425544928,-0.294622366779519,-0.285944226072616,-0.270779927302552,-0.237357258135806,-0.190282119921133,-0.131027839050986,-0.0688995847569056,-0.00742884264208818,0.0730819922416604,0.140361068587318,0.22028418122723,0.293184763703724,0.360901249647094,0.389057530417884,0.400889915325119,0.417129284169565,0.407687902238812,0.380909194425491,0.345551093055281,0.296479386951134,0.227381449566123,0.148981199560605,0.0639649355331318,-0.0118184605768351,-0.0955807600907093,-0.167129965542969,-0.245117462092975,-0.293801430049038,-0.330461350438608,-0.369480902977931,-0.376639569511315,-0.353855754499408,-0.332740068621759,-0.294058726987797,-0.235443815464797,-0.173765814817761,-0.100353475803756,-0.00582797873969526,0.067634801499088,0.167398918828994,0.2569140996685,0.331258766784407,0.399883215912645,0.456341331663554,0.487804139450481,0.489816875335372,0.486790558564052,0.463641144446276,0.399369901287945,0.347288491126121,0.2591694519002,0.176350471603172,0.0740670902458274,-0.0220595270436352,-0.11532531894521,-0.206373717514974,-0.297451013583501,-0.346460277093692,-0.405108804077124,-0.439692934262703,-0.438619759271179,-0.428216430460193,-0.401182492583503,-0.354334746125831,-0.284725064282524,-0.211773260984528,-0.11303144825162,-0.0388605701525604,0.0670294481936726,0.199445210275551,0.300314593236555,0.400115302890514,0.472954875066342,0.512142918821466,0.547670214915381,0.555450543348115,0.546708850667331,0.510857965258978,0.460660329934273,0.394627092502369,0.296617661308497,0.17891553108496,0.0898372408037959,-0.0324683942316619,-0.137302593165759,-0.241503857728832,-0.320202262248427,-0.40590399615684,-0.467186812782589,-0.502246721826644,-0.502464311148609,-0.500811182048702,-0.471715681000331,-0.40028718241916,-0.339348330733728,-0.249830147438418,-0.126160280730053,-0.0343720110467969,0.0887232998231219,0.221385182484041,0.337799825868978,0.44316820817535,0.508973361695891,0.586506432956296,0.616639274807447,0.633521718581394,0.611567663032327,0.576569771089875,0.506995817538994,0.427474323055679,0.334032298392502,0.21762293772517,0.0813546237802678,-0.0364045530602789,-0.175409332115489,-0.279098212960665,-0.373664402870148,-0.46926521427884,-0.518346378618491,-0.565824954124113,-0.580688064580286,-0.566296080299093,-0.525202247651871,-0.459738334970303,-0.383525289588609,-0.273673381449013,-0.152697654158945,-0.037734780809539,0.0909463539213807,0.238779979454937,0.3622067538137,0.475954222162853,0.564197109125492,0.642612353612827,0.678128688928473,0.685440227105928,0.679628514846364,0.631126324100133,0.559784483377117,0.475495795669476,0.346596394889352,0.228299182950984,0.0886875838062829,-0.0400208212379658,-0.179179137170711,-0.306695020302017,-0.420614492543729,-0.507143874356522,-0.586197233842706,-0.620083069185911,-0.638263499430485,-0.628299985885569,-0.587505115210848,-0.51468907950906,-0.420682672918232,-0.303664999117367,-0.177664359451391,-0.0465731724512257,0.109578865848994,0.238653640803683,0.384072871241205,0.507580881040176,0.612238261959899,0.671405322977829,0.723444751677659,0.736644172073916,0.735151178063596,0.687650784883811,0.597974097745295,0.509409764846118,0.387760169392909,0.242662703936204,0.101249298277912,-0.0413370050518632,-0.197382984332214,-0.338994098717833,-0.458326450956387,-0.566443333925537,-0.626622723103779,-0.671215296297587,-0.696997152204761,-0.678422502748275,-0.624612279240028,-0.546475183153775,-0.462348819481784,-0.331114060519309,-0.197179482417113,-0.050982016426013,0.111730473916709,0.26463034179066,0.415753118474659,0.544024859915555,0.648488277401725,0.708831547647975,0.786529375172521,0.798145913714148,0.779426116962432,0.723545574409482,0.643979428069903,0.545049793026097,0.408364228047817,0.265585997058837,0.101006366606876,-0.0577777617675292,-0.203150195367394,-0.366006932713783,-0.485738701481768,-0.594541738326672,-0.677476960301435,-0.727535479140485,-0.746208433636565,-0.722137427010764,-0.667097743462973,-0.601882511225008,-0.493116437143377,-0.359312716005994,-0.210058636612492,-0.0557381473264714,0.105407075433952,0.271699104173706,0.422700590681267,0.567024712164428,0.677010911606681,0.759294654021059,0.826898184190677,0.836735443678297,0.817442904385183,0.760070972677043,0.68550740687613,0.562577457388987,0.433238456241061,0.284623270426411,0.108174884855154,-0.0615051618698909,-0.216301762717656,-0.377783829246018,-0.528421212622512,-0.634070886252918,-0.707086872440426,-0.765806034540887,-0.78787560371527,-0.769146692421333,-0.717218207767919,-0.625582748227986,-0.517802407460517,-0.382228854235858,-0.222208791159356,-0.0583597668459628,0.115078479154602,0.290820665518569,0.447059444746225,0.593124762454664,0.710554852571571,0.807495746180819,0.863549166607888,0.871721567133836,0.851261879286194,0.807469438545119,0.708569105678869,0.596191859438073,0.45488182923581,0.288862777727003,0.123787006776781,-0.0637853064363563,-0.238777700909912,-0.397068795762941,-0.535238018532313,-0.66211418180983,-0.75277269006556,-0.805124541461286,-0.835019090517726,-0.788515764545648,-0.760693688213176,-0.65613149675653,-0.539472019660556,-0.380140427085446,-0.236875952410381,-0.0663011057964418,0.108608387213307,0.300405553073485,0.465080191234286,0.606384023793892,0.733190949147791,0.82731691615028,0.887517829014255,0.915010871080232,0.889186560250736,0.828395979276321,0.734676230920702,0.616442458741451,0.471763626166459,0.307529652327204,0.119892207463958,-0.0786626220774581,-0.244703049455416,-0.409066025080015,-0.559141545434894,-0.674031541960274,-0.779637228428894,-0.824088551714112,-0.859271600967738,-0.836076463041525,-0.785134998501696,-0.688912022313517,-0.560130635729664,-0.411985979525626,-0.243836281539012,-0.0700069384886369,0.124180323117167,0.315993364689575,0.477533943178233,0.641561783387115,0.757961664333708,0.856218633083641,0.904273622110482,0.92831100648306,0.907406747589035,0.853621903930998,0.75715762894827,0.634175010413298,0.482413848222936,0.301124632636147,0.119573799182942,-0.0650002149353635,-0.239404375879224,-0.428994248169208,-0.572995732474896,-0.695434889247905,-0.804348160747054,-0.861148032124775,-0.880003098092387,-0.862506217860282,-0.796198198063975,-0.692858091971404,-0.572382232985342,-0.423163567788422,-0.245851383562251,-0.0705157655066013,0.119424952090605,0.32112099290062,0.490436443940715,0.640033545368754,0.765644952170229,0.86884754673579,0.919662872380266,0.950266895209818,0.93130586437302,0.859439552727085,0.777821102024218,0.640862097205786,0.478950064096208,0.303012299589242,0.123797669013176,-0.0646720302807927,-0.255154011064981,-0.435640170224374,-0.595296480443719,-0.715798457738509,-0.828186240355323,-0.868945985510091,-0.887123036237102,-0.873211056371855,-0.805366843318063,-0.724239846685941,-0.588550457881971,-0.43168351589539,-0.255658870217579,-0.0773601975444876,0.119929613032261,0.309537595307636,0.487040995616727,0.656936290116931,0.776707582843725,0.886766689221461,0.946050852767649,0.969491790901715,0.947114011165519,0.88711326843395,0.777759284438828,0.644872899526103,0.491105003918523,0.320175890130881,0.126845457303216,-0.063867752640047,-0.253727684044398,-0.443646464896519,-0.608159149124004,-0.723277796575155,-0.822931154038629,-0.890253541595401,-0.907658560973251,-0.888533956447095,-0.822631027539772,-0.730415295908631,-0.585524268261156,-0.44450808773818,-0.263288227295021,-0.0708462338008491,0.115713575482939,0.308392964304396,0.498156051077103,0.634990878003372,0.790793980144794,0.880533671807862,0.939676668637032,0.956622792736491,0.9322029520804,0.869763501711299,0.790914586336698,0.651691087667558,0.490245208358479,0.312040939839951,0.123897613709878,-0.0607062163817223,-0.259386090900548,-0.429353056000667,-0.5928034004918,-0.721545458750246,-0.830275685148749,-0.883198574448952,-0.913618923457334,-0.882669018780978,-0.835119659291334,-0.730961861076266,-0.598156106258746,-0.440647313357153,-0.256794173230946,-0.0710590769969683,0.117040461120879,0.316543310525717,0.495798809221413,0.66247132163068,0.781722671328405,0.869689815258876,0.930460918467043,0.951665015334597,0.930300379888408,0.886479091424749,0.787220068390383,0.658369485871293,0.493490522290566,0.312932151286896,0.119879012924599,-0.0748255562642476,-0.257830542539298,-0.442256492568732,-0.59340300510954,-0.734445537781749,-0.83398272383506,-0.890875897037774,-0.913488583535141,-0.882641699670056,-0.825020787352717,-0.720004915518548,-0.603318916224702,-0.425616759955376,-0.254917419715867,-0.0741421759176511,0.121865502405614,0.316648953678529,0.485401566254788,0.637509683293063,0.765504951164935,0.870742450677127,0.930734313783424,0.949519128348697,0.925069334438016,0.869718233585902,0.767486417296264,0.646139685853531,0.489308783981881,0.314881490825967,0.126304555919659,-0.0737135250300146,-0.253357257567801,-0.43262121315005,-0.595569516760439,-0.721443516375568,-0.813471977386399,-0.879210363042833,-0.897568869499127,-0.879397310091632,-0.815341480317049,-0.720040688796515,-0.595696532941087,-0.441403198814923,-0.256287677897431,-0.0693487396937274,0.127687574371866,0.307623083985135,0.475804367242745,0.629645576433214,0.74967417315613,0.846015516331875,0.909746418872927,0.93232933112682,0.911726319799318,0.856674736469571,0.744354079003098,0.634698162653767,0.48122055643969,0.318914221810388,0.118169937354193,-0.0635120671532143,-0.261764733485405,-0.428706507122155,-0.581675526863895,-0.704522086777724,-0.800967959879534,-0.861830208265015,-0.888506008827529,-0.867000187617,-0.798820809569128,-0.706994034949738,-0.587014681411829,-0.422645045973478,-0.258692515605748,-0.0649249234280301,0.108629653696597,0.303481626509979,0.469457113110328,0.609434150635364,0.734495642611457,0.820607988791078,0.890333064530116,0.90403573859754,0.891401159657184,0.835867007843015,0.737064378412984,0.617394144852533,0.45904226076958,0.293535971073762,0.118655934398232,-0.0638795255359279,-0.241092700920103,-0.42473707841356,-0.568449079508384,-0.681609158951587,-0.791875835287898,-0.834427638024938,-0.855288133182634,-0.829677540966851,-0.78763653107612,-0.679346216508783,-0.558803947340607,-0.407311910792939,-0.249481597155833,-0.0681812697138358,0.115023937802534,0.297012111681457,0.440312458644773,0.59653685643657,0.71138453050919,0.802227661105881,0.857295391880793,0.867453145560422,0.846700337513138,0.805408367356707,0.711041172533017,0.598247494185703,0.456954831593699,0.282897135089074,0.105455592072421,-0.0549393022745907,-0.233248484427464,-0.404242306784384,-0.539393991777563,-0.661987692444591,-0.757954544995314,-0.80282459497559,-0.82625761361067,-0.795283130279844,-0.747469472435469,-0.657675271915078,-0.541214301632465,-0.394233172630162,-0.23457862419402,-0.0654601304386901,0.116241957870747,0.285948344135021,0.427055822968318,0.559543987377738,0.689119433019113,0.774891680842535,0.811209618363869,0.842482344400659,0.827126466664429,0.775835904863135,0.686120977953487,0.567100412672668,0.434218401011111,0.276525746927595,0.116379017959404,-0.050594074000565,-0.226577835773249,-0.378459148584615,-0.515145874091736,-0.626999854220049,-0.713714623996032,-0.770844019114882,-0.780602584031942,-0.766755939616797,-0.72519394782489,-0.624483502508903,-0.514484085181889,-0.381804810014409,-0.225160213991416,-0.0622607536607307,0.11149460023029,0.267133646561623,0.410539254636306,0.546554424391723,0.651688094612481,0.727473086435994,0.774124740020307,0.783898864464439,0.780204296661698,0.729612104086258,0.650515525908656,0.540957251889748,0.410279016064398,0.264027733743565,0.108328369794322,-0.0537812334094914,-0.205630666351054,-0.358192664845582,-0.50109422337234,-0.591944431172056,-0.677037486502395,-0.721292833243403,-0.738097357117714,-0.724460624822834,-0.671548173969095,-0.606669919322099,-0.489405918456088,-0.365344742221509,-0.210510277883026,-0.0526109947722618,0.108083013679254,0.25477035739555,0.378051150311984,0.518455094495198,0.59644799052461,0.682866134574127,0.735550464674864,0.736282962123045,0.718712054700525,0.677163192329379,0.604132783034358,0.502017466372853,0.389725974806702,0.248515101246335,0.0956734444698832,-0.0563034759665723,-0.197671593273287,-0.339718076213134,-0.458143239082285,-0.545501573645942,-0.646407160730032,-0.687038114316613,-0.681924369133611,-0.682582584758608,-0.627163808015027,-0.555738125573264,-0.457326466794309,-0.330307401795367,-0.195548600550041,-0.043278748241493,0.0923390799075103,0.235268453238403,0.357517111219578,0.474556691312058,0.55684620828452,0.631575209121043,0.669654204022646,0.685419953912841,0.668271317980649,0.623036554155747,0.567143069094439,0.473784716690707,0.364994656701233,0.242113521247302,0.0956000155800746,-0.0465966930243271,-0.180996069930263,-0.308722669878806,-0.406943177548568,-0.520493890461103,-0.578742114118684,-0.623999313457144,-0.628672636784331,-0.615903792179472,-0.576128982905814,-0.517428146602795,-0.419918069829891,-0.305254828924711,-0.165125687425188,-0.0507177088876714,0.0960090759229261,0.220652095115542,0.32834582317858,0.433304356277486,0.523804800693488,0.57833544053589,0.620650862396976,0.622461578240284,0.622389521993532,0.564239833314584,0.509224963903471,0.418265631255455,0.327043117416736,0.213407248336755,0.0819804612053029,-0.0363747160931806,-0.165040239745123,-0.274763034039712,-0.381121724213,-0.454823960766326,-0.526607779238797,-0.56651848611579,-0.568733894158921,-0.563948601260944,-0.525072030569297,-0.465616981833948,-0.368587336224543,-0.288852331670863,-0.151212403106955,-0.041361073019274,0.079774638887823,0.195210378507199,0.294523154490099,0.385239848539823,0.470658545384153,0.508135247410132,0.551716469131829,0.566339425453544,0.546323328299488,0.52522973638509,0.465687986018648,0.368456825497211,0.293146069561424,0.19423832695191,0.080702504023941,-0.0416590064996637,-0.128450097787404,-0.24024194560106,-0.336348733613123,-0.414903130634035,-0.467754361004001,-0.505459017894098,-0.507317426137184,-0.502751529064411,-0.466502190160352,-0.402690572017332,-0.330831980400609,-0.249760749394164,-0.15887096253651,-0.026276797426303,0.0683789193096645,0.163449968348993,0.264228179549726,0.348968065724825,0.406157635900501,0.447532684760168,0.480282913081017,0.503133225361223,0.475816573023305,0.447959603240439,0.413715253398971,0.345544249046263,0.252805301957046,0.167236726474086,0.0773701244772418,-0.0301360654568654,-0.118150968944657,-0.212668814000666,-0.280949476851763,-0.357722411649923,-0.40235741712117,-0.435866640892557,-0.44168489155205,-0.433737302144629,-0.403116266077539,-0.351894161477502,-0.282619867832095,-0.208293755031904,-0.112149797819698,-0.0209469602797835,0.0671825767554828,0.151759140187314,0.223592073346474,0.297041552385001,0.346554875393672,0.394872366783689,0.403617124605509,0.414486989238151,0.422364507628533,0.394446119255801,0.342462393046871,0.288410946178938,0.219646074418688,0.151957876969602,0.062615792825479,-0.0198015311276217,-0.0958269804719351,-0.165478710031784,-0.243557251161844,-0.293661632696447,-0.334127019938409,-0.367460997019821,-0.376625569713636,-0.35186875035191,-0.330026778904539,-0.297677957360008,-0.242127844920074,-0.174517981416951,-0.102222868323097,-0.0132178269636654,0.064914496587476,0.118452033368098,0.180138905069998,0.247691013819912,0.269805489462359,0.320724778021272,0.33864333620473,0.347080980785539,0.344599427261409,0.328787780239338,0.292390572121117,0.236713332776953,0.188713491912723,0.127864287094514,0.0601773431424464,-0.0128511948697361,-0.0718634838381055,-0.13507607460542,-0.183428176311414,-0.235935567621729,-0.262284209250471,-0.289780088362358,-0.292543044952018,-0.294870789399757,-0.256674618772685,-0.238556811451515,-0.186096760678087,-0.137172811296962,-0.071625239471268,-0.00917994757172985,0.0416015290105353,0.0976288050013263,0.147420178843422,0.194765833013564,0.219194052749487,0.258798620593594,0.269212597617233,0.270404251962748,0.264506627979349,0.241180940255613,0.226112896865682,0.188479368203836,0.152050980454259,0.0928707081699513,0.0495904338457472,-0.0110911968884863,-0.0451826170962988,-0.0852779168377343,-0.139354522448809,-0.166316367410343,-0.197421450078402,-0.215238251347116,-0.209334667459549,-0.205976104667461,-0.202996669056246,-0.174294581793646,-0.13297985007561,-0.0911892895132839,-0.043383126813343,0.000209618570996435,0.0443497149384366,0.0702745416446099,0.104013905164908,0.137643472942368,0.155456053686567,0.169912715563525,0.188044325814974,0.191351268177255,0.184906600088191,0.180935708769132,0.153655355365729,0.126737998636042,0.0994851874888069,0.0749618610608766,0.0423266819470926,0.0143126090489391,-0.0211084502277437,-0.0633131521876805,-0.0785990892813933,-0.0993703969014541,-0.13021799505983,-0.122853168989072,-0.141331135819374,-0.14655574841976,-0.129807153475883,-0.110194631160433,-0.085869798533658,-0.0604396377949671,-0.0285578556660351,-0.00308289434856517,0.0417509556379059,0.0497013070261602,0.0561904026744628,0.0841002043420756,0.0933470216969402,0.105760680816216,0.0998301409064808,0.111121774300105,0.103670274513375,0.0977377505193279,0.0906526280749101,0.0760566963169226,0.0730799841606155,0.047161322983212,0.0340609513550436,0.0239325253717118,-0.00809351758028526,-0.00861459153713787,-0.025845779295947,-0.0386524899704565,-0.0492734286631167,-0.0491087104234702,-0.0588162089347579,-0.0580082668950226,-0.0465769450639201,-0.0356318784199611,-0.0325178051709929,-0.010109124854854,-0.00761862305503504,0.0219281038649649,0.0276093415482622,0.0223676044713369,0.0254023558208205,0.0284420183195047,0.0326960988665467,0.032644147641692,0.0162461091641129,0.0307659855455504,0.017073582181789,0.0218620673242546,0.0248624191659541,0.0304660650601296,0.0228709090218963,0.0300257580031055,0.0245954618338785,0.0297878652902649,0.0273785381901819,0.0316680491144487,0.0245797262069463,0.0242452668426372,0.019856438289812,0.0265767026790138,0.022995248072237,0.0244435952141076,0.0234218509401176,0.0304231045211656,0.0266457002327013,0.0263218481615873,0.032005591163836,0.0357158460285576,0.018465387495523,0.961077768215341,0.955167434865229,0.906272163671521,0.838281157961401,0.713340293122032,0.574392382592932,0.389157456914448,0.221461495356174,0.0255926210460177,-0.161708777852473,-0.355852170919648,-0.530433011649005,-0.666677266102869,-0.780481290232597,-0.863361840411316,-0.908407067880193,-0.911554239580061,-0.858608678017234,-0.787460657562271,-0.670681446711499,-0.529621407622358,-0.347191478742127,-0.166759511357777,0.0265888456253661,0.217839550325699,0.41726063063522,0.568429779389596,0.719009212790026,0.846398443320753,0.920311802089594,0.960272795031677,0.961630378403443,0.917463438507629,0.842721090211913,0.715715335913528,0.572393370115237,0.416282525121246,0.2215464070139,0.0261479814902188,-0.171946520516719,-0.351427409995729,-0.533005388889596,-0.669965503488938,-0.777775354837732,-0.866853332422176,-0.910734850507631,-0.898297120795012,-0.871775422437184,-0.778559968080207,-0.6744284026478,-0.521906150909835,-0.35320783384842,-0.171253814955471,0.0339923469522825,0.226933911346618,0.401111008593138,0.580677150771175,0.728820242564046,0.83388762978763,0.917269244842735,0.96085100019529,0.958439824335967,0.91737146157639,0.839602819046381,0.718254367343653,0.583651195408493,0.415151188714231,0.219886427489176,0.023211429752763,-0.162867304752705,-0.348267611031753,-0.526331274002112,-0.676498955022939,-0.79191691789281,-0.866270834397795,-0.905292898952029,-0.905552225831844,-0.863502308866508,-0.783434507987103,-0.671489048044905,-0.530102018217355,-0.366284504576449,-0.163740451528566,0.0260167338095008,0.223080458251826,0.403719606088249,0.568325780050103,0.71837089979917,0.835912737626928,0.922307951743544,0.95521914599496,0.951194074674898,0.905245700530751,0.841631969213375,0.722987503534555,0.575724740573714,0.405170146621174,0.209672673354666,0.0190728509019875,-0.164073380366804,-0.354096619892326,-0.521215174829917,-0.676978023221101,-0.785202872356594,-0.865996527594265,-0.905817352262676,-0.898970028195126,-0.877775925712577,-0.790078447712391,-0.663002089025205,-0.525322525354596,-0.346734045394426,-0.167275460987736,0.0246198633387174,0.205203395414238,0.410285581028339,0.580412678616862,0.716505403025622,0.834973917782448,0.918688206320447,0.960896529837765,0.945047315747862,0.907228592279821,0.836030177818525,0.711471542140211,0.577811174011749,0.410832088397128,0.224510872741919,0.0348024077658007,-0.161767057295218,-0.356319982257139,-0.529679790158034,-0.667348748609134,-0.78045745728165,-0.872915082877213,-0.906678919750816,-0.898526399778385,-0.86563480662098,-0.778139637794145,-0.668660554600609,-0.527980513851945,-0.355813431958218,-0.159593363742532,0.0280807572727596,0.21974369478809,0.405865560497042,0.564381785017547,0.733656147128288,0.83484568379416,0.904144920641451,0.951638302814467,0.959159499681602,0.910250849733633,0.841954317970865,0.719376450139267,0.584356631504412,0.408910014907683,0.232537564180174,0.0236213693295926,-0.168187169499431,-0.353958071508478,-0.520169334390506,-0.665731119171944,-0.796417791063105,-0.873263633791331,-0.910497395978822,-0.908765693206365,-0.872047105489452,-0.790900668383157,-0.667642098851014,-0.517430604855512,-0.353397399124712,-0.167580070062817,0.0279447474402117,0.224671682958327,0.406311513534265,0.57789419515459,0.72456314659973,0.831220188677238,0.92030261378065,0.957816117421232,0.946175188286723,0.910237514167618,0.832675881186743,0.728964144363495,0.579695184135356,0.410860702002464,0.22002719181063,0.0280080937167293,-0.165375365000872,-0.361906581127576,-0.518147820541232,-0.669531959019059,-0.78945131374227,-0.867386617883168,-0.905430264853382,-0.907715132717842,-0.883451714971598,-0.802325905971868,-0.673808813667961,-0.516611534620979,-0.359792317779765,-0.162333244561657,0.0233320166885918,0.220982681362919,0.407180222176278,0.575920474373716,0.713560597804631,0.836529482911945,0.921916629431011,0.952240641972498,0.952750498727004,0.918343769727832,0.834588983601227,0.72896014677199,0.577676389345287,0.416952462435789,0.220173481216546,0.0264340871784813,-0.165586666973502,-0.35008668768582,-0.530458268927567,-0.674780999490223,-0.79364455000478,-0.8594742221335,-0.910011954844162,-0.896332627402899,-0.868889797796629,-0.79040750052986,-0.667761905196215,-0.521223481607891,-0.359618854386002,-0.167042552838836,0.0287903055735779,0.215031726288931,0.408196763267767,0.576688507188799,0.716492572206351,0.82960258376301,0.912229756086276,0.960866737192523,0.965371377858432,0.918933127577373,0.840196830282976,0.723947212296971,0.573820675297667,0.404832626682166,0.218045251971756,0.020416826268166,-0.165443526206902,-0.355151477561691,-0.517699262914627,-0.671502504471511,-0.79431323486096,-0.870290163414195,-0.901378402112217,-0.908451102803592,-0.867784484044032,-0.782821185071024,-0.673888312168253,-0.518631189787124,-0.354897378382242,-0.182342609019567,0.0275153035630571,0.21674076228331,0.411648455041199,0.580033427589761,0.71993260760042,0.830095950729575,0.921607311730824,0.951294020889754,0.958978159113546,0.914431789040452,0.837537589646908,0.718583490539856,0.569556256763314,0.408765256041794,0.232138719658765,0.0242716006425844,-0.165454406774454,-0.358428214604071,-0.515491108282028,-0.673867188540721,-0.784264302647709,-0.873180639877109,-0.901962991286212,-0.89844574004903,-0.856884202220706,-0.78265761709514,-0.659269844696397,-0.524264681576132,-0.352533183735285,-0.155765627506318,0.031388918980853,0.220952424312922,0.407295216854662,0.580016285329181,0.730426701663282,0.844777819893465,0.92340089562439,0.956316958874573,0.957667800814514,0.912040448584397,0.837618658147939,0.724433114064065,0.579418894002491,0.39848537214629,0.214432688480803,0.0223181360484264,-0.18151344633641,-0.360664557441441,-0.530946150497323,-0.672486171844812,-0.793237998138301,-0.865159808559015,-0.905223787203609,-0.908675322129403,-0.860371859926921,-0.791154119118393,-0.680570040088202,-0.516417150559722,-0.359880766923168,-0.175860806360571,0.0242280193477128,0.22535551440961,0.415186041545028,0.576435896487758,0.722110847106108,0.843354896273179,0.904552481488762,0.951046532152591,0.958862566291862,0.92092525718536,0.840775032527367,0.734469781486937,0.579328358783868,0.410288237777323,0.219150708516828,0.0250190061871889,-0.158415427550026,-0.355801412875224,-0.520153126100557,-0.66252420414262,-0.791015501121385,-0.877035708456693,-0.900393388987469,-0.91056408944856,-0.848875034745219,-0.795078995740041,-0.66736262832519,-0.526835996956918,-0.355157885186829,-0.162058470302325,0.016580745957718,0.2259281967876,0.411754402433223,0.569222816883105,0.734371320813207,0.84632306643906,0.915629411326424,0.947883643411259,0.958607654898889,0.909749469790606,0.834220216113397,0.724942656845568,0.574081240541438,0.39851881338564,0.232226476514784,0.0268789463259783,-0.166604996494992,-0.349623589530265,-0.520236680304884,-0.666562719666179,-0.782106796544078,-0.863870204031091,-0.901479999026628,-0.914676827928087,-0.862509334285896,-0.789922540916932,-0.670430845976932,-0.534347969528418,-0.357743355013929,-0.158761435180787,0.0332016806741362,0.220555192725065,0.395479880297265,0.575621792343943,0.718680460711896,0.839864738285238,0.918355322617312,0.958719321936676,0.949816265500281,0.919282336319639,0.844541208797764,0.721274415213071,0.587222299062378,0.409919782108268,0.22411683052847,0.0316973767225048,-0.165622003940702,-0.360338715540802,-0.522597236986522,-0.662601741934212,-0.799005516964243,-0.867069530438052,-0.899595307592418,-0.902301320563465,-0.857393947837654,-0.792798389364407,-0.669049897805889,-0.528391793409188,-0.355926593378991,-0.178802491525404,0.0279480408700354,0.225562654270847,0.40516242657789,0.586596144384089,0.720729731221639,0.836813783422135,0.912731525460507,0.958689103200563,0.958038646655657,0.909217587334523,0.841273020181249,0.7101232135904,0.581060434634562,0.416466966625727,0.214940935360356,0.0253507403239864,-0.155831151169956,-0.348081804654733,-0.530246921271501,-0.668438067071119,-0.784052843891475,-0.870229407718126,-0.904625759049223,-0.89244908981718,-0.861791345528713,-0.782580582644504,-0.669173135895706,-0.5281713929208,-0.344049168179342,-0.167935941111134,0.0189413809015688,0.225513886538063,0.408009678272305,0.569357721892645,0.7190638870394,0.836062074546863,0.916786020057208,0.966441109631901,0.955984391789585,0.917380762553574,0.833863540076155,0.720103633600954,0.570948430158159,0.41359137024957,0.215120786843696,0.0263829578398355,-0.168659916972945,-0.357225219976291,-0.523201378994696,-0.67557549412277,-0.784218974297252,-0.863723684389286,-0.915786344953559,-0.909305885538029,-0.856408415196928,-0.791229853311612,-0.662604260941222,-0.52167513368266,-0.358100073786727,-0.172931625527941,0.0225714975593751,0.222667757808158,0.400449979981889,0.572447380889675,0.716500351240939,0.839119737648502,0.920727115150093,0.959429514670628,0.961721506705077,0.926745920235665,0.835829637335167,0.720218405386501,0.587655862126933,0.424933437862195,0.218225096499362,0.0199961137625615,-0.173533428032609,-0.358659763394171,-0.515932837067352,-0.6704270265608,-0.792290416533947,-0.868567045771865,-0.90175884921173,-0.911742813062084,-0.864680728311127,-0.784422046181424,-0.678332041342018,-0.519394900677968,-0.353892455529437,-0.167029703735152,0.0285809610995112,0.21764373774543,0.406428958040478,0.579591205495207,0.732427339339274,0.842982969252875,0.914261525984877,0.968588825795665,0.956996385596391,0.905086415115812,0.844806340120707,0.727850409308866,0.565210282386787,0.412748264170876,0.22431487767825,0.0323573603967209,-0.174511372385684,-0.358412225542692,-0.514716294371258,-0.674516060817112,-0.790143167032954,-0.858262474557495,-0.90686153130983,-0.898421422894495,-0.86248328056129,-0.791808593984551,-0.669842894587661,-0.521152985169225,-0.349849979567188,-0.16357951464938,0.0344996364629019,0.217164896415701,0.402631156854113,0.569470383643266,0.734394075757395,0.840997347160582,0.919401683471884,0.957345440920294,0.963463395951291,0.926134116267269,0.839821629101956,0.719045907724526,0.575323732483558,0.401766682401465,0.221276434868306,0.0268121948534094,-0.17460072799415,-0.356763913437482,-0.523333632710947,-0.665634122419868,-0.776690238085536,-0.85665855996598,-0.908844115226174,-0.908352640016406,-0.865820370243871,-0.782087296412066,-0.674182897537936,-0.525857920510095,-0.356968132564409,-0.17167505612072,0.026529976384238,0.218733294787074,0.413713554403971,0.584842922928858,0.722849159159208,0.832871208710894,0.905177028431715,0.950063211634226,0.955620404531543,0.909025793939298,0.836681039672296,0.726634634968514,0.568769221606281,0.407071580749249,0.227165962639275,0.0355055653634414,-0.182503808703388,-0.35615854478523,-0.529929946704563,-0.664985002690508,-0.788782136580674,-0.857982967940475,-0.900780126076,-0.912863442513008,-0.858435154907852,-0.7814687308463,-0.680885546581234,-0.519232464579515,-0.359723903308966,-0.169112760661528,0.0332992535410571,0.230840864644637,0.395886668321216,0.58086027963264,0.727130743393462,0.83184561313559,0.914218529562545,0.953331572969819,0.960737608114455,0.914789808767863,0.830598104386,0.723847217180375,0.583586913703171,0.39997832073955,0.230122639410019,0.0146488284436161,-0.175779788414583,-0.354525639132929,-0.535233975083189,-0.668826387259681,-0.784019720298205,-0.866050457791957,-0.89062460732537,-0.908212668913417,-0.858614057720167,-0.785946156209054,-0.67307073278711,-0.522928840211593,-0.351846430991625,-0.162384491171373,0.0207343867217511,0.219374744897225,0.404635970228643,0.562999167134513,0.726938526023316,0.832501840423702,0.914615720579157,0.954039256056073,0.953610144197653,0.920501694322391,0.828825080535273,0.721929459055766,0.584136620514447,0.409710880682362,0.225316007992787,0.0279400628558112,-0.162230559939347,-0.344731147180612,-0.527859589446592,-0.668938073400527,-0.784207579365171,-0.859708971678251,-0.911283590890531,-0.910463580250842,-0.86539070990567,-0.784426776774638,-0.672858570580347,-0.518470139995298,-0.358579121943186,-0.168700962205995,0.0229269894018746,0.223151650083063,0.415761711257511,0.564420961301492,0.716727307826927,0.842004913779844,0.918409824406693,0.959139672002518,0.956874080536881,0.914971753157808,0.829868628973366,0.724169653052433,0.584908459273069,0.398799569654064,0.219372007061345,0.0334041805134573,-0.179211728250897,-0.351128449860882,-0.53359228626997,-0.675612286044904,-0.77691504555532,-0.864215629483814,-0.900822099891961,-0.902867560459761,-0.864700213708023,-0.782099059419588,-0.668335880245006,-0.518574797451725,-0.352060755870285,-0.161140156823443,0.0242910765039992,0.218273804111865,0.404846210744713,0.583369316748873,0.722228435581981,0.832780965625491,0.918560700679667,0.951799953821861,0.961420568320061,0.908623848705836,0.839019411150693,0.72496658539055,0.578594387350489,0.401071123373661,0.22492414205385,0.02915218069366,-0.16643411562667,-0.345591558532377,-0.523317270743942,-0.679393469383708,-0.780180782161459,-0.864513144738881,-0.901470373811729,-0.903810276407961,-0.859400650897766,-0.776450113388567,-0.663211464873752,-0.525201651494709,-0.351331102970693,-0.164238137504021,0.0244391995713264,0.221066025423871,0.411162712380842,0.576700847411933,0.719933362381839,0.844681287707847,0.933783207481981,0.956721847531098,0.959719536480929,0.915180059694737,0.837536084216516,0.718049981328436,0.578611632800749,0.409528027116697,0.227643033522154,0.0208599542970061,-0.165782321069561,-0.353965383309997,-0.531478178706909,-0.665527143033027,-0.774582201779875,-0.873663237073877,-0.90826032200463,-0.907112119746543,-0.875837389829159,-0.796948813667231,-0.666707687390885,-0.526215161398099,-0.350053187519354,-0.173829869051819,0.0219855610396209,0.219282735690449,0.407110071626462,0.581139709624441,0.724270357614357,0.841553918473553,0.916851331364631,0.961799955533412,0.953204294984086,0.914714581408784,0.853099871044624,0.718123552409236,0.584865029934536,0.414158733571079,0.225388417069253,0.0245271942212182,-0.166229734568635,-0.359150954204556,-0.518315948575895,-0.675447581840415,-0.786394794000881,-0.865942388202463,-0.899123091610108,-0.91071910959861,-0.861090161815353,-0.788957226191424,-0.670305706322595,-0.520889748090946,-0.349998986597011,-0.164025321386343,0.0301434376173039,0.222398518807432,0.404384903247628,0.58471326937085,0.721115570726642,0.84049777266957,0.913264454087792,0.958852143837029,0.961084365496354,0.920540047653612,0.835837138054595,0.728408387828224,0.579219498113802,0.414898870926058,0.213692228595173,0.0282577052160715,-0.170445357878119,-0.35771509311086,-0.529659219977237,-0.681751989543908,-0.786677872488156,-0.854987363648672,-0.909307535553341,-0.901349283222121,-0.868154211918171,-0.78587578937718,-0.671259202529175,-0.527579518514382,-0.349604535086901,-0.162077292088938,0.021791968244098,0.226765649175768,0.414407270831898,0.57376539165519,0.712975538089038,0.839242475192823,0.924788382310749,0.964238230069598,0.961135346668942,0.912027098115905,0.840938489654425,0.728422760638007,0.585426360651055,0.399909844036159,0.22346202925313,0.0264098056433482,-0.161687043511382,-0.343725265830052,-0.5279203189662,-0.665519725458765,-0.781055009115137,-0.866008706367565,-0.907680265278237,-0.902224661509689,-0.859182316691922,-0.78643232385976,-0.662876994369163,-0.522126220594812,-0.351456086202257,-0.174434868119525,0.0381056563107932,0.232689248445146,0.403631270670794,0.573571642768264,0.723064860205099,0.826956098155836,0.922599097713595,0.958589845520233,0.962607739964433,0.922519195568769,0.841151772795604,0.716614124667773,0.579818122872859,0.402677846937129,0.216077383162722,0.0222841192196889,-0.174105835805467,-0.357289874300871,-0.513781014812579,-0.679669995627151,-0.786949529326219,-0.864597007303354,-0.903386744502723,-0.903973572575512,-0.868760253972406,-0.783428110579801,-0.674584346611528,-0.530782471576224,-0.353217563059131,-0.181496343319637,0.023657290198197,0.229318327295006,0.414156285848505,0.572784066737555,0.716339781539531,0.831426658867366,0.917950223900427,0.952482294712383,0.970366937725344,0.915128654486162,0.833415831853889,0.725769316255973,0.586241737372326,0.413193572081389,0.214193099588597,0.0241536846951602,-0.175352855134302,-0.351659828580804,-0.535655691645178,-0.672930043323292,-0.78360643573274,-0.86255871802747,-0.907117178832362,-0.902007099508077,-0.866222958216229,-0.781339719112517,-0.669442870793001,-0.521756843581826,-0.353885885815266,-0.176979197010461,0.0340648991700109,0.215283713508515,0.404036543379269,0.57471662910525,0.719781336027314,0.830792259837579,0.911268158797,0.966028843111701,0.947486341326414,0.923040754092482,0.824904385083823,0.721620571462276,0.571590808902977,0.411649341758305,0.222116645186767,0.0299130010470599,-0.160846979516494,-0.349469068548637,-0.532608861487347,-0.666257077226633,-0.788126280723734,-0.86874567523239,-0.913686388174773,-0.894184738670362,-0.860329359772927,-0.78539048052127,-0.660886043425321,-0.52875000034853,-0.354177672560481,-0.172259332058242,0.0300536018608052,0.227379524316002,0.391297079018848,0.577200368029089,0.724823989211795,0.836978664599943,0.924313407309995,0.95884864176903,0.953945294426485,0.908554948933054,0.840804139138503,0.719429991183935,0.575911592423274,0.407784034079426,0.213835700989036,0.0338879780807433,-0.169982626735155,-0.366629973859435,-0.525057381802586,-0.667250933797316,-0.784164830353714,-0.863229092119333,-0.902147432391181,-0.911844646581423,-0.85578863319399,-0.780247053276031,-0.672752173150188,-0.523544270137954,-0.350691690645983,-0.166464017137967,0.0329260413844158,0.219693083303233,0.405607420537269,0.575066625820052,0.721137495609818,0.845928150467434,0.920139226613855,0.962329752314326,0.963274189585901,0.911793793861475,0.842826657181335,0.709980364637457,0.570761973661808,0.406017750255731,0.218955086163339,0.0112434188448586,-0.168289101017519,-0.357855711708962,-0.51611063099475,-0.665986531348262,-0.784047854486621,-0.869058201847025,-0.921000159877265,-0.901338584386271,-0.86623512211561,-0.784697125445754,-0.671677780867033,-0.525329487840113,-0.361986493108655,-0.175246730935229,0.0335422157123061,0.215180594468384,0.411286395559077,0.583882543927556,0.714762821182772,0.835048124847565,0.917189842136494,0.961058576692849,0.949360556268245,0.926945113303951,0.842854217042224,0.727824766339069,0.571330696941175,0.404116861200272,0.221947640495503,0.0388562111813749,-0.171170817842625,-0.356248850996956,-0.532253932413557,-0.664593570648347,-0.785099220238489,-0.857002706636813,-0.896082361803559,-0.905160216968783,-0.867391305351678,-0.794402703261618,-0.673654793215473,-0.529579551015199,-0.347138107375826,-0.172635280485566,0.0343766031822243,0.216979416304206,0.40494156827943,0.564300875105387,0.718198065590571,0.851841562745065,0.922972490287599,0.955604068231559,0.964714974421452,0.929576370065162,0.835357150476716,0.722484555906074,0.582694413271564,0.395142789117723,0.217360977745643,0.0270719320270515,-0.179791990542399,-0.345502801578413,-0.524618424933886,-0.664064182158175,-0.783207732078879,-0.868554669783699,-0.907597100646163,-0.906709099009905,-0.861036814323763,-0.788797256249293,-0.661791066373445,-0.531633389758233,-0.362736728181684,-0.17175143233824,0.0176415311962545,0.221334241805821,0.410292873104397,0.578921990637271,0.728489773714935,0.834907437533841,0.913674257387672,0.953998354588452,0.961317686866241,0.925940528855552,0.83284239006437,0.731733995031687,0.575751127491205,0.394468346802386,0.22118532403483,0.0212477718617842,-0.174638697035477,-0.351087211519895,-0.523625006440074,-0.664340121892122,-0.791063180227331,-0.867892155923783,-0.894575058906203,-0.899395121589804,-0.860997296339511,-0.786012335706475,-0.672813388967093,-0.518501386326366,-0.34736325181999,-0.170701918050865,0.023552806040739,0.220591892406617,0.406027880104454,0.578012226492567,0.725503594003601,0.836100445913854,0.920064727184684,0.95690946834041,0.952564257842905,0.920743103444676,0.844953807315223,0.721066602990805,0.569442377939197,0.415717798303169,0.2314345456673,0.0255090723774251,-0.176472642264367,-0.348628967172087,-0.521041786371472,-0.666833323697803,-0.791273646071709,-0.865146756524784,-0.899279881422345,-0.906989945823413,-0.870320224444331,-0.782022578632017,-0.666359316279334,-0.524642547292245,-0.352936958054298,-0.164549345120209,0.0321906650437208,0.219819240651811,0.405135799812706,0.579971517174217,0.725978592760967,0.837070982565003,0.910350201193506,0.948165991860611,-0.913695220113164,0.03229612138116,0.129176124909332,0.314245075556936,0.492844794374207,0.644912471421303,0.782959673748437,0.875669179144256,0.935895436177975,0.954897782336656,0.942435016322622,0.892183101134035,0.783318067322189,0.649200409605497,0.486491599873247,0.317393822986979,0.123483779962847,-0.0918348559559398,-0.281033924775888,-0.439477570906528,-0.589518322850331,-0.735581468415823,-0.84242409463693,-0.895389062215752,-0.907474096257286,-0.885706291108809,-0.826265497695381,-0.728001730700369,-0.599870807055468,-0.437524507379371,-0.260600310988156,-0.07151705420131,0.120084411027307,0.322256735560549,0.50103364423364,0.661065663466752,0.786374414220436,0.887031192607523,0.940210095638159,0.952093498919519,0.936484059961877,0.870515616188882,0.791760924370141,0.65002958883661,0.499370104341847,0.323897164616994,0.116117414519598,-0.0671648025511166,-0.268293873707934,-0.43928957665511,-0.596702424879826,-0.732035185981151,-0.8212348713046,-0.880151930040263,-0.912056493000993,-0.89024002656964,-0.827758804092886,-0.728482419969948,-0.593561335998824,-0.438580985576023,-0.254991994206426,-0.0754339691869921,0.12248638932497,0.307413470982467,0.484665795791169,0.641679532029429,0.781592388009491,0.862519584166405,0.93445169926277,0.943746117030284,0.936570094558473,0.870190169557996,0.779167655530385,0.654801213584099,0.487097959897631,0.299631121753633,0.115418706485614,-0.0662682058963883,-0.261794896256895,-0.431491958498031,-0.587041812791402,-0.717282859812693,-0.816059303606751,-0.882733702543183,-0.905257214480517,-0.869376558724383,-0.812515724102196,-0.726373095013538,-0.589573493840462,-0.431533647772034,-0.25316556335629,-0.0714197822928054,0.111518396306777,0.309196001283496,0.475090471522371,0.631267977891539,0.754998864448878,0.859109721361389,0.912081458120832,0.92981897113926,0.908262273234137,0.849084143572223,0.765439322787544,0.632464699700282,0.485053103982373,0.303340500492354,0.12414163774202,-0.0674925472641026,-0.254013751207143,-0.424876054525187,-0.584179155363948,-0.711435804673041,-0.810877386946299,-0.851116550673077,-0.877547961741744,-0.860787236748574,-0.787231579224982,-0.70720405606509,-0.567856513246761,-0.436605008879424,-0.252126589670869,-0.0661075223328232,0.109230368210029,0.303651639699334,0.464776257976257,0.614411881270527,0.745010238012756,0.832637570937535,0.877027896587044,0.906322181756938,0.888817390385547,0.825980402880022,0.737094455764083,0.616410107605633,0.46468849434852,0.303688974461597,0.107688715554742,-0.0671334775674996,-0.249595931153289,-0.419415367279109,-0.563547197147126,-0.687728511591821,-0.774347503711598,-0.823340809849435,-0.851212230341294,-0.833855250365391,-0.772064382230951,-0.687680257527662,-0.567257912557691,-0.405443260971082,-0.248401263280257,-0.0641200783848659,0.118060650523492,0.298448087640183,0.447955679529171,0.598738262811029,0.723263854518792,0.812614389045765,0.850903898204456,0.867211987058471,0.859199638210123,0.800405391008266,0.706944376789334,0.598871239478559,0.443645744729266,0.283394158830625,0.111297686367281,-0.0639426959424807,-0.240352998883125,-0.401325881166269,-0.540097842318258,-0.656854241236476,-0.755035536250234,-0.795737384635833,-0.821316212956603,-0.805556261876396,-0.756775941017305,-0.660529051170396,-0.540546238412473,-0.398763282637753,-0.236595317919427,-0.0722211984722864,0.108214532353674,0.269485135269772,0.428065089658624,0.560191102454434,0.668230470129417,0.760635140201366,0.815430302948629,0.826837143989781,0.816178495168804,0.779181018582532,0.691534307262885,0.558388251944415,0.438912536872737,0.279424009835349,0.105618937631334,-0.061792997641566,-0.233229099103796,-0.38555477916155,-0.512229433366147,-0.630536521825852,-0.711878415532387,-0.762635458968743,-0.783967460045512,-0.773905699613761,-0.715470731220591,-0.629562534117397,-0.514133477072621,-0.369442749370665,-0.221482292310543,-0.0648511394261695,0.106444564252194,0.262731404839398,0.391262865915092,0.538901273777873,0.64255817106277,0.739737312270162,0.773930470193701,0.788348369471835,0.778303263279967,0.721908762457075,0.64173013817906,0.545717741722464,0.408395340979299,0.261100233692363,0.108841325542077,-0.0638342166156915,-0.20772348752147,-0.353660284966455,-0.486762278694412,-0.585861429111362,-0.667679962327993,-0.716342615306564,-0.729719940100053,-0.734363855914576,-0.684151470094144,-0.596919107260242,-0.491329285126217,-0.348633016125995,-0.20711638768242,-0.0570536597159496,0.0979897477305385,0.244281146793206,0.38459677561632,0.516381918568227,0.603663092779572,0.688047539666532,0.728713363982014,0.745740609073955,0.717326269741891,0.683653021529145,0.608401848730511,0.515871675834322,0.380187301541135,0.248745037838966,0.107078113315277,-0.0530805677041633,-0.190450111061704,-0.321318110020235,-0.457409608122906,-0.551955724120276,-0.62126578777983,-0.673022392058077,-0.690385902672519,-0.678408611471365,-0.632032989154598,-0.560199549618314,-0.451384290066466,-0.332631593415918,-0.187089850249915,-0.052338100947952,0.104794643547424,0.224948788387259,0.357107309800076,0.460183136607683,0.563013778136161,0.635386734478053,0.663219267045746,0.693029585627118,0.678760479185519,0.630276107158597,0.55529467033444,0.470868972096802,0.365459915802765,0.227744798974337,0.0947435159730318,-0.0384165662040317,-0.176310019218842,-0.31175013722203,-0.413966952881924,-0.512195933836739,-0.579408211482607,-0.616010305621329,-0.643815184072562,-0.616763559022226,-0.579865730284195,-0.521439973342167,-0.406586799367282,-0.312082773519758,-0.189933860075524,-0.0369630552052076,0.0933361521289752,0.209117002347997,0.324958261303988,0.440287207860145,0.514023925522807,0.567995109594411,0.614517648360216,0.620450784494995,0.622524928263739,0.584385604619593,0.507839931861986,0.431526697505433,0.330012851570877,0.208725249235203,0.0910078741018545,-0.0329378710736225,-0.161291263983331,-0.279403987309239,-0.377806853766781,-0.449942607152582,-0.528108899583471,-0.562483041213587,-0.578505341874299,-0.568115488072808,-0.531252578450263,-0.466392270213768,-0.37491630443881,-0.263267656265559,-0.159467403415693,-0.03295663145258,0.0791592923071097,0.189426793720558,0.294293471563521,0.390228148416935,0.457018388449572,0.516338544130969,0.549121359954111,0.56446303843266,0.552764497645052,0.523396583105669,0.451306572292386,0.374617428518205,0.29909642840324,0.183865767419487,0.0791118038818962,-0.0280016671427462,-0.135197582587055,-0.233464067587477,-0.339552556955166,-0.409227131342138,-0.467411331475884,-0.501866679569148,-0.519487161950642,-0.505833600448598,-0.464161530892064,-0.406010677718177,-0.337760483550611,-0.254905995917434,-0.144849988421282,-0.0133872775493245,0.0721633913717264,0.166061061874227,0.272305019453672,0.338669696875791,0.394458379812236,0.456979987455914,0.500478379100888,0.485566868068708,0.485050430964603,0.446064529573405,0.402265290670826,0.338495983792864,0.256442672626337,0.159060933737838,0.0730278477654085,-0.0278775138911991,-0.115915091428264,-0.20724781893099,-0.290849554417622,-0.363944228809319,-0.403709917944299,-0.431092354972038,-0.452102548257326,-0.429593677834792,-0.402276357564137,-0.35278025652686,-0.277303527778685,-0.201622804697716,-0.121289130668478,-0.0221511954063032,0.0733411410212949,0.154171431576721,0.225676626926005,0.28536617885429,0.349254684595146,0.393647247581456,0.411954382688775,0.432709969760509,0.412127993557658,0.378600731372202,0.359402046798729,0.293204404009684,0.233521148483117,0.140277926525038,0.0681589782049944,-0.0154677900547357,-0.0953389210756605,-0.182846197307173,-0.23985103586576,-0.29392080376897,-0.340132916213679,-0.370254062492844,-0.374518616784664,-0.352132668029247,-0.341619729488875,-0.311606790616155,-0.234103831799311,-0.17156243456826,-0.106828739526804,-0.0242816878314137,0.0638533300335536,0.125147962293822,0.187111565989838,0.252149588454081,0.290445871350213,0.328121125860829,0.3410864326641,0.351892948692315,0.342729119508851,0.310189968597597,0.304078894157061,0.239504292678233,0.184175841058188,0.129000336279444,0.0677705091807474,-0.0125148378789106,-0.0791651311190024,-0.132268501214857,-0.189272447836405,-0.222388419957167,-0.266642807597281,-0.288167773870978,-0.290190759558623,-0.28848901150485,-0.258474911629178,-0.22395108730107,-0.180620966370436,-0.131801437575053,-0.0676282582363185,-0.0151584283430035,0.0477676076879034,0.104387285071275,0.154936937533403,0.178877881567028,0.217091831424152,0.243138642025827,0.26943820528668,0.266272577511423,0.272559111854488,0.24740046478747,0.22691237540537,0.1888342374723,0.145672821555954,0.0942606164139497,0.0551867213908207,0.0100424104972318,-0.0473680330301591,-0.098061200302843,-0.136233200555769,-0.17594581636277,-0.188585611420293,-0.210199905967445,-0.225649873657727,-0.209890473208321,-0.191143445031093,-0.173067340379133,-0.136337059540854,-0.0962982287569698,-0.0412059359067065,0.00792901858496238,0.0456448965915816,0.0827547320544233,0.111910488186693,0.143610680268096,0.154652149578178,0.161907114232136,0.186992374591512,0.192290817382992,0.185302388180289,0.180027227635188,0.151427821350497,0.133928848256874,0.106385538153724,0.079804110494839,0.0355971264953185,0.0123589229005451,-0.0274389532191662,-0.0572625283828461,-0.0871456760718804,-0.108135730269544,-0.117567973350307,-0.133884980983937,-0.135341824938968,-0.127614000335695,-0.122031248939975,-0.100361702530076,-0.0856991060303776,-0.0604022385364741,-0.0262157392875125,0.00767149244002631,0.0439933927861958,0.0566386898028994,0.0659230359935137,0.0780006468705333,0.0965085943882754,0.109779815312386,0.111460238516274,0.110231972602611,0.107874561557338,0.105196141230832,0.090442865066841,0.0693219885106046,0.0683360838477337,0.034700404181602,0.0351027938913623,0.0295742091082619,0.0131986201513941,-0.0153180094749249,-0.0270639487207898,-0.0416599975790068,-0.0547308114189512,-0.0490997817487226,-0.0534083399461875,-0.0562307026797386,-0.0518693976241385,-0.0344566388959782,-0.0241224387297128,-0.0188531017209933,-0.0103565985267938,0.0186351127154655,0.0389452479207172,0.0274636766291804,0.0328524823493538,0.0196149767763555,0.0214508553277717,0.0267923278547792,0.0154515091192088,0.0128124064866949,0.0270124247930544,0.0239418430256693,0.0300094350244061,0.0255559357628457,0.0267108209003133,0.0104324394976478,0.0293755818507287,0.0352019085237196,0.0312200464466457,0.0231819447178531,0.0339633246519953,0.0428669931182072,0.018088611667804,0.0218790983603543,0.0200633850380965,0.0303936725384409,0.0278332316338519,0.0293881127970217,0.0246038157942257,0.0261955175098417,0.021143322411135,0.0280920733764148,0.01603873737713,0.000440338380682198,-0.00439780591619418,-0.0354498826869384,-0.0396571415666554,-0.0472884637332702,-0.050032255861394,-0.0643112515425554,-0.0568870444822047,-0.0460378981944783,-0.0354435845655679,-0.0295467245333519,-0.013632343883586,0.000443595161418219,0.0216194233401155,0.0362856883358306,0.0607252416079404,0.0594778773750312,0.0701273391530264,0.103593406632323,0.106861229539217,0.101338858582608,0.116694762021606,0.10299741418014,0.0933429805340665,0.0930869725495526,0.072134011938491,0.0634983328735462,0.0544005291517672,0.035502791427722,9.0271005020303e-05,-0.0118387764115167,-0.0415578449593627,-0.0834117904708993,-0.108241203299391,-0.114210394389882,-0.12618776881744,-0.138033984843433,-0.141961460398132,-0.120492750198525,-0.10417525770906,-0.0750080210383318,-0.0583502416511899,-0.022498739940187,0.00877209597972014,0.0430240854918179,0.0828506079683282,0.109387711432817,0.13186615245098,0.164665265177474,0.176544379354366,0.180705536366496,0.179301230007275,0.181696736944061,0.176893925914873,0.161595182236992,0.132862172974711,0.104736485428654,0.0759113472077966,0.0387692139412381,0.00617832790384387,-0.054922510913138,-0.0894749673508326,-0.139622538563621,-0.177897898579544,-0.199005447984368,-0.212954380472394,-0.204861034249447,-0.221432029906854,-0.202516280867662,-0.165485603336909,-0.134143897869215,-0.0981324532455946,-0.0471022427997228,0.0028959217229459,0.0448178416269217,0.0974674033605635,0.141549996842984,0.188036924834577,0.221927072594816,0.235720603932173,0.271815589865218,0.271375617252888,0.257036611961689,0.251759329793333,0.229079049865941,0.184846018608219,0.150351715119918,0.102048906493077,0.057736762743787,-0.00825143695163025,-0.0716834461977958,-0.132748059332921,-0.190746753547438,-0.224971220969112,-0.266750513014573,-0.272955861670319,-0.293902321428399,-0.272613385871959,-0.257911634532559,-0.223420912985635,-0.18952914850243,-0.136546733751938,-0.0774961881023439,-0.0082421614431897,0.060512206605201,0.133218186308117,0.189202070165242,0.238696321882277,0.286388667113377,0.318092275440345,0.334423751481901,0.354705153328781,0.341677353321854,0.318706797816198,0.289336853534525,0.233566384509223,0.181010185244169,0.124473856751465,0.0617657171138325,-0.0146573046970069,-0.0911496092661121,-0.176541581296607,-0.234963730612673,-0.293874881042666,-0.343919262298767,-0.363269892332583,-0.380593442416449,-0.364474537330386,-0.322975848367432,-0.289268194002748,-0.232031087288564,-0.169197306121144,-0.0931547697249458,-0.0207647908677472,0.0798541527809723,0.140479105587858,0.218417822718854,0.293772786888616,0.350254371465851,0.389355913820179,0.415724398270086,0.420668614111237,0.401753390602109,0.388616388163562,0.345857192340721,0.285322174029695,0.228203745809566,0.144896137762351,0.0629245926687378,-0.0250806496653005,-0.126982154592599,-0.216622440753557,-0.28536174182975,-0.346967612023143,-0.400601106810995,-0.432617188859243,-0.43846301896886,-0.422709923133139,-0.395334871741144,-0.348659396181779,-0.299806980492766,-0.213002943160968,-0.119086883031165,-0.0196465447582407,0.0728384315973035,0.166831074681502,0.26007613240186,0.345156571450653,0.405066954491343,0.453569194474567,0.47994171843223,0.494676579338618,0.477844637370127,0.458903114636803,0.400184119535278,0.330171489830368,0.256915701984297,0.176866717340536,0.0811058254652745,-0.0332929608048337,-0.139299234355102,-0.239398224826146,-0.335111184888933,-0.408987435051713,-0.457127054451924,-0.506474310061529,-0.510743679019179,-0.495821485671842,-0.468858999676386,-0.410971388031833,-0.335056949009434,-0.233369239605469,-0.147870577127646,-0.0288333456922152,0.0832039000122071,0.199034512040754,0.297945616770141,0.392984403012733,0.464746937722295,0.509307999510166,0.552622076414097,0.554486054878156,0.545841929293501,0.508679406406958,0.466368232803107,0.394302787029285,0.285246168451993,0.191860340832852,0.0832879893189082,-0.0276907521397001,-0.166459339224054,-0.281905100463294,-0.373771127316811,-0.466298183687529,-0.510207545832856,-0.562660531086054,-0.577869084916933,-0.563784885109774,-0.52767933105313,-0.461013524833268,-0.370542670866795,-0.272204609089416,-0.171762672797184,-0.0467988490422949,0.0895974894311318,0.216303980653688,0.320038359381178,0.438380097279956,0.50970693043888,0.579632037748348,0.61642328807373,0.634060415530462,0.609746444673198,0.577476240125013,0.509937090434819,0.437387130988518,0.328030527036439,0.218066571053812,0.0980485613132973,-0.0455903534938939,-0.168469870880345,-0.300777228391948,-0.40415314645392,-0.503956289385641,-0.5805196463154,-0.630453394831011,-0.643847365512914,-0.615974683507224,-0.564517954496905,-0.514184562227558,-0.41693193750552,-0.312796256942936,-0.183322810955466,-0.0525419862359592,0.116541092101373,0.231422623517717,0.34852724545807,0.469665643234877,0.572052913858374,0.637490938386051,0.680632096705833,0.689142172910071,0.673012986424914,0.633872688734836,0.564813878153851,0.471433788990101,0.359248551298906,0.228134438314037,0.0868662750730991,-0.0540138416817084,-0.187087128283185,-0.331669707331304,-0.45541764550726,-0.561427418019893,-0.635143343518941,-0.672201742207827,-0.697746941839837,-0.672005818184851,-0.631132140830671,-0.561392672402363,-0.452065396738571,-0.321482844715901,-0.204134116773666,-0.0512632867531894,0.105857752899033,0.251411588125387,0.38174373141799,0.509785945539145,0.609714475740943,0.678985276490128,0.725178494923435,0.746331946996528,0.731112335849046,0.672682250583114,0.598826244861639,0.51465631855576,0.38504478908806,0.249763174294393,0.0988605238054171,-0.0554226294149606,-0.21698680707624,-0.350376928179123,-0.483252192254586,-0.595704022301365,-0.677351703902145,-0.733537663980173,-0.739671008920889,-0.734968272034952,-0.676978989779216,-0.597122854677298,-0.481379685150545,-0.354902671844218,-0.215998122421255,-0.0675177582383834,0.110785319814539,0.258208008756682,0.407900768287656,0.539588768189089,0.642782045161978,0.732967917568445,0.775781721333073,0.787399283282713,0.775914188348715,0.732875806178756,0.643859560598505,0.536316335968392,0.402054065798429,0.269838146428715,0.103413935402855,-0.0605068178372213,-0.220094720451722,-0.381916391720036,-0.514538166268998,-0.627845747348144,-0.714921716555142,-0.771176176094122,-0.78159580098386,-0.767705034230935,-0.711507303843592,-0.637862264347728,-0.507970301725244,-0.381497338819689,-0.232842767137379,-0.0647148868098842,0.109674700328104,0.279740018589139,0.431752289900156,0.564926047074891,0.677363488579102,0.760676045736686,0.809927791254123,0.839402142006927,0.814690686834477,0.762604533502201,0.688381046785368,0.568415535270265,0.436570399122285,0.282006415006042,0.111530725250066,-0.0681086857709613,-0.239916503951263,-0.398691160325575,-0.542847825318541,-0.663153311005254,-0.75221390818742,-0.804937020863476,-0.838284579947178,-0.809471456303888,-0.752737232280463,-0.658335605016334,-0.550213328891933,-0.402627574146813,-0.239561828450119,-0.0607611801963139,0.108895655140631,0.284920019626343,0.455805244754661,0.599412399831251,0.724402872346171,0.804472455456777,0.85695994488284,0.869719258282287,0.867085199285392,0.790828196758179,0.712101454008557,0.601913977746937,0.443884782765637,0.289478938608671,0.116218254310528,-0.0549205642332645,-0.244093314994741,-0.416323954559712,-0.559061540729236,-0.688341186951999,-0.766803072474507,-0.824638262454632,-0.848337851320544,-0.842762735029391,-0.782542595843573,-0.696475092281795,-0.559272999591016,-0.419167002368526,-0.236006821297554,-0.0638732674140672,0.107731979078285,0.299079673227245,0.455920429173835,0.617642200706367,0.741678516146451,0.828916139166144,0.893013259686605,0.906653707110685,0.876948881289232,0.82845376977418,0.743560588760648,0.62482907483721,0.472546626903591,0.295713680743261,0.107416417246968,-0.0664445347612885,-0.252307743853571,-0.424841929460604,-0.583738614423288,-0.70269036718719,-0.805377271432612,-0.861375514279346,-0.876082735020663,-0.848329866829576,-0.803839123072591,-0.703782214803907,-0.577969965016851,-0.429172655325239,-0.249275672628305,-0.0672699701397355,0.121974228612612,0.300819346963375,0.488739313942586,0.632835878988054,0.757164118608385,0.857056867639741,0.908242068655415,0.938503036370939,0.904342154630266,0.851886305404065,0.767743050475024,0.626614797071481,0.484260877567369,0.315579362751166,0.120503075183435,-0.0720276536840989,-0.262922605115693,-0.437756664417567,-0.593101158058117,-0.725819625761888,-0.818499301834187,-0.869451753695227,-0.899296083184996,-0.878769737872128,-0.805517602779398,-0.71292496769877,-0.598639314305369,-0.438466701971027,-0.26112784890315,-0.07192229154225,0.114795176453627,0.306205787127762,0.484000279090489,0.654676260507672,0.771360949415358,0.870528539415537,0.925864227522675,0.938676253446333,0.928983844566452,0.867445609263275,0.77596959722789,0.638568752280012,0.483835865012091,0.310388068518007,0.119166353863242,-0.0673125349823628,-0.25638846471789,-0.432882715953302,-0.600521397308551,-0.724975421138971,-0.820630900471219,-0.895954752096638,-0.904462769235885,-0.887560482698788,-0.832946360713667,-0.731969157122199,-0.598966953947642,-0.431663017851854,-0.263276081142483,-0.0645400569815834,0.139479866021851,0.311324553725682,0.488670716804202,0.653617618381368,0.790289380577182,0.874800732195617,0.939710281479574,0.953105011700148,0.939613487439795,0.881922031295283,0.782906030434138,0.651656556967388,0.493143344721072,0.324233457036809,0.120034493575998,-0.069165643104206,-0.278156603976091,-0.439179174546154,-0.603191766119467,-0.71926514175288,-0.835387441903624,-0.893802988759165,-0.909273434016636,-0.889681820400777,-0.834722075155177,-0.723272092656015,-0.600729826213185,-0.44333520258991,-0.260192294779304,-0.0703431720761018,0.12175694360944,0.306798862346077,0.484007045102964,0.649547335636435,0.781608381505624,0.894844313620777,0.946800518260401,0.955338522779461,0.937852159449019,0.888894640917398,0.790053929687506,0.656028283161774,0.491056316992121,0.307327704369369,0.111274079325578,0.0270181665599195
0.0136790611456106,0.122857934015535,0.352751013988727,0.552991947590333,0.731830642595134,0.897571338815709,1.00883534774921,1.07013766361387,1.10429878394585,1.07910254779464,1.00152931560784,0.89370327498631,0.73869893165468,0.541176646405069,0.346811604952614,0.113842011810489,-0.0956664689620262,-0.322571743896229,-0.540287746710521,-0.725691445000276,-0.864535896471508,-0.972347879042793,-1.0512306912935,-1.06570628123063,-1.04379308572798,-0.98477669223221,-0.867001058204362,-0.713821379846446,-0.534784516240048,-0.332577350188782,-0.104308821161666,0.114352967523842,0.351190459356184,0.568697097882753,0.733307697558605,0.892399723947359,0.995654220954895,1.07605383004384,1.08661058791292,1.06182718699273,0.990663062792448,0.882525530256739,0.732803014543661,0.554211139820907,0.346762144830967,0.128919684267963,-0.10535817968429,-0.319979790069782,-0.530307927274922,-0.718035897860112,-0.855419154834204,-0.972117997036045,-1.04488194731186,-1.07343164946832,-1.03657338730652,-0.972131426163401,-0.852250407867954,-0.710924472402425,-0.53245997871454,-0.315188709260557,-0.086247850411706,0.134888570798156,0.345436891585185,0.54802987832621,0.731913649092569,0.879713365088723,0.991645625981521,1.05308749560516,1.0739614979684,1.04904935771379,0.990690624133895,0.87767139089111,0.726240016767444,0.546032687445207,0.336951747796525,0.118682508029282,-0.0979812167044001,-0.312943672619001,-0.530285143441512,-0.696180058754066,-0.855480746813963,-0.963617851533941,-1.02416764534224,-1.04557945897821,-1.02067877391616,-0.954528957456709,-0.84956255493314,-0.696224566500022,-0.522842444181793,-0.303190648645336,-0.101874481571902,0.109972057486664,0.330707536812658,0.535716259938234,0.713980472542488,0.856146800189577,0.969206699534856,1.01851822250019,1.04656811089875,1.03017767347684,0.957012727196975,0.855393375637129,0.712401630995752,0.519043593201857,0.334769729666795,0.122665858975924,-0.0933181829132903,-0.305539115215969,-0.507642271104813,-0.688983407801385,-0.83242078375301,-0.93758881660689,-1.00102960900482,-1.01964834826907,-0.99934716685145,-0.941393244060625,-0.827968515113895,-0.682466723605713,-0.503000455011415,-0.313077366950344,-0.0898122288484168,0.116006250042904,0.33155304325567,0.520267177826675,0.69758288305059,0.821436414334,0.934554785320029,0.995820512512019,1.02726896650174,1.00693610570806,0.936252259170157,0.825620947794561,0.691802642830376,0.516372275324293,0.323346042844999,0.116372999402943,-0.0939132098504003,-0.295805424993599,-0.487844584069128,-0.659676539206184,-0.802748346836566,-0.915880015432903,-0.977267575069831,-1.0026680159127,-0.969356889461695,-0.900492990171842,-0.797759868191608,-0.654607858414399,-0.485818178539503,-0.30402698560643,-0.0839174497178561,0.11494064146256,0.319452506377033,0.49115523504927,0.664792396755953,0.801334575971567,0.886620851142374,0.957766762206097,0.985391433572911,0.958166955387303,0.896473869540738,0.797229130905573,0.66022756109387,0.492859411984127,0.320345626379144,0.106999324601201,-0.0802195219459994,-0.293837516917884,-0.462570910410549,-0.63231432086229,-0.783872201514133,-0.87763000057833,-0.935321487901939,-0.957892059814072,-0.928408275158559,-0.865830788949388,-0.76671121046353,-0.62787996371254,-0.470397324732784,-0.284073110515675,-0.0795679186843885,0.126549248275491,0.30932567963241,0.478551539940584,0.623128302983683,0.75545795649322,0.855418230847742,0.906528701465528,0.926305640570896,0.903039328415501,0.848493924307082,0.758130368920525,0.631596981304269,0.475471290035188,0.296602293580242,0.115048294330367,-0.0827783115767043,-0.271537611569049,-0.45238784254769,-0.599978524884739,-0.734054764146875,-0.829727705308695,-0.882869806558839,-0.907395730188056,-0.887593417411312,-0.826135965613649,-0.739925053432164,-0.603284030658844,-0.459649938134117,-0.278584220609184,-0.0812405155488232,0.100542365205395,0.26969806214481,0.451604813363595,0.597849597001508,0.71391605302989,0.804231401356103,0.863334434881414,0.875568643022893,0.872146470148342,0.805765959171605,0.708358865110071,0.593128509140788,0.445822261134861,0.273039735044393,0.0941648422462883,-0.084173540255458,-0.262720392036444,-0.42699834248355,-0.56252320067148,-0.696536098893457,-0.777199795249108,-0.825872800437157,-0.849621449407827,-0.852671733999054,-0.784776098008596,-0.700990341300277,-0.545877299921099,-0.425319287907017,-0.259657214851301,-0.0791514373775033,0.0928244377163449,0.26953412832493,0.417401205730672,0.549146426096327,0.658519570921293,0.746818553756606,0.804500065753713,0.824198067419611,0.804535336605159,0.74287690897,0.663892422774534,0.558374674799452,0.422201630791107,0.263367657557656,0.0868146652939382,-0.075422103491911,-0.233388476531948,-0.394116682136372,-0.524893418749217,-0.64501192551713,-0.736007847320024,-0.777262566544825,-0.80002144670212,-0.775412215443307,-0.719546509397287,-0.643531516492918,-0.523476438205298,-0.39291343116457,-0.239409637561844,-0.0763155615737271,0.0950095431655379,0.239961023667588,0.386213370655086,0.506099805839289,0.61863771048591,0.689117677197759,0.742954379980232,0.74732068161154,0.736749057922956,0.694670655107993,0.615194919487227,0.506361956769114,0.387395000105861,0.236460723835872,0.0931325466757559,-0.0721093281341183,-0.228381107480068,-0.361264675321975,-0.484572704050039,-0.585912085629255,-0.670119893345684,-0.714925592477395,-0.730053885183787,-0.71207829443613,-0.662461531217792,-0.58600914677252,-0.484669624960054,-0.356880915836564,-0.21844144595671,-0.0659433895841669,0.0913074697760982,0.212462509207823,0.341669069135262,0.46197445757836,0.549022398069791,0.618996059833121,0.662505967779476,0.679660478099693,0.662308363069886,0.620805800406878,0.555127032978023,0.467408285339154,0.346706311666978,0.217542313625084,0.0865263038119456,-0.0609101635951482,-0.188856872113532,-0.324182361805528,-0.432987067775717,-0.535394647386622,-0.599787286762749,-0.645083124240285,-0.659066843471756,-0.649425455601203,-0.605765196559283,-0.528064791175407,-0.432144330127233,-0.327116153726562,-0.187858601991845,-0.0626977629410288,0.0763155155604419,0.20757531031692,0.320971087531034,0.406728710279265,0.493596715243062,0.551606083349794,0.599823284442189,0.602434392031928,0.603725119559049,0.549235150268589,0.499770204035863,0.420500327036094,0.310103254633615,0.196735748040782,0.0791805410323421,-0.0394115901023016,-0.182252719112607,-0.273373677285354,-0.393161286185049,-0.465237798111136,-0.514682947231046,-0.569080232503234,-0.581090953695959,-0.572854740810366,-0.523409839553697,-0.46638386436141,-0.393063435338501,-0.295835581982926,-0.173147697790947,-0.051225833428094,0.0636864503352969,0.174867594885388,0.268695393225838,0.353973443966444,0.432855375896184,0.480305960600055,0.520905241692012,0.531378865545389,0.509530956283911,0.477355658781275,0.427825340647478,0.366677733574507,0.276826386421554,0.175285062159401,0.0666914231658695,-0.0374213513270776,-0.140912421078259,-0.253711422453531,-0.334729461134867,-0.403038302050708,-0.452475328775535,-0.487484624775165,-0.502621479496155,-0.490135126401187,-0.458953972487971,-0.402755127273453,-0.327042907416056,-0.259934806908455,-0.145466073841231,-0.0448677036739761,0.054634511729178,0.143085345245243,0.225312570699124,0.291943845346379,0.361787197258655,0.410091448830878,0.429181308060846,0.434064249088446,0.42890552170378,0.400848480489517,0.347425647972677,0.293048694045438,0.218872570956029,0.151169465573205,0.0581599842168697,-0.0269006794154795,-0.121576649783391,-0.187936228485052,-0.265624120104756,-0.324725171381833,-0.38440550677967,-0.416382312522103,-0.420941436684583,-0.406373408470016,-0.378297957345195,-0.330526811651493,-0.282419122756487,-0.200672560323634,-0.117234691943421,-0.0251359587771473,0.0476704225480173,0.119780030368753,0.186765871466648,0.241591929082088,0.277779221893677,0.316820071665634,0.353737833648887,0.34449637916697,0.353662734883822,0.326802906205802,0.285024368568448,0.236102791259654,0.178657314411764,0.122120778107906,0.0439527367248516,-0.0170996363434204,-0.0852819510849458,-0.159510610326819,-0.210996159097719,-0.257665387388648,-0.300428461359457,-0.316268659617934,-0.325462296805842,-0.324515641745537,-0.298413068394869,-0.25266912477896,-0.213131552199437,-0.154738844887558,-0.0982388229697022,-0.0276077686698729,0.0420087461996067,0.103763266606184,0.137673575035354,0.176129281145721,0.216126267903534,0.245161666125583,0.254737403947229,0.253491929517529,0.259586156237311,0.242905288274647,0.213929374736844,0.179599753397464,0.146368868210593,0.0910431145422137,0.0288784144169432,-0.0168624650850467,-0.0676841008733317,-0.109772094589134,-0.158218728784435,-0.199006057566358,-0.216949541212752,-0.23119269087474,-0.222434932714478,-0.235352403733065,-0.211645087158689,-0.191970687247853,-0.146986053720703,-0.108153860536341,-0.0588498597171079,-0.00873538501426162,0.0285639021368238,0.0604233563845902,0.0845207638742185,0.119887971341353,0.133505350481649,0.160737684380248,0.162376193310098,0.159947846010728,0.168464405010716,0.157569406134139,0.148386373266602,0.107471980892044,0.0924221550787053,0.0682484002426642,0.0373981063126003,0.00253509085130861,-0.0335003987589899,-0.0667692068543677,-0.0898442305582069,-0.121377000665519,-0.119065182190978,-0.147761533045843,-0.14565660514579,-0.146659323308561,-0.137363151913089,-0.106031111345412,-0.0835854624035251,-0.0642607813414903,-0.0241328545007547,-0.00184255580867547,0.0248819650650706,0.0329414135851618,0.0505004686698136,0.042863264699042,0.0586202232768444,0.0657983616348658,0.0599490404065816,0.0732004562583325,0.0732303103894533,0.0691445174637725,0.0561074815078437,0.0585093693467628,0.0460594290033919,0.0398052197120199,0.0286147205964169,0.000675903486845014,-0.00329162152640122,-0.0150668309658981,-0.0227415662401383,-0.0387892873797684,-0.0488401630657861,-0.0437209949911323,-0.0499344331286077,-0.05463670643448,-0.0443909706799186,-0.0399353237771905,-0.0329864163124062,-0.00879232807010499,-0.0108584041070779,0.00802421435413588,0.00837808281218723,0.000173421995923029,-0.01606021088348,0.00124552815972204,-0.0281949274578248,-0.00823251919266296,-0.0228394149438859,-0.0165953263211333,-0.0174971224880557,-0.0233932250667734,-0.0237802598366371,-0.0119206702613472,0.00121486376595559,-0.00542525482250956,0.0188108955332717,0.00561198945694367,0.0311109732269102,0.0304327859901161,0.0482994586003042,0.0461493408347109,0.0406174507498711,0.0439063555035221,0.053638647892832,0.0541535689763469,0.0448990461219523,0.0362062312843495,0.0403936349504438,0.0326623592411481,0.0233071407954654,0.0130187598640952,-0.000579167106679408,-0.0256820770549465,-0.0545194302476697,-0.0788611349903889,-0.0912363970211509,-0.108119653247815,-0.109707802255199,-0.110521900940166,-0.108730858529626,-0.106070692052476,-0.0896669454473179,-0.0639885294467957,-0.0572202206694163,-0.0321697063289021,-0.0011747020828139,0.0215578392307314,0.0446363045424632,0.0754952060777487,0.100870081256071,0.116448859763747,0.129588645570011,0.145528702953778,0.142972631258945,0.146892659603784,0.125427204194924,0.113188369024258,0.0943369028902668,0.0738713076755499,0.0535107687335853,0.0316120377784475,-0.00129029282023167,-0.0618694867933174,-0.104558565015224,-0.132514832117874,-0.1682039052693,-0.186062181706134,-0.213521395812011,-0.217409050488532,-0.190369028735775,-0.185609872505603,-0.163266587845319,-0.137339078355934,-0.0998366815411921,-0.0477451333075853,-0.0163348716458575,0.0300509141348869,0.0825223863351048,0.125365342426704,0.152309305094569,0.188767754614262,0.21964942701865,0.230358627322868,0.246131066314111,0.23423561920492,0.231232081492212,0.202248333384375,0.164551476496672,0.123700269897991,0.0796988104184614,0.0477094475916267,-0.0200000254713798,-0.0841832597429646,-0.149598198472819,-0.19617362671669,-0.242325646357204,-0.27319268223792,-0.291384138245139,-0.301583083391605,-0.291731901668749,-0.275516914366813,-0.230940388126373,-0.198463634093013,-0.146696112752571,-0.0763475038998,-0.0160547306501272,0.0389335579141079,0.10556897099438,0.175553781694627,0.235203031748591,0.271270496252709,0.29128240747792,0.317787297565614,0.326294220719316,0.32137570842149,0.298861433695577,0.272712346389345,0.215750514063657,0.164551735525332,0.110055381994515,0.0470235056888434,-0.0254381247188289,-0.117523853963885,-0.193835578104891,-0.254020860367921,-0.313501585333113,-0.343631907499175,-0.384271405764224,-0.388555448833614,-0.38435942517109,-0.365543357996624,-0.30658852103759,-0.25286882515968,-0.182718570293074,-0.108212194485421,-0.0320668982114315,0.0451421713230361,0.141507914155849,0.206525070708952,0.282623563238178,0.340596098858287,0.387661339533308,0.419571308420953,0.421608407136283,0.414099341805711,0.391208807533686,0.332042430635,0.283405714976016,0.217044675926255,0.12933629120956,0.0660796826895219,-0.0352178295591993,-0.136389192803776,-0.237763005206062,-0.312097299151777,-0.383960989480317,-0.431927185252305,-0.460863633143893,-0.472405822110825,-0.463345627316143,-0.444384410183091,-0.372988270354715,-0.316111300930761,-0.236480407237773,-0.135872523447594,-0.0469877521878441,0.0568253500173899,0.160132073461639,0.251555093448267,0.338382828535729,0.412504299293819,0.459254928866842,0.50031615593342,0.50447772258347,0.498167864089751,0.45757570296285,0.409583548550903,0.339678968648538,0.257707410874043,0.16194924012215,0.0652447774162431,-0.0492919463203312,-0.162055217279003,-0.278062392643194,-0.38045578577306,-0.458094425705482,-0.511489673473771,-0.539198164895935,-0.557513760639016,-0.54415776933124,-0.505946929845313,-0.444519168530615,-0.355202734531641,-0.274053082091488,-0.169315040557868,-0.0376649939197659,0.071159613016868,0.182752337635582,0.295087274612139,0.410569182209817,0.483511409812322,0.526152885033759,0.567611125139987,0.583345697747165,0.573280505914959,0.541738887904792,0.489972364384161,0.394146444810277,0.299815591395729,0.183605400177638,0.0838393443082195,-0.0489727840657935,-0.184684267818847,-0.307254243184472,-0.42827152661517,-0.510583361174394,-0.590333812288885,-0.619144475806936,-0.641864431599054,-0.620552871502813,-0.583420636789408,-0.507350821614198,-0.413125101491682,-0.301960094157522,-0.193410530506778,-0.0635639406081743,0.0821800482174551,0.21384926058686,0.3445991570484,0.452796894911657,0.52752443677899,0.593581534299849,0.657489728214653,0.662671253929913,0.648791164371126,0.605183333430665,0.557286581578625,0.447499092089345,0.341290297951669,0.218208468209511,0.0776883105263736,-0.0575370196776865,-0.204644696149857,-0.353997271000183,-0.46185657171778,-0.569315237970765,-0.647903660082206,-0.682689654925263,-0.717766245578657,-0.690726493936933,-0.636272341840842,-0.568343784081005,-0.471682014220928,-0.347143334757977,-0.221075015798668,-0.0670585746362027,0.0877002400640514,0.231391828360037,0.379798018900833,0.49500615008566,0.601035294792612,0.670038722848867,0.732460094754973,0.734815031770517,0.708852491804189,0.671700263518194,0.597296077817261,0.497587800901987,0.371742597757502,0.234748235451997,0.0982490320277051,-0.07206560190028,-0.231729677278588,-0.382197917974416,-0.509765923611061,-0.617900474998623,-0.699242005606863,-0.761257327405343,-0.772572224154769,-0.768819597170143,-0.709195461454657,-0.623259576050462,-0.517389271667043,-0.380515940538314,-0.237504746700803,-0.074134382801402,0.0940293926359057,0.257637644502295,0.399568668888456,0.543398049571671,0.649909232843802,0.730659594973665,0.790693299950742,0.805010172803942,0.782179230359874,0.735951312784839,0.658109194332516,0.549426982001891,0.406779054667952,0.254152423775287,0.092716539589124,-0.0820873088018234,-0.253604684563159,-0.420113075185385,-0.549487234236056,-0.67551435313461,-0.767400660604862,-0.832214906097614,-0.837882788368968,-0.812547344378795,-0.772032600795838,-0.685369026077455,-0.556737749480423,-0.412306673501712,-0.252272079518954,-0.0768318416804715,0.10873014571886,0.270618559472612,0.448287744877999,0.586280492078901,0.698986447480403,0.787868454463358,0.840865070482292,0.864679655333678,0.840954493446859,0.788272722250969,0.700484926481416,0.579811607147335,0.447877672198311,0.286226886850727,0.10850547514661,-0.0882166737871288,-0.262596096991311,-0.448751841979769,-0.598679775451258,-0.72818284229131,-0.805077476107854,-0.867386559386061,-0.894798279364217,-0.877080486322776,-0.825255437120098,-0.724013506106474,-0.592453367572506,-0.452440384678018,-0.277095432640338,-0.0964631852905717,0.110375937448976,0.291649099924372,0.473474967422028,0.623426208160863,0.743652947990897,0.84490535217159,0.905749552469754,0.918960392937195,0.897047548416243,0.848124418612303,0.751906781716416,0.627074209253081,0.462190726121008,0.292205166297546,0.0988653461255783,-0.0900349832679256,-0.276999346534492,-0.470546663199841,-0.623645632561129,-0.760923948992762,-0.854134016129666,-0.92212531383628,-0.940761069670862,-0.928718719565693,-0.856653879771639,-0.765598779550106,-0.629593413522596,-0.476620477377925,-0.285046851885935,-0.0897300975495847,0.117141801871043,0.312968059524619,0.48492436897865,0.646676925927808,0.785587210845179,0.881053554482575,0.958572697872221,0.961728856528729,0.945950425304043,0.883568072289007,0.794099915852214,0.651674059611233,0.498353483518286,0.317212829583593,0.115727103119607,-0.0788288502198429,-0.299143003946059,-0.4810160582926,-0.645004208658998,-0.806758151394776,-0.900084522089792,-0.963095366369371,-0.983793610080665,-0.966114308085243,-0.887983002416091,-0.794030290891544,-0.661542666479631,-0.489903934417649,-0.301929693261215,-0.0957020603741231,0.120098869882961,0.319310393005948,0.506263154515916,0.685582950081358,0.834173177896041,0.924121531268655,0.984963248302597,1.01113240480155,0.988105075461796,0.923786765932245,0.813583610028854,0.679607886804563,0.514656784722498,0.323072872769588,0.122968023538508,-0.0876824325186305,-0.307217436653713,-0.515788320699164,-0.668618080203477,-0.824335023730853,-0.934524011489112,-1.00080082521679,-1.02009449836107,-0.987408219353006,-0.93592217383116,-0.821996162131107,-0.669312273440967,-0.501350245585149,-0.295819423571253,-0.0903353798710129,0.120221008677559,0.346231678828394,0.529394176242812,0.697267095030959,0.855397440224055,0.951668635136486,1.01768052093338,1.0388849403038,1.01508332021029,0.953414612983924,0.844283261444156,0.699101778398303,0.53195013300647,0.3244540159622,0.120485166999651,-0.0884330577262362,-0.307858309583296,-0.515989054035031,-0.688217609073236,-0.834845775122383,-0.955693765258432,-1.01505957319017,-1.03513363283236,-1.01304106835186,-0.952453922482781,-0.845863542267142,-0.688500908503903,-0.518794155014321,-0.308169783170374,-0.0984470412456074,0.123428191509201,0.337556024716644,0.539639712641512,0.70736727475282,0.874078478821038,0.976717898579199,1.04167077159697,1.07553080731255,1.04955605434206,0.978555706573827,0.874964513154786,0.710536897239422,0.539471599695311,0.339728721990677,0.127906516403724,-0.100419668474293,-0.316225452963589,-0.519973863734591,-0.714237427643718,-0.845812783262184,-0.958227960886577,-1.0297289427582,-1.06898551987594,-1.02625405175147,-0.964604373382588,-0.849100897860962,-0.699277618108687,-0.526195617913875,-0.315679369142646,-0.103948940507579,0.136715916355763,0.345783212933983,0.55091535814021,0.732611350345657,0.886352198076232,0.994185337871378,1.05678442808048,1.09980704419114,1.05664766324294,0.987819850417181,0.883698406478798,0.741035456943746,0.557470594359376,0.340769225972594,0.122282519708584,-0.101167337095215,-0.32455465216275,-0.532416204240608,-0.710638876467298,-0.854554273984045,-0.981483310990602,-1.04254206182004,-1.0678634597824,-1.05297347646833,-0.97672286420558,-0.865989193646848,-0.713686789677859,-0.528680753338119,-0.322427065686595,-0.0935441076333326,0.122984386833923,0.34250947251198,0.555363309912441,0.734081410255587,0.900455596638229,0.995180978563528,1.06963249114475,1.0970084024843,1.06450529504338,1.00788545527709,0.886432144009846,0.734737755774132,0.559265568862697,0.342022466912457,0.128458435788739,-0.0958914316134088,-0.321402377565297,-0.525650579783019,-0.719359480339405,-0.882789449123794,-0.969506837831344,-1.05402363883637,-1.06440736149586,-1.05017203863538,-0.970418520643663,-0.866406323647184,-0.707074846049329,-0.528736082311764,-0.322982687289707,-0.0956725920307966,0.132291056304771,0.342084656917533,0.564266153439144,0.733310911908003,0.897947779715889,1.00074985768833,1.0758418912025,1.09709748312061,1.07158960027629,0.995430690641818,0.891620262107923,0.748313002429239,0.551767113626979,0.352300142486468,0.12744619238148,0.00887101371215576,-0.0197208522761102,-0.0274711526605014,-0.0238287852897362,-0.0203820300952603,-0.00831835498948682,0.000637889759763685,-0.00363434229046806,0.00559540886738752,0.00390622097557568,0.0236656482845488,0.025478937086869,0.0275330423822148,0.035603637606056,0.0482604831430272,0.0484563203769834,0.0474284974475166,0.0418789577000491,0.0461388025441855,0.0436003951257791,0.0489101928118233,0.0293453240402544,0.0246926866134974,0.0136122602442806,0.00854203278991953,0.0086372095128357,-0.0150772610804989,-0.0104789326673546,-0.0245881842519378,-0.0243300659348417,-0.0205013188642525,-0.0176451385959167,-0.0257343406220297,0.0104374045693651,0.0240737588929268,0.0526732284840853,0.0671078718009668,0.0889747346022556,0.102379398152316,0.113294838071964,0.108992428688343,0.115884521622815,0.0960856601369092,0.0983130432505023,0.0956583411557757,0.0691245499271276,0.0552110976230955,0.0403831607335101,0.01003408583653,0.00557452202529897,-0.0230728262304031,-0.0417489563316909,-0.0544245705483179,-0.0691239504601213,-0.0847710523736222,-0.0894658076886796,-0.0979596720337035,-0.0802346186839034,-0.0811496691725478,-0.0624297141992513,-0.0504063936095863,-0.0302373009612949,-0.00143555747167566,0.0470624985430014,0.0807914717027408,0.124384519593101,0.140772033802306,0.160494175228203,0.184340930840565,0.198828354298378,0.210961779266015,0.205893520819685,0.185635210944609,0.179680750990733,0.134659658018506,0.107760929243088,0.0642377110903004,0.0189760191943933,-0.00858780606488152,-0.0433202809085418,-0.092200960574726,-0.117112963364759,-0.132992308170656,-0.17035152958402,-0.176215521593688,-0.186231739132525,-0.170133587999405,-0.162723748505775,-0.131463949622155,-0.105316374566799,-0.0689284771496844,-0.0450919274130149,-0.00363035880192593,0.0666147554527011,0.131611797431977,0.172941396007534,0.226436866813551,0.267597685645822,0.293014539642389,0.304815446821959,0.293874315483969,0.276534566962871,0.258807745649561,0.237074083126222,0.176418181435683,0.132413361030052,0.0831507608821582,0.01544191593999,-0.0463258563182192,-0.0958570197161825,-0.149228662351025,-0.192894377591882,-0.229486989700443,-0.254012720962153,-0.264820386979034,-0.268169958188982,-0.254968206877394,-0.233763732989531,-0.212148041580059,-0.145777064839995,-0.108458818059849,-0.055855622841767,0.012377942446262,0.105915973950301,0.173539305377727,0.230030676868827,0.300941888533282,0.340539646175357,0.365369852950489,0.38662966975507,0.382812653809094,0.363202155315299,0.331316345963303,0.297027192540866,0.222777500723502,0.171272156912204,0.0825603991085909,0.00509225492186941,-0.0752654832920544,-0.143276660593339,-0.204074660866684,-0.267040514054838,-0.319815542594309,-0.348647715612083,-0.341746904177187,-0.352466253855341,-0.334994889282019,-0.306103095174104,-0.259754813938706,-0.189343363495738,-0.13949252320124,-0.0547059568826011,0.0318612140370792,0.116504640940587,0.20999835724535,0.288316388795548,0.362492666150216,0.418870844560397,0.449676297267367,0.471494975503927,0.470706955074303,0.442114417427111,0.402133922893402,0.34767765728713,0.281203970281225,0.18130464598973,0.0961336449037926,0.00403811204541664,-0.0971122697039162,-0.177519861199344,-0.275388165728394,-0.332253815998831,-0.379138771450895,-0.435871744579689,-0.452475135054957,-0.449421390279727,-0.415135168764061,-0.379198800524385,-0.319133227742988,-0.240733776054962,-0.167063821994018,-0.0603261335311605,0.0482553853391656,0.14493840152867,0.259652777656332,0.345764732827425,0.434721060688859,0.496009840830893,0.527987235089296,0.558552385131699,0.548446072591368,0.529833127220946,0.472435696764679,0.410099665905935,0.312755044323163,0.219250344052509,0.109804703764642,-0.00278979247019665,-0.122808997196264,-0.230193111203641,-0.32347179120704,-0.399016261489609,-0.469889178838476,-0.505322657882375,-0.523923704225331,-0.523371505735022,-0.501723296415863,-0.448045192129976,-0.377980183129024,-0.28444855764364,-0.181417769115653,-0.0735702216903882,0.0514523815727341,0.175292652487559,0.282921680711607,0.413048099266104,0.502111919458471,0.566098907763059,0.619447889588104,0.632199182940339,0.630401093235857,0.59911817540549,0.539415302293275,0.454084381882095,0.348546053133869,0.245621345601285,0.113060274153844,-0.0145184266371411,-0.149270964782286,-0.273376954404747,-0.378656959508027,-0.462054925813971,-0.541100336382809,-0.594244406698065,-0.611408819536036,-0.608386101430909,-0.564516709173112,-0.504659910211045,-0.423184828766374,-0.317410715855224,-0.205850610027196,-0.0745443639296067,0.0451192377768395,0.197113829403784,0.32510441893504,0.456336201168351,0.542332382628887,0.633624402201174,0.682938999171986,0.717880604433624,0.695494676881707,0.660786466138525,0.606382655017087,0.499444845527551,0.391348524338261,0.269312215650584,0.127246384730798,-0.0169846714092134,-0.168676944201915,-0.30249666452936,-0.438649144513703,-0.520670652445042,-0.612955176115427,-0.671931009291778,-0.671496057898108,-0.682120267531874,-0.642677530391375,-0.570732348684142,-0.482990268568737,-0.367236486574846,-0.236334362037369,-0.0995188025996215,0.0579794562406257,0.223838542232927,0.365478192193564,0.498412426667727,0.617932309658826,0.686980653621196,0.758415967875389,0.785907848541294,0.777237600802241,0.731303224468061,0.660186287842604,0.562255011476652,0.428587089336685,0.28045754242124,0.125951660060167,-0.0321232818287487,-0.187454581444272,-0.337280270170775,-0.465930640363008,-0.581964219070727,-0.68088454305835,-0.7252056553011,-0.757050128514877,-0.735485627589862,-0.703081021423347,-0.632950936234942,-0.530014528547147,-0.404924239729595,-0.259087692233067,-0.0999262518051393,0.0669337481319372,0.232026665883119,0.402548393083004,0.542887939689923,0.65523545517871,0.764863452518107,0.818982352005004,0.844330000219966,0.833492149304829,0.784026308713725,0.715870070800797,0.597360665681002,0.468331622582397,0.304727734240494,0.14747145492704,-0.0299356549312366,-0.208851482603147,-0.370036434671255,-0.510716867344554,-0.635357283609531,-0.750673434871003,-0.79815226361225,-0.811448687137305,-0.79927327277879,-0.752374955174268,-0.680228076910365,-0.567390360657422,-0.444323039273115,-0.273961272366597,-0.110789948518516,0.0721021837085107,0.255614585830335,0.433925190570729,0.579415110922484,0.702640927918619,0.815740566184489,0.872920983349291,0.905589953687704,0.888629288244152,0.840564969107401,0.75165632315099,0.639365823867296,0.488553861296675,0.316926945740623,0.140894410389032,-0.0593681586657378,-0.228018657202469,-0.400977369114833,-0.547392924617903,-0.68529268511377,-0.782842870891294,-0.842349958881675,-0.874524242669224,-0.860669516055121,-0.817720059115178,-0.731950864671801,-0.611897597043592,-0.467258443307303,-0.289355635827626,-0.110687144635452,0.0763336071813506,0.266632737219397,0.447264824832743,0.607137322750921,0.753247024039867,0.860099009210189,0.919021406328515,0.966397863674854,0.947041074382458,0.880202874701371,0.804336629205515,0.671534362079188,0.519350889305716,0.343079172325243,0.154269574123459,-0.0396894873802546,-0.233572825327176,-0.431692866725354,-0.59891774025099,-0.724042429609067,-0.82360515756821,-0.893436026698393,-0.923107363566038,-0.920039417534504,-0.865395284493009,-0.760000377209275,-0.649248998990646,-0.480412277408786,-0.310737147691936,-0.113855873152176,0.0831092370960014,0.270218824190964,0.4746702682674,0.644282613406401,0.785614477720781,0.89865370231595,0.966961589371249,1.00052167963775,0.991757085411648,0.921469583343428,0.825207311244601,0.702944776263813,0.537323247726526,0.351133750515704,0.149145856701843,-0.0617275891838577,-0.26325264257958,-0.438497617797655,-0.623447639865125,-0.769014174276109,-0.871032712190662,-0.940306861617806,-0.977152174572304,-0.958328968995648,-0.902784878575995,-0.804487127208577,-0.66203807077788,-0.510139910291573,-0.323640458163216,-0.12742270303477,0.0948014780576087,0.293891056275204,0.497743232659667,0.664553453655529,0.820092324932086,0.933079101656874,1.00598350400857,1.03280071056461,1.02478879870315,0.967116573828845,0.863747546591377,0.715549396551355,0.545423332044849,0.361104101760215,0.148831378218368,-0.0543202864770536,-0.258616339549401,-0.467581529235095,-0.641904911749394,-0.7872428541138,-0.904748902397041,-0.974529468284527,-1.010398294157,-0.991136735064075,-0.925608183391206,-0.829824115985982,-0.704466917450974,-0.513107092175298,-0.330192609102984,-0.124161154400413,0.0931285201574444,0.306838808247135,0.505277933027966,0.678904559082899,0.846170141590606,0.961404198940705,1.04001259576466,1.06481536899467,1.03443957537966,0.991090267995043,0.878266675028063,0.721969834837883,0.56664245652628,0.372861837088451,0.160622300838774,-0.0655722560645044,-0.273710289730075,-0.481531268519839,-0.664073066045955,-0.812832050294114,-0.930919262031871,-0.995891241190122,-1.03250129015735,-1.02229425849353,-0.95043822710471,-0.849532705892785,-0.697689668308583,-0.541692059349927,-0.336702085698202,-0.147025188970893,0.0819874392308635,0.313706088412432,0.522521518994352,0.700153697854573,0.854825215788433,0.980548306285306,1.04734866895681,1.08057175670296,1.06579363776884,0.992692154586919,0.90304350704615,0.751975972169012,0.5732745649166,0.376062428454702,0.164514719782828,-0.0621433047416658,-0.283424252929093,-0.492626024870601,-0.677873395329692,-0.832901143626556,-0.945224167613608,-1.02057347926741,-1.04111604129914,-1.03831671213171,-0.971693336712382,-0.873782950289,-0.7318925394676,-0.549222846564391,-0.352934199468042,-0.134108335159101,0.0849935659284911,0.310264867149395,0.524049477921075,0.69424940226111,0.849260339397145,0.990257103955999,1.06658054274686,1.09828226270953,1.08427029997039,1.02268618976833,0.911311984759667,0.773747836610336,0.576680898365938,0.382604888025118,0.160315992476478,-0.0654712130697643,-0.282899549445869,-0.484573192376715,-0.667765099756992,-0.843199538632155,-0.959138896516447,-1.03085757136409,-1.06882159139988,-1.05452295678745,-0.983734019507361,-0.880774006061875,-0.738330087142422,-0.559045917398127,-0.351255642107317,-0.134104299305076,0.0906389427400205,0.316707013851228,0.525425347853105,0.700889945746254,0.864804221168847,0.989476112524105,1.06608286787239,1.09098752958082,1.08176413593131,1.02201346592742,0.909043077143133,0.768712653585325,0.581648716553198,0.389369431831011,0.160834174517983,-0.0722072084864428,-0.296031909799876,-0.495544149142706,-0.691196600861862,-0.848800411346398,-0.952716095402454,-1.0452533058175,-1.07976023981192,-1.06006445401639,-0.997509636021786,-0.887300800126894,-0.736087082867223,-0.560933837110027,-0.361116595183151,-0.128408422934099,0.0879808613229888,0.313806670911013,0.524215731307435,0.703063428592868,0.877885695843052,0.972365020337561,1.06355370787788,1.09195623321676,1.06493855528123,1.01666243881182,0.911466290843058,0.769631020142967,0.578717075553305,0.383065947632227,0.162595770891045,-0.0685715637001571,-0.278614727274621,-0.49637806498786,-0.67869242288421,-0.842254232319967,-0.956171071153759,-1.04456988989278,-1.05579772802109,-1.04971912581628,-0.982524184288121,-0.885434400156158,-0.724174892840076,-0.566707926453518,-0.362483330657365,-0.127863209496619,0.0995725508693104,0.310799514934783,0.508278698951975,0.696656389916789,0.851525048867973,0.974532714697921,1.05509003105778,1.08548759719907,1.05207849336764,1.01055437088171,0.896874600480954,0.752175990985843,0.582161541874292,0.381930666456771,0.158099831193148,-0.0723821969220273,-0.289825917304835,-0.489047463622025,-0.66854625162108,-0.822315037013654,-0.949919455699445,-1.02091585669766,-1.05385475925744,-1.03145837134918,-0.980612890682635,-0.868643404089634,-0.7353474796368,-0.546833847868385,-0.361921032524813,-0.131639607057876,0.0919475976695135,0.299737327703107,0.51683781196993,0.683999791345859,0.848057856361852,0.958825401503033,1.02556558385527,1.0594183494444,1.04298804505611,0.984197100205311,0.88892859289129,0.739737868847333,0.55583614987942,0.365836315307908,0.166013996711122,-0.0689631291426642,-0.28683545024799,-0.474121567653232,-0.668847938724634,-0.811253412469271,-0.935656126827451,-1.01548106365174,-1.03533217537254,-1.01609692748871,-0.970379660202715,-0.853820153122001,-0.709020154995376,-0.543931340091068,-0.34097575687273,-0.130289491301343,0.095081459094441,0.302185120656034,0.497495192263509,0.670372421150265,0.819408776904629,0.925170834008719,1.00895475937267,1.03515120371771,1.02506817161019,0.956110911361242,0.854504452211856,0.710944255290028,0.555982862150331,0.368729076897456,0.15246663667539,-0.0599019084922373,-0.277478161618912,-0.474331596059239,-0.651407259765664,-0.791058758023736,-0.898529992860801,-0.984116244466007,-1.00809697648957,-1.0021571205994,-0.925035980456026,-0.831761827302269,-0.700540879897355,-0.53279313728856,-0.350606395833458,-0.13195086193182,0.083957406153345,0.284474889424437,0.484465459057567,0.631298300255841,0.78408633071058,0.905420358944748,0.966248380202027,1.00329234202689,0.988042466619048,0.922505584653846,0.82718696285049,0.687049304870309,0.536965300312667,0.34991897659531,0.152120118962982,-0.0662380845673766,-0.251215118625372,-0.453243404289554,-0.629465134197425,-0.745786581828556,-0.87500748540712,-0.937059501350588,-0.975192116456623,-0.941588354733659,-0.900749237049613,-0.793401700337709,-0.672693617982379,-0.500340521057827,-0.330635796138329,-0.115021042308178,0.0786326011253726,0.273568921780196,0.454669621364837,0.606829048273255,0.758200134813129,0.853339648662164,0.939716160473504,0.952037029981848,0.925763588677682,0.889116911601075,0.798731516670989,0.663255512742731,0.521630086634336,0.339308329592831,0.145734850312848,-0.044292259425671,-0.253243253460593,-0.431168167563374,-0.596054303396177,-0.726173899507085,-0.832694482222301,-0.894533397282574,-0.925731804213786,-0.919042007807135,-0.862528692266151,-0.769047154128173,-0.648681878985498,-0.480553189543442,-0.305342120677941,-0.120643311373598,0.0777600584929072,0.252666536541251,0.431485556665618,0.589752269827253,0.702137773717254,0.814498260383906,0.876612791038616,0.904582918749353,0.895302603687153,0.83914543395173,0.747715268632944,0.628614837096902,0.484641165000754,0.315648107589387,0.134630355872105,-0.048091126359592,-0.224679438369185,-0.406487338787692,-0.556056340124878,-0.69133989721889,-0.786188345831551,-0.857413153954312,-0.879220917126369,-0.865626929956441,-0.81657664821387,-0.729676275678067,-0.6091477752194,-0.4538642266271,-0.295703891019708,-0.126393054478673,0.0607541612542864,0.230204396731397,0.398102790826111,0.552238049457854,0.663773803713456,0.745444720387744,0.831596888663174,0.840215269221194,0.842058427792738,0.790854031328134,0.710030521130797,0.594093198728905,0.460064253479997,0.307835701149646,0.135590598425111,-0.0529215050128064,-0.220043781441316,-0.373564696828974,-0.519753770196886,-0.638973763994075,-0.74261000983958,-0.789384525201302,-0.815144473735443,-0.793087735888627,-0.772839636957793,-0.671261786725615,-0.567346123816443,-0.433485819356183,-0.280007705496363,-0.114173855515237,0.0628751342325834,0.219894099816486,0.371412457200234,0.512047591000022,0.611653709943719,0.699726202484537,0.760433398991301,0.789205336669536,0.776340918120911,0.736184936576218,0.657867796457018,0.55371671338919,0.43209902734136,0.285535908831222,0.132554190835279,-0.0239533439866059,-0.18768845989656,-0.342151275800644,-0.483716616191096,-0.580379955236576,-0.677464856697108,-0.714632956425091,-0.751975673194056,-0.738260683702536,-0.697332002643765,-0.629883657404073,-0.524569185659987,-0.389389556323259,-0.254846653965798,-0.0987390767951538,0.0563664681063693,0.186010755620041,0.334614155574956,0.458336188016902,0.556177960110842,0.633982650751758,0.686050852377206,0.699766802381118,0.696892019054635,0.661149430731,0.614859465817993,0.503924652025504,0.390086440594332,0.258563238621242,0.114463478610918,-0.0296749124228813,-0.166485592156893,-0.300112501050007,-0.426890648039582,-0.527506478281137,-0.608006993079514,-0.668268186892404,-0.682583151923981,-0.675097931039437,-0.644531619466754,-0.572415070428942,-0.474272141161745,-0.365763752813797,-0.228239186816203,-0.0960886263998316,0.0473929506479329,0.171390387558628,0.288236090748831,0.400507214260712,0.499341131860809,0.563857000299018,0.606632841301361,0.634440911059036,0.626080758664341,0.595745894328236,0.538926998095284,0.456780332775763,0.367343673412665,0.245950028715574,0.126040896302295,-0.0114527086152935,-0.141601545739015,-0.274841341910409,-0.375915953315983,-0.465441797320635,-0.53459089054441,-0.595721674582034,-0.609363108169528,-0.59984296478398,-0.564861693723905,-0.500980224784999,-0.42445441797779,-0.323920892756845,-0.215303685276363,-0.0883467667534256,0.0480970492061239,0.147096179296462,0.26526528144209,0.352196532047959,0.435780003718322,0.490982102882239,0.546438574297884,0.559941784939352,0.537590255381351,0.531925541635947,0.472921331525282,0.400854060530292,0.313958711796591,0.216065318715185,0.103643617827555,-0.00394051739883758,-0.125797401627471,-0.230139148352413,-0.320284227200292,-0.405907882056811,-0.470475734484336,-0.50981919305389,-0.528269487479333,-0.518272054534731,-0.489410759114018,-0.448018352724222,-0.376564520740718,-0.283294411454977,-0.185349039042162,-0.0858431303218059,0.0256614260377531,0.121540141123552,0.210581643386257,0.289712533686972,0.360481715560383,0.414361214310598,0.45922588209775,0.48129601765858,0.456515101407062,0.449538324694043,0.400873964580866,0.342079339394731,0.279026015184771,0.181608420969694,0.0888625160853265,0.00307570524583705,-0.0943196031731074,-0.185203610492896,-0.274294572248911,-0.344081624763446,-0.392950471470945,-0.43344133882983,-0.446507888331433,-0.43959314466964,-0.409858696111906,-0.374421818050171,-0.324787887843802,-0.236047412244671,-0.158141755729883,-0.055269891183546,0.0176969652178711,0.0894531044092043,0.175711170578195,0.224553848995676,0.298649891156891,0.344227945323609,0.363709196053679,0.381709083419014,0.391140808489984,0.368759178184542,0.337808092731091,0.291298651956696,0.227663632678743,0.155011931938717,0.0860941195575234,0.00615121700708723,-0.0760416478861687,-0.138819144230025,-0.203099760617886,-0.265119451371911,-0.309415973475194,-0.339620909295448,-0.358784389534944,-0.357045690988515,-0.3257723799349,-0.302171442440055,-0.261965021132863,-0.201721452968424,-0.13185319236272,-0.0599324866261374,0.00624572367014925,0.07358461452834,0.121425348410392,0.165817298629543,0.219410037742309,0.253174041441483,0.285943184673696,0.294836232738415,0.29867925404804,0.284895042442414,0.267299496569497,0.226873463941125,0.187089595513445,0.136702049759778,0.0719125970732452,0.0184640212806989,-0.0383120664392502,-0.102737710159979,-0.156183021828921,-0.193326541907531,-0.227180257899873,-0.264322379297014,-0.258288158558177,-0.27525354573308,-0.259552674834928,-0.239468359449528,-0.205883487954992,-0.15431601592164,-0.107227684741015,-0.0428570404331919,0.00108250522229187,0.0340652678112559,0.0732413342967197,0.108005782893158,0.146096239541728,0.172475587313397,0.188505483255277,0.197345389080997,0.209940413358633,0.198657505383757,0.187597081095804,0.161580477215493,0.137291148919099,0.106073918877709,0.0732598485988419,0.0257568767219584,-0.0223138635562181,-0.049798923582454,-0.0756267398008919,-0.116133200401766,-0.150389902283137,-0.16248742354348,-0.175392531005275,-0.179842274443779,-0.17017316197182,-0.160032399140436,-0.135037999580562,-0.107488104147271,-0.0833164046406846,-0.0459909013732448,-0.017501313921419,0.0165729104395382,0.0292909155212175,0.0509066008946996,0.0621797111423925,0.0754906404088249,0.0945089379710578,0.113880289091888,0.107475281307237,0.106065901105093,0.109135194864088,0.104101356551849,0.0966564928355232,0.077096012156283,0.0563046468239295,0.033259459933719,0.0151977111668904,-0.00765952590534979,-0.0120485666706837,-0.0363859299354119,-0.0489281343870201,-0.0860028999219921,-0.0884955720579215,-0.0961774069231357,-0.0786968008194538,-0.0835646134017591,-0.0712748246889304,-0.0637970819588803,-0.0470119623414812,-0.035167511275475,-0.0226129235749409,-0.0188156809613941,-0.0256876310758768,-0.0143631914227393,0.00206789458351569,0.000850771087549944,0.0118322804390585,0.00594561517449315,0.0230638370427234,0.0289052427796658,0.0349806686048592,0.0317592164328083,0.0455570812289072,0.0493482157831442,0.0467825063735206,0.048952093600654,0.0385847611094138,0.0305203613620791,0.0368602495390388,0.0276465639075183,0.0401337365603319,0.0237156567818675,0.00467136913266247,0.00681062470569789,0.000291392046944138,0.00180221708098018,-0.0126495297761399,-0.0145018772341023,-0.0228634794971213,-0.0214261093398016,0.0408635589090862,1.09874066829351,1.08404435543023,1.02810654051969,0.936505785175812,0.798863443779678,0.614239215698358,0.412329810030399,0.209473014456202,-0.0234816387708121,-0.240835112400401,-0.459466820651914,-0.647523646102744,-0.813059890009252,-0.938863895436646,-1.0286131974148,-1.06765195946064,-1.07031452194226,-1.00426031511915,-0.910209461444743,-0.769755519917498,-0.60253146284153,-0.405383234934218,-0.173871085487286,0.0507610498461548,0.269265761976687,0.488892361643678,0.681243626377127,0.841893858536572,0.973238036362454,1.07033628922518,1.08757387762557,1.08970912738498,1.03502400193152,0.935151934728738,0.80343202857801,0.633759923873877,0.421034492528719,0.197845498118394,-0.0166643652732501,-0.2468866524437,-0.462361361741153,-0.661566651036329,-0.809856290265979,-0.942204174668811,-1.03965882955777,-1.07388462696109,-1.06761101826067,-1.00205734320705,-0.905825660173054,-0.770784767573977,-0.595804561919055,-0.398456583560299,-0.177785606484591,0.0448668110673072,0.276069678479381,0.481297811040237,0.681521028784289,0.84144774599121,0.966744422645144,1.04775123078261,1.09975320828995,1.08162122679459,1.03933658299715,0.945931900532225,0.792315410910843,0.620662847927,0.427032501610818,0.197290315537388,-0.0207249657833274,-0.242201123494697,-0.46550174274639,-0.653587265069714,-0.826801710450109,-0.945330650732636,-1.03143543572659,-1.06519837321897,-1.0752619276564,-1.00957852455046,-0.903054037800032,-0.773457844964234,-0.595499826429087,-0.386385490900913,-0.199112066753643,0.0575103989327882,0.273047165927657,0.488148891770311,0.685398788030497,0.842247703705371,0.970959649689612,1.06041357280965,1.09722821938174,1.09379844226295,1.04542054079631,0.925144712319787,0.798776416853713,0.630858598894495,0.423272547383913,0.20049108489352,-0.0287949539484992,-0.240475450707852,-0.455150909762062,-0.649355558420906,-0.823336967770674,-0.939331509494068,-1.03108578339737,-1.07433937873307,-1.06741629772184,-1.0175267775924,-0.908874521020358,-0.768547592231433,-0.608871568698177,-0.389315127208196,-0.175141860065748,0.0368673542318811,0.263513952108526,0.481606008222221,0.682644561189827,0.838719379206384,0.959170627197987,1.06250912320371,1.09045422091896,1.08279805019466,1.03903571893064,0.93231819072584,0.796715190824491,0.619882785536007,0.432766176595356,0.210331603918761,-0.021590891789284,-0.242586223207189,-0.449059001318051,-0.650748942206446,-0.817816202522178,-0.946621084809473,-1.02826587688075,-1.06971785348875,-1.05805578089881,-1.00295812420965,-0.903379458102101,-0.771229990985241,-0.602414486798795,-0.388552169181657,-0.162295778668167,0.0526364062753299,0.270497901961892,0.486256251978393,0.676001275055926,0.844751368814309,0.973307133746921,1.04518279304525,1.09292925811717,1.09697048231564,1.03617543547117,0.940658785109353,0.807491675179436,0.619652711976546,0.435473476893434,0.197374432292441,-0.0243955478603629,-0.256689768863444,-0.472186147817631,-0.656674034905877,-0.814019980973699,-0.945232007242794,-1.02266627117109,-1.07600073134557,-1.06664779549618,-0.996100724785042,-0.909203473229274,-0.782235176722706,-0.599192230203311,-0.394215039484568,-0.179150496389576,0.0493118013534228,0.275808020807157,0.487209261267496,0.679887143649951,0.840580817339006,0.974314342799143,1.04723545025913,1.09320603304852,1.09801307130672,1.03909576158614,0.931702340929651,0.794116334574541,0.628653594187373,0.422809949031601,0.221656631378258,-0.0118069260081067,-0.247810872048341,-0.453626453466305,-0.659267962362996,-0.805179924005601,-0.931881341988162,-1.03358743152262,-1.07167086024804,-1.06199255252355,-1.01438659610386,-0.912528426658847,-0.779647334381661,-0.591090433912457,-0.388823430288108,-0.183567105240064,0.0447546612104586,0.262829187326175,0.480785384580032,0.68326190815812,0.842021943427726,0.981137325864776,1.05241210249688,1.09986078949839,1.08410731083844,1.04732222462808,0.929168575687536,0.797232259308591,0.633829580503819,0.433620660052941,0.216962512017322,-0.00219395942243474,-0.224247641447821,-0.448838150146229,-0.643166133247242,-0.818794532408541,-0.941477298246492,-1.02813703402334,-1.07881249078587,-1.06941273435837,-1.00855804205829,-0.916699875295093,-0.776026882600941,-0.591220267566834,-0.39850489403989,-0.186334522146026,0.0397313816020806,0.262257342444662,0.480612277768129,0.675802746762562,0.838568350353273,0.966785885211942,1.05682029019666,1.10477937528575,1.09322803402181,1.04794962930407,0.945349182910428,0.797412322743672,0.634630489190649,0.421177577778202,0.221073416064608,-0.0118969696672769,-0.243840436082562,-0.463217946802363,-0.642331827832009,-0.806669654654582,-0.939061658384169,-1.02398099331398,-1.08003648393215,-1.06528818322296,-1.00652150622347,-0.912070088479397,-0.774819533817584,-0.60010752991179,-0.405694834962466,-0.191051142377986,0.0398608225685611,0.264290939421444,0.48634480455837,0.660809653666826,0.834836885670825,0.965703417506656,1.05128649482588,1.09457117554966,1.10036203486042,1.03524037708209,0.940613398286162,0.810227978784257,0.630236211782844,0.437046007247344,0.214998217794154,-0.0119565074791237,-0.239188802152687,-0.46113859671932,-0.640479926978514,-0.809591816928012,-0.938223833772335,-1.02288431743841,-1.06861948441821,-1.06680277101955,-1.01355425193784,-0.911658968188353,-0.769301047085538,-0.611081750292962,-0.406787482150249,-0.190379427815425,0.0432915932613817,0.274548490361548,0.480453266963252,0.681972870335545,0.837281495957274,0.963260330449206,1.05059418597131,1.09544303515443,1.08207864235869,1.03924814446906,0.943922709394973,0.806788328637898,0.643310342381145,0.426805453997218,0.212509384894643,-0.00321869941916512,-0.234334549243472,-0.438389537516161,-0.653074208208209,-0.815559191220335,-0.931794666336356,-1.01782614940922,-1.07384545943005,-1.06529879610457,-1.00964141253959,-0.911937848876292,-0.778699073942118,-0.595481530607102,-0.407944678299627,-0.178736661980263,0.041738429441448,0.263635588220083,0.48207315829986,0.680242914361229,0.834525569606552,0.958816034961044,1.05515075728807,1.09831650156632,1.08862983246379,1.03598578109569,0.94073486080729,0.814309927044671,0.635443622076878,0.443094230023291,0.211090372407678,-0.00782448508130045,-0.223481594422868,-0.44121766082219,-0.649068580385143,-0.805017001922071,-0.926055909263653,-1.02698203487923,-1.06123348333109,-1.06184742811782,-1.01504254758579,-0.902750417612883,-0.790829342671142,-0.610883502582458,-0.410881039480127,-0.196346634136667,0.0380141603822455,0.265594072935562,0.476278838003445,0.66643791721387,0.826174991996002,0.963439113426424,1.05573852510097,1.09230712349921,1.09362194592532,1.02209791808611,0.939019367572076,0.808998335315783,0.638335625054856,0.4374644821781,0.222589996849978,-0.00128455267340017,-0.217855366266997,-0.441323254210014,-0.629816039550105,-0.803818576421641,-0.936872935534276,-1.01696608320681,-1.06889076485176,-1.06221879549092,-1.0132247954716,-0.915958199383442,-0.777719245743548,-0.604860980776953,-0.413000420722563,-0.207376053715789,0.0267242345973397,0.252157342759483,0.475303573966332,0.672920839083689,0.839879413996847,0.953074576458422,1.05872533703647,1.08134952517268,1.09723800699573,1.04316967223175,0.95194294902622,0.804936600871278,0.628236628340158,0.443199067674727,0.2278504706089,-0.0040007595699597,-0.220308974317263,-0.441845741429364,-0.6366169650567,-0.799125303785066,-0.935087553793889,-1.02386793880369,-1.06821871732669,-1.0654476795933,-1.0194278838647,-0.930381395742061,-0.796725194540749,-0.611002727531639,-0.413069023428188,-0.201438803481831,0.0286167165504897,0.249517009739963,0.475542629632233,0.666162081940432,0.829281593464529,0.958809575400906,1.04149974218968,1.0965722003102,1.08109230127226,1.03247779512981,0.943068027510586,0.814615108719136,0.637941751122336,0.438614295228226,0.224721873418685,0.00540193062132822,-0.222744869229404,-0.437869674467144,-0.630827276695474,-0.800699362928717,-0.935275304006191,-1.02135289791499,-1.06616953177611,-1.0625003861802,-1.01744604541972,-0.934671976466312,-0.775883475827455,-0.615205672234561,-0.410946890575081,-0.189649557619523,0.02872551607524,0.252024778197626,0.460904270745203,0.671524300438707,0.829789778209009,0.958484922016712,1.05817472383847,1.09414675387144,1.09030224076717,1.04025813535535,0.956517679498517,0.811348528859505,0.641166717687798,0.458076216296931,0.228301610345395,-0.000623892627699693,-0.224012108572106,-0.428803510597321,-0.636705817861303,-0.786145720536044,-0.934948237321509,-1.02699345789811,-1.06536806911882,-1.05657580612476,-1.02449395162249,-0.924164067604769,-0.800858840497887,-0.615616831334273,-0.429990020410288,-0.188569957020074,0.0251753803788104,0.245018585392354,0.46571268872435,0.656946350999422,0.817234111419629,0.95643555030158,1.05249763489573,1.09723482144543,1.0878629379334,1.03491602038311,0.960380457945148,0.822988849467158,0.638324164505732,0.448867010393818,0.230858692945642,0.00174459155623722,-0.209229723578678,-0.435347198573954,-0.627590386931937,-0.797253259717695,-0.926393351665331,-1.02227229077811,-1.06791236185618,-1.06240286652795,-1.01278093199543,-0.929855152517189,-0.786335255231889,-0.621543376310564,-0.413824218526477,-0.212284589512912,0.0211817827423505,0.235535995605855,0.461462449955099,0.663439809365562,0.819664736917752,0.957476165473445,1.04686943759634,1.09505563919762,1.09093076036115,1.03865590297741,0.943490819031936,0.81545480177509,0.643978593062101,0.453683548650002,0.235371860702723,0.00728585103157329,-0.221102626374758,-0.434972753084126,-0.623690240091377,-0.789104301844475,-0.926797329063805,-1.02636656236107,-1.05731959912013,-1.07648777984322,-1.01245629120685,-0.926873379526239,-0.794920602284152,-0.617925648332023,-0.434874548607435,-0.201991422398583,0.0168403781868034,0.238066787451991,0.458539043128846,0.658229747301798,0.823920268662089,0.960616543439746,1.05689888864642,1.08589073466315,1.09957706437389,1.04751360015624,0.952035542718955,0.815352245775538,0.655983918338693,0.458742829809448,0.239013360287552,0.00547923036114266,-0.206282838461625,-0.428063048516456,-0.615351990794071,-0.782393272583204,-0.926678729107845,-1.01534083435045,-1.05965743773043,-1.06689356181113,-1.01024305031291,-0.933870408427471,-0.794073168478388,-0.626163317693263,-0.422744725613058,-0.196405241565154,0.0273016914679031,0.236171433167771,0.458708744794065,0.651105783721926,0.823124200726651,0.941847613392634,1.04705636830475,1.09547608383564,1.09826898297777,1.05479677021347,0.96223245419001,0.813008065709324,0.650543252087829,0.460519846606533,0.245127177678406,0.0206314642273801,-0.20762133096707,-0.420160465879551,-0.632564334044088,-0.793955889491864,-0.931957398026392,-1.01697910587478,-1.06868971457591,-1.06325111808377,-1.00817894316549,-0.92461152644653,-0.795008445429616,-0.621798849492411,-0.430871804879265,-0.224165272629787,0.00602326237525326,0.240794639718109,0.446856257936223,0.647735735731661,0.822470434463582,0.963112163681675,1.03889456718951,1.08818921032735,1.0890351185807,1.04502309055693,0.95688213522414,0.813697879226369,0.648845677301928,0.453112020699849,0.235202772193699,0.0233536912148172,-0.211272904607496,-0.420625825431806,-0.627651381491291,-0.780607655419342,-0.919390396396484,-1.01756181927745,-1.06462088786079,-1.07216558783638,-1.0093924317484,-0.928347114921971,-0.809145883142845,-0.633643266185574,-0.440344774152597,-0.224271827274821,0.000266209815475799,0.235320672775874,0.450371893420846,0.640994563959948,0.81642803070416,0.950288460554558,1.04660331970802,1.10034113342868,1.09274071046749,1.0527929697431,0.96161297850333,0.825203888133718,0.660672788033613,0.470361053822186,0.250076149648919,0.0132245742119453,-0.190552277513078,-0.428309047075543,-0.615419364804787,-0.788790124517835,-0.924234553226285,-1.01317908335843,-1.06102211212013,-1.05733569675995,-1.01718731521808,-0.921966603744899,-0.797895486228612,-0.633520252252008,-0.440614667005214,-0.227028692076631,0.0132749620691757,0.221576521470608,0.447586733392802,0.650592694243358,0.818980048903574,0.947231920990349,1.0422454408475,1.10142514141265,1.10081787660489,1.05173633884872,0.94958653134691,0.828083615460321,0.663958140576086,0.464034026338559,0.246928819351183,0.0247333673077357,-0.190349401526701,-0.426339017951581,-0.616306505721541,-0.780858285461715,-0.927861399344421,-1.01171507048375,-1.07177664393996,-1.0586118630378,-1.0207553543751,-0.936563274285963,-0.801645664178087,-0.633566758846093,-0.438706385911234,-0.22030148472706,0.0131586739141373,0.215421307621713,0.435953353480556,0.635685670928489,0.81287123518794,0.951668084915759,1.03664166087266,1.08572164465187,1.098109349036,1.045711941714,0.947445875767759,0.828296929938591,0.664078974736465,0.458859586655014,0.251910859115836,0.0389643326985875,-0.195908107534117,-0.412792021062146,-0.607084624729231,-0.785512028751888,-0.928402195196894,-1.01841790812573,-1.0722851427295,-1.07409008177964,-1.01895189754375,-0.934719198682526,-0.81022724422531,-0.648181828107138,-0.434592111787058,-0.223750952012267,0.00751147228611147,0.227451935996966,0.434425964098018,0.631999203340555,0.803525473520326,0.949936367588118,1.03586459963603,1.0779047673591,1.09358630944237,1.05183672446406,0.962623642081984,0.831473705132583,0.660052405593742,0.462936867162281,0.256451501978357,0.0307490699647861,-0.200023478840002,-0.409796429507437,-0.605859535116945,-0.790015830067973,-0.911393494742375,-1.01416656694772,-1.05511290102447,-1.06947550710486,-1.02207998216257,-0.934413682013061,-0.800414984598002,-0.639762987210223,-0.447314791640349,-0.236397338672273,-0.0168577452136886,0.220351232110475,0.426874714887682,0.639852913764013,0.807195135946874,0.941629366505571,1.0413026244357,1.09720531277567,1.08074526562324,1.03853499174464,0.966682068067712,0.836494943939725,0.679831928947006,0.469106694824932,0.255808729661935,0.0294710964521946,-0.199646001497087,-0.40762361453387,-0.617465790234766,-0.783895024423163,-0.913433586094132,-1.02476709048406,-1.07520066039265,-1.05912878694346,-1.01746506619716,-0.939428397985481,-0.804701250838121,-0.639564009098043,-0.446186971704677,-0.233130877771263,-0.00916603844469559,0.218958745996306,0.443591299116088,0.641869369271849,0.813557623165328,0.937925548165274,1.04623702048869,1.09626319265964,1.09448230782331,1.05127156358881,0.961660791280158,0.834768976657126,0.666563430013975,0.478888424083808,0.258638788337421,0.0323335647270682,-0.183418441613835,-0.406708622055654,-0.615376832061165,-0.776127700218362,-0.927619257059049,-1.01687778427371,-1.06582844083735,-1.07525751154211,-1.0204763766026,-0.940413557307234,-0.801761904503343,-0.631541160884291,-0.45056951249869,-0.238837380915728,-0.00915470624354702,0.201464964756502,0.438131268341163,0.636484352707695,0.799796081177481,0.941334364782938,1.04531541900201,1.08407627116122,1.09312377965846,1.04693429234934,0.963870515824007,0.83133519286676,0.659545840644542,0.476143670976922,0.275087733517604,0.0346123320712332,-0.18325788339988,-0.414364066586484,-0.601212095284129,-0.771950652843654,-0.912776238364095,-1.02177942544425,-1.06488927948282,-1.06290303891196,-1.03565564198623,-0.935938961574836,-0.809624654838575,-0.636360002789381,-0.450738464691454,-0.233009828706136,-0.00026608658125816,0.22219382628766,0.423501440964391,0.629067370002251,0.798843751397096,0.939508136921166,1.04585064962951,1.08798613467264,1.09849973047227,1.04962574522893,0.963794811521135,0.845558747454614,0.668288961062079,0.488697975174837,0.264800146354148,0.0320869358046392,-0.183294274701929,-0.408986985311482,-0.596972877370282,-0.775270457402738,-0.904411464386502,-1.00927049680348,-1.0484687668111,-1.06501232461462,-1.02459262792732,-0.928801126230078,-0.815426093866419,-0.647126093777999,-0.450701114235022,-0.242837304975072,-0.0135104174873324,0.204074224950339,0.425214271988702,0.626208054556912,0.808656241044064,0.942201601146643,1.03314628762189,1.08515334585667,1.09579674735851,1.04741951595869,0.966532509079907,0.834590570406762,0.673500278525905,0.477316223117605,0.2712527271278,0.0371532475016889,-0.186070409462378,-0.415129340912039,-0.592099883584272,-0.769968004352165,-0.907406279371727,-1.0120568643586,-1.05703880458889,-1.07751174331657,-1.02448945118089,-0.945303474538226,-0.816011025760719,-0.64733491819428,-0.457717620977311,-0.240708904267514,-0.0136168611967489,0.217875949669546,0.43506177853057,0.617567689639466,0.8046869753246,0.938215084456759,1.04086046049834,1.08445060262103,1.09681601434333,1.05549080802846,0.958326977281707,0.839721404589969,0.672378054974581,0.474153956903741,0.272112159503934,0.0518680616544135,-0.191448988466079,-0.399279560910826,-0.598422331721884,-0.773130754452418,-0.914727603100468,-1.0103686792656,-1.07173732033836,-1.0726955191876,-1.03036831957014,-0.941477884327075,-0.802010910154261,-0.654391966384824,-0.456621469358395,-0.241960421637891,-0.0152290372289364,0.213539698717865,0.430936771530387,0.629366982977929,0.797572453785259,0.93583636886675,1.03991761439199,1.08845870508559,1.10386995843118,1.06340026868217,0.967628085961131,0.836652807877284,0.684602872859992,0.483475023956367,0.266873404230132,0.0511803322143517,-0.182467850268407,-0.402644092588117,-0.602148936017857,-0.778088694686976,-0.904984140771865,-1.00491210018982,-1.06899604192409,-1.06823741704927,-1.03471911370197,-0.938913330283692,-0.80429381732433,-0.658542519406623,-0.455731619675374,-0.23979059288777,-0.0171894931422768,0.205204454837969,0.425466433372246,0.630540943925205,0.795008110706283,0.932146061882894,1.04336991628446,1.08682929172583,1.08948729499969,1.05260913064826,0.97199116901494,0.834257149937155,0.674225630580865,0.48985433028267,0.279831193326829,0.0507228296831826,-0.171798160230359,-0.401972851834571,-0.606597266845952,-0.780117770543524,-0.908718933552413,-1.0110773313524,-1.06438973442832,-1.05668166819202,-1.02941490291926,-0.937334943900282,-0.811468782746015,-0.654457835634824,-0.454890299882296,-0.251917087134878,-0.0211733906387314,0.204491188959954,0.416235124273808,0.623667149767731,0.795569314183727,0.92928974856044,1.02458120985571,1.08852308292496,1.09306350650516,1.05181410991353,0.984690906907061,0.838740769805986,0.67401209010713,0.490573547950746,0.280419014903279,0.043036976065357,-0.176695743951864,-0.401288700909407,-0.590048493956609,-0.770814709445129,-0.915326493815091,-1.00607089661899,-1.06441703474183,-1.07424258206646,-1.03507384036685,-0.94378009350417,-0.818227096115618,-0.654025936239421,-0.454531089550526,-0.253365484945048,-0.0282168370045002,0.20919414461865,0.422133868898613,0.627021001954013,0.791605346893752,0.928608235393237,1.02887998232173,1.08746457334973,1.09065710335497,1.04379082354946,0.97566609633692,0.836754406942726,0.681395124451097,0.490444162133213,0.266423887489547,0.0430790508961543,-0.172569524167587,-0.390291054744571,-0.59608709346147,-0.780104078756178,-0.91188969112075,-1.000820468262,-1.05380650863979,-1.06407554752409,-1.0270656865093,-0.940110543060393,-0.819553325137732,-0.656482456264422,-0.457374548871115,-0.239881057668203,-0.0140008891466735,0.19482798306372,0.426005489889259,0.623626479838824,0.801533324011175,0.930418966192899,1.02357825381339,1.08679772688345,1.09103181368892,1.05601955851081,0.977419882844217,0.846386367811705,0.682996525276243,0.495427761273297,0.273831018126964,0.0556186227798715,-0.182217237655583,-0.390224485873637,-0.60479533886139,-0.768694520835153,-0.905888251636254,-1.01231826220971,-1.05608975610144,-1.07537059270497,-1.02379994941806,-0.946345369845695,-0.816663028378597,-0.657359121948284,-0.471037737727646,-0.253235059665568,-0.0270816134710527,0.213905945918591,0.42154307945259,0.624434122289202,0.801206202139064,0.936028931785188,1.03681264373341,1.09464645097825,1.08321100227359,1.05303658994625,0.971122054523978,0.842510437017977,0.691897319668488,0.490325063593658,0.255990294503527,0.0542409016060002,-0.18041197770317,-0.405388365043866,-0.598820308438551,-0.767418084389026,-0.906501399266495,-0.999520704108313,-1.05954367016666,-1.07794603205858,-1.02981141298019,-0.922903396904202,-0.800486470021866,-0.663198119930958,-0.466284488576067,-0.262329134584982,-0.00860873585154896,0.213236851824829,0.434424843907902,0.629278688530514,0.795922383562613,0.939476636895871,1.05119619694584,1.07996318163239,-1.06834444894265
1.01119171516226,1.00367835025903,0.96520086215857,0.882517355616051,0.762074092771026,0.599258979763261,0.444047552689103,0.257193181164631,0.0403002896590449,-0.151626603152762,-0.338940991180195,-0.501691216659015,-0.651817423167621,-0.762977535667202,-0.829341166320616,-0.862570546862763,-0.861458748357537,-0.811263181610825,-0.738788569852578,-0.619968790768608,-0.461003675147613,-0.291740637534965,-0.10581411227435,0.0911816710559844,0.292536272989481,0.477925608661352,0.647816023144146,0.799723665337814,0.896402442749743,0.974310709280143,1.00583074715509,1.00952240906559,0.95962130539173,0.874423900827811,0.763844121525179,0.605755250809248,0.434520137005841,0.253619591948213,0.0596499768925752,-0.144601401928364,-0.32581454263508,-0.505563863584942,-0.644875419317492,-0.75048741977639,-0.836360782871033,-0.862112212681852,-0.875623761064214,-0.814375739205759,-0.740456174642444,-0.615207466821103,-0.467556865874814,-0.27902597421158,-0.108689159091841,0.0997596874844048,0.28767071263929,0.48360028421718,0.646507690862838,0.778353431691988,0.901471069179639,0.98354809993037,1.02118687317033,1.01946443654283,0.955161238095079,0.885710700741045,0.762138841413938,0.612006568789635,0.433135273526908,0.256410586223911,0.0458284501517672,-0.135583948147877,-0.338704226910714,-0.497189265982552,-0.63680842077316,-0.762059764192376,-0.830767713943574,-0.865434236070594,-0.864305231184169,-0.816124145976828,-0.736515844716668,-0.617896261002488,-0.475103160442042,-0.294884464963454,-0.105229703646583,0.0962505176585466,0.288517698783581,0.475146310143286,0.64170625385876,0.787685386360547,0.893477266858747,0.981109623225362,1.02076938711477,1.01244002917665,0.975574770626281,0.873117079583014,0.761826228091128,0.601341803513818,0.439508483201894,0.247127080692968,0.0616468181262733,-0.130025044207976,-0.327215905140829,-0.488713376862498,-0.640998921898276,-0.755124932244655,-0.827905089318786,-0.861491239176717,-0.86218971434891,-0.812733559911343,-0.73694304585892,-0.619101800401106,-0.479280386615873,-0.298553945068746,-0.115326922886066,0.0943254911843844,0.288963914174641,0.480570531152706,0.64850630162114,0.796699752362426,0.90305940167672,0.972340612961244,1.02196231327325,1.00497185597984,0.965370419225624,0.892074680900976,0.759208756278254,0.617690957537006,0.447629065926254,0.264133616790929,0.0692247065010785,-0.143218948509961,-0.316726146803535,-0.504512081409173,-0.634613086142819,-0.761386770820642,-0.83416507106942,-0.852447897592874,-0.86317719309861,-0.824259789587491,-0.739247378059726,-0.632147810162674,-0.477989664857258,-0.297682096912864,-0.115381295579882,0.0814415502384928,0.288723118513582,0.47417902529494,0.644044332914465,0.776455782107155,0.908457642264776,0.974805530929615,1.01169286390276,1.01343133618312,0.974558751835466,0.896450806387523,0.775372663152432,0.617394456349456,0.441561219597503,0.255596046989023,0.0592177669969968,-0.138936413816278,-0.331399419110962,-0.489153977680845,-0.6315203179148,-0.764532023312034,-0.826071994688636,-0.873530825767393,-0.867429696543105,-0.820463501008049,-0.735171207903109,-0.610732564403558,-0.466629253072451,-0.302266400750433,-0.108734542011293,0.0871113608756459,0.272503338844508,0.465926195704474,0.63344340694285,0.788655276428947,0.905029630510073,0.971172996256958,1.01630980528392,1.01689206258624,0.975846714700071,0.898744633773411,0.778882061449957,0.621130263164425,0.452837819210842,0.26299074491387,0.0600121688687267,-0.135927584753603,-0.328428967780087,-0.490036709669981,-0.628574014454382,-0.747747781804427,-0.826560228819418,-0.85776983353706,-0.860517452797705,-0.81195979828416,-0.732016885963822,-0.627935700435312,-0.473506899239875,-0.304189326198153,-0.119515831625488,0.0755316739159411,0.281215223632928,0.479965696291448,0.638143805298288,0.784113730459419,0.896479528919124,0.966983758098312,1.01493576243359,1.01675062783516,0.96850135398276,0.885248435121051,0.766442855568396,0.620740993126731,0.449889937827146,0.271950556290384,0.0616167260774738,-0.141720119268754,-0.332049159979171,-0.488833443785434,-0.636497101620537,-0.755412153965563,-0.821191460062417,-0.867961807250583,-0.849699617914893,-0.831205608037237,-0.739159489274582,-0.62794563631066,-0.480556035298244,-0.304512373310271,-0.111290812967178,0.0886611520606545,0.273375564063851,0.470877708632722,0.636709847667281,0.772476830573776,0.898228272856134,0.964303901623726,1.01719576213026,1.00885150253225,0.973390835576428,0.890952269990416,0.771694089294773,0.618446788833492,0.455770606212786,0.265701908521023,0.0625975727886652,-0.142814662667244,-0.31085820800418,-0.492069029522954,-0.631308768001002,-0.745313698222679,-0.824209890076435,-0.876347944023815,-0.86400691732959,-0.822437648314649,-0.739080240887486,-0.619894342221465,-0.473449740976727,-0.300501376817147,-0.120384991622731,0.0664802713579101,0.278758303246713,0.474366411323278,0.627077680765642,0.772927595121805,0.903325750845715,0.967474449654712,1.02462040077316,1.00824582654522,0.972761639613575,0.883981905669755,0.77718132520481,0.611557013897958,0.457667994102351,0.268143611398039,0.0787345842717188,-0.133533174755006,-0.317116531838362,-0.489116510233475,-0.622892356666364,-0.746647080271439,-0.827539787991811,-0.87081281374729,-0.858926200180221,-0.819190596589026,-0.745058644141859,-0.628781927980156,-0.485314549949258,-0.308515820728001,-0.117540037853299,0.079200135175765,0.261179519874395,0.459690997706884,0.626120377064229,0.7715885860663,0.88432299873282,0.976780925184732,1.01695606946928,1.01401054454544,0.980924683599723,0.887852862967718,0.762813610936189,0.633278464117082,0.446232371485876,0.263354874128955,0.0718540260618064,-0.13681964518668,-0.31744625614169,-0.477832711076201,-0.627332474596363,-0.749442977937304,-0.825269586103405,-0.871093358605463,-0.86328853595549,-0.818674759299509,-0.747463979627475,-0.630605241250117,-0.484525995619827,-0.296923860527855,-0.123059977273978,0.0752531732495027,0.263173487110258,0.449742335585808,0.618503592025337,0.775666241892854,0.887343143040223,0.965186230336462,1.00472344401427,1.01640626990794,0.971470910443653,0.887037494847371,0.776703963844472,0.622872246543589,0.456007876408547,0.273618606791206,0.0741775534757218,-0.123213596440405,-0.315012908747107,-0.48159733487283,-0.623818241228974,-0.745434365642428,-0.820570033304102,-0.862335051725414,-0.859549099106284,-0.811524411762408,-0.742932070281609,-0.626039376575921,-0.480950385793949,-0.315052467667766,-0.11289994201635,0.0699294888711806,0.259581749878231,0.450732349935731,0.62726602281044,0.775888142024957,0.898442934537843,0.970569282843553,1.01024410007797,1.01298438794483,0.970719078298659,0.89998787389064,0.794289508913694,0.627075333697955,0.459418589161205,0.275980695679905,0.0733432449934895,-0.100812874019732,-0.308425394344068,-0.484629329937139,-0.625529084144723,-0.738639391642604,-0.829408092308835,-0.872287981803731,-0.864106686126445,-0.819682531990308,-0.74765644317321,-0.634102226550782,-0.484971082606383,-0.300076206791877,-0.133552663547148,0.0745712134142587,0.267848923986955,0.452629955899355,0.634157518644191,0.78361397076362,0.889122470369462,0.962465977347746,1.01012755503423,1.01256929705062,0.978300685132269,0.88949675538042,0.779391219748713,0.634087112004753,0.473828039869303,0.279410916471534,0.0794478225217007,-0.118984176524739,-0.317555333736075,-0.47168318739023,-0.620931201030612,-0.735468806110685,-0.825834328061154,-0.861568677643736,-0.866187963887271,-0.832984963886446,-0.741730573122558,-0.634844290568038,-0.483001309279661,-0.316737497627742,-0.133682405013074,0.0720746006939179,0.263300261196837,0.45724140559468,0.622311183461283,0.781912749584924,0.890247723597626,0.972929247175545,1.00692153329252,1.02043235910985,0.980907876984384,0.893897228106517,0.780411012083086,0.641373485391536,0.46435405210164,0.271531001752062,0.0868275451371247,-0.125427525504,-0.314166905603898,-0.491349955712271,-0.621582662133401,-0.74228833291473,-0.823771937388213,-0.859109580697077,-0.876707462394022,-0.830756127942463,-0.74833210271096,-0.638270771517239,-0.49147621428607,-0.319408073636928,-0.131309049204034,0.065510580676755,0.254587872574104,0.452224410530874,0.620212253572661,0.769404478888704,0.881789990716705,0.975896954924458,1.0248364434481,1.00941935056505,0.968923229101719,0.902325819848657,0.793910120673833,0.636032063015053,0.466416193030066,0.277934793705524,0.0989414278407921,-0.112895130129754,-0.305436675637743,-0.480357334099939,-0.617364818265154,-0.737606941321039,-0.813115583642204,-0.8570867520087,-0.864137764492595,-0.826985078716071,-0.746433191554696,-0.620219316440819,-0.495073439125936,-0.322067262701348,-0.138254722031224,0.0751745917820812,0.26360831969252,0.442977200619085,0.614814248264327,0.779002496603352,0.894316130406422,0.97188552210624,1.00907787244345,1.00940278332441,0.976409651830016,0.900573160587595,0.779153267866323,0.641351677682358,0.463746211463133,0.289842651039609,0.0847058784475112,-0.0986483183034822,-0.299067842682667,-0.473891064552524,-0.626889190473149,-0.736098308645267,-0.826844234205584,-0.863718179620655,-0.867926963747178,-0.825935116160299,-0.749463576415357,-0.634652871558832,-0.495535794328145,-0.316634464399536,-0.14381566308698,0.0649713176763262,0.26705815768924,0.447190610684377,0.626973401778156,0.760102284240353,0.881829791914354,0.966662642631675,1.01629221577175,1.02536585661324,0.97992777944169,0.891591408301975,0.791012661058186,0.640176614458105,0.476005377214892,0.278685058078159,0.0852139886528629,-0.106675222476569,-0.294892216175414,-0.471842305331836,-0.613447331037155,-0.743432532475668,-0.815169299114521,-0.853275231345363,-0.874998197830203,-0.828572734090692,-0.755189273303139,-0.636042959190231,-0.488560458358441,-0.3253125596353,-0.129705391303185,0.0537245466739856,0.249960173509296,0.441203600885209,0.619930977854636,0.764177436836094,0.878898877480474,0.977118781032072,1.01593620251027,1.01155473231236,0.978430913078337,0.896629139512034,0.786305100248842,0.646114459476647,0.480567604888381,0.292005143671353,0.0957311025338561,-0.11675919139716,-0.29764893048977,-0.472773900086835,-0.621953632139189,-0.73426971426927,-0.816526288031837,-0.875239351284064,-0.873859065531316,-0.838163109010489,-0.748307642926895,-0.65419340385136,-0.495311755359082,-0.318312985852337,-0.144119264374928,0.0556036775080875,0.24980872961581,0.446979691856411,0.615633203051668,0.767685840513892,0.882081208354733,0.969527166606771,1.00787307374726,1.01712483994699,0.983119265985407,0.899292546399808,0.785450572448833,0.64497926125021,0.474959768615117,0.288493418995874,0.0992130990141726,-0.0990506452082331,-0.299113540921244,-0.465669733750158,-0.61232881866891,-0.726503214348186,-0.822492735458206,-0.867895185799082,-0.870213799936228,-0.82871615141443,-0.756864248461474,-0.647314054624552,-0.497965714333884,-0.325330895255157,-0.144872644842777,0.0477167643013919,0.246174303794833,0.430862021835635,0.604360159068202,0.761326220136889,0.894563466055917,0.961307255387976,1.02089893283489,0.996343509255601,0.978279591205094,0.900912915894254,0.794177289811202,0.641356682658135,0.473811504492026,0.296582920038258,0.0793675145629783,-0.0996609563519902,-0.289577868369773,-0.474403856648381,-0.612606775026525,-0.737720226033854,-0.826002544544703,-0.867792680460552,-0.870722504350228,-0.831682874015127,-0.75452958354858,-0.648131130313277,-0.506229916611104,-0.33526997568114,-0.14127657905501,0.0621730466099894,0.2494847580187,0.437588772146313,0.606406470845264,0.765636595195699,0.881971012356837,0.961872859411242,1.00819585355652,1.01231098420707,0.969300238207246,0.90214188225158,0.78744062167039,0.637108669586753,0.475397018466415,0.302401743813787,0.10091575468411,-0.0948160747679942,-0.289904642664764,-0.457236834484375,-0.613042997251708,-0.727334251331971,-0.821096905348212,-0.868818344563047,-0.870687167954322,-0.844652467336025,-0.756397517351074,-0.638541219475095,-0.495225996380152,-0.319688559265347,-0.146536947351438,0.050587254149937,0.246644622864572,0.437218775413475,0.613233807283476,0.749955775873329,0.86960839843092,0.966517505800985,1.00734416586499,1.02505257521888,0.983164711211774,0.904534299525475,0.791077733028449,0.638400971042902,0.48362261213326,0.277975263251527,0.100983682367145,-0.0976277102354319,-0.289598039730205,-0.475319103918963,-0.622683483121347,-0.741646315960953,-0.80577104401663,-0.853280284520112,-0.871036440193135,-0.828758586504442,-0.761241278439871,-0.642778724637767,-0.502909886153799,-0.340270126199129,-0.15733235469676,0.0542580758526929,0.238069957932015,0.432833222385279,0.609943580020531,0.759689476319022,0.876602613342696,0.969065619578995,1.00983612550245,1.01514008625273,0.980975709915987,0.90852033298917,0.791419837150613,0.656624242877521,0.474542068892136,0.283350254740884,0.0909401612361787,-0.101804001922466,-0.29078593879194,-0.464718823103301,-0.614165882051069,-0.741982706221382,-0.833706189392804,-0.859199308457591,-0.870634378140254,-0.826009465038145,-0.758157736658023,-0.654418861778708,-0.500704084796251,-0.338679412618542,-0.141041301144031,0.0476533966400116,0.25231329258582,0.423360205416401,0.605082844306238,0.756031668231588,0.875040298299311,0.962625015550559,1.00854074917971,1.01545773258683,0.969829014024415,0.900451063524521,0.789478099905667,0.635586828325099,0.473803788727939,0.308837928180543,0.0980325802765242,-0.0938072189872459,-0.2832241730321,-0.459773738051227,-0.596360450743862,-0.736078355135287,-0.816061065577695,-0.867729116456886,-0.876957119375775,-0.836508821170056,-0.761536807262308,-0.650508087272016,-0.493123198460728,-0.336226047607414,-0.138486352522503,0.0486352428340135,0.243537312982854,0.427658092231865,0.618204571233797,0.764885432166649,0.870646225673871,0.959206737711974,1.01086259202571,1.01566484585224,0.98609646950746,0.902022817224137,0.798001059891947,0.653285424045673,0.474832620378027,0.294733178037898,0.0937262180492447,-0.0907340280222342,-0.281522810361304,-0.463270749421885,-0.612608089068245,-0.749445293199223,-0.817266559456685,-0.863356612368262,-0.865046130554211,-0.835274435326536,-0.752997224538834,-0.644873458950811,-0.507413859648655,-0.344596770494926,-0.15541866720199,0.0536056580247117,0.2486923772356,0.436644207009124,0.608092287438595,0.762196406135355,0.883991622417488,0.97779562525684,1.00947932148514,1.01935277032955,0.986102530858907,0.906666699780435,0.800839690325945,0.650920123211359,0.485019884567201,0.290580288975266,0.0975102269077791,-0.101650201571069,-0.289379599936281,-0.461938995193445,-0.621740639773474,-0.729517187834002,-0.81077963200806,-0.869331205092025,-0.873133992722398,-0.825750478085874,-0.757046700674102,-0.636752057164047,-0.512455908646457,-0.326598859569219,-0.152132420802429,0.050415651358824,0.24395426469456,0.43589574715025,0.599816183678702,0.756048670520092,0.874321373967805,0.969381343829088,1.00789595487974,1.00456371676965,0.987129419491442,0.893341842380024,0.789010611061795,0.649604621747382,0.483392461359312,0.29970204477875,0.104448337841766,-0.0968741019707644,-0.283793172353594,-0.449213870817541,-0.602483063414351,-0.733861295240344,-0.818741483111916,-0.866046921472294,-0.864168320985079,-0.835652979248807,-0.759635061581998,-0.654811811585468,-0.506701531983501,-0.341058874345793,-0.152913651890892,0.0586453543040739,0.243850238006087,0.428452716109254,0.604240476480273,0.754270967419393,0.88296420037059,0.967447434251254,1.00202864016741,1.00470565739533,0.978534854994919,0.904964466459166,0.791885553215787,0.647098395340541,0.485364009777831,0.294998613126685,0.0946109397460091,-0.0951850853175127,-0.300575646968456,-0.458613154425694,-0.614470606948484,-0.72145109095808,-0.824713959385512,-0.870108069856965,-0.868655631598019,-0.83641738102781,-0.758425926401271,-0.648146139284333,-0.510014279086526,-0.337220348991273,-0.147867680104543,0.0509283472104224,0.244045675331649,0.435583874625409,0.606831873461449,0.763098351676183,0.871839518064571,0.963876654856642,0.999956912713872,1.02424530517289,0.981341871606331,0.906497845576124,0.784055685551361,0.654488419135364,0.482353495696258,0.305314095122824,0.094682367585317,-0.106042961613214,-0.291048168236221,-0.452822276169923,-0.613692354013544,-0.72623948657905,-0.80986649634101,-0.863402005076845,-0.876885688496956,-0.838167786566238,-0.756492865302361,-0.644977955439659,-0.502168337395929,-0.341228559669757,-0.14774953488618,0.0433498196046995,0.236365303516425,0.434814526732692,0.614307954981902,0.754815858388315,0.877334400382068,0.975419563925009,1.01405371158561,1.0121047931108,0.974303657410369,0.904161362580931,0.800503428316101,0.644128553344712,0.485425515129096,0.286832069972862,0.101533391929622,-0.108387933821858,-0.283576766443779,-0.464920163339559,-0.607472806497505,-0.730186866144971,-0.814346802879954,-0.849980828254166,-0.879564481530644,-0.833620340302453,-0.758333720272364,-0.638447444333406,-0.51393467923988,-0.332041470818518,-0.149339488351551,0.0387075174174308,0.240384737417224,0.429056045162797,0.608362451741163,0.747162020553147,0.88161484136938,0.966223024834665,1.00789921905493,1.01501230747873,0.980812020498902,0.906219277758586,0.787045177230893,0.647306448678962,0.473902369343075,0.299410349345928,0.101074785289961,-0.0921739242285031,-0.291282212848069,-0.455384326595089,-0.611715132448554,-0.732844493142448,-0.816851224127935,-0.861563739600059,-0.885509860053929,-0.837977544524415,-0.756807876504223,-0.648452304431336,-0.504619780813462,-0.333845138529433,-0.15708363268993,0.0482938373596739,0.245799603954341,0.43299419090614,0.606272896475905,0.748231683815096,0.871722912543848,0.964148223846489,1.01661376266937,1.020192386226,0.985008946492295,0.891890088645427,0.800595213695572,0.65127038790683,0.480303476787545,0.290100900684361,0.0867792792269722,-0.100258964610998,-0.291251803554034,-0.463892287439017,-0.607818437710779,-0.721272359409349,-0.819258621190643,-0.86790410879182,-0.870209862445336,-0.839394050932161,-0.742485167050551,-0.641288886635607,-0.499090330530102,-0.325703370188528,-0.148868857872234,0.0383470877233335,0.24879928345226,0.431438126780142,0.604672681706551,0.754543858439455,0.881820809644917,0.950849796608725,1.00375445547862,1.01792993074291,0.973654033722266,0.898485352287946,0.784800655227116,0.638127937991555,0.491457927485309,0.284059119785538,0.10205972013134,-0.10203093389176,-0.293679569897491,-0.465497952256349,-0.609039450644147,-0.725676073907347,-0.814281275133321,-0.87177872367074,-0.861434644506867,-0.831267986632171,-0.748496751707511,-0.6545660047038,-0.496459978405682,-0.335610239452585,-0.147788868343343,0.0531198971814956,0.258517598171207,0.433105775297824,0.6058910779082,0.760224455392778,0.873508693744825,0.963388662219425,1.01769027356755,1.00575457578778,0.982053036131185,0.907048917107093,0.792215497559642,0.654775029721143,0.468200096719301,0.287113049636882,0.0962299844385677,-0.0995471911458992,-0.293357957330391,-0.456028584516162,-0.605616209723062,-0.733391209868256,-0.812798330839691,-0.87144836088434,-0.851923684045286,-0.826031644029481,-0.757039397468993,-0.630166349769473,-0.511219765478765,-0.342031724492457,-0.147536670168425,0.0539865897968104,0.243427849049457,0.426197924329877,0.617092554642172,0.755036861876106,0.879102240532716,0.95333813878976,1.01284553739409,1.01278241695703,0.976319757463491,0.905941055370528,0.789260752722251,0.64797537625311,0.477197169571404,0.289147339905755,0.104952351470775,-0.0959406284061794,-0.291722865503837,-0.458853361166401,-0.613673758816723,-0.740330073544272,-0.819255345146774,-0.864885863293722,-0.862395622262319,-0.842450613662968,-0.760245878452392,-0.638299047667886,-0.493056421520774,-0.337370179299288,-0.143752792083274,0.0558801356624584,0.24109567236995,0.440592038038666,0.620509264179393,0.767062373045598,0.880060199726419,0.962277024821893,1.0090261981679,1.00872976933913,0.982642708513231,0.913057322895505,0.787476048408487,0.639660971094715,0.466457879697434,0.286470740972781,0.0858969211635754,-0.100545257450223,-0.302043281941051,-0.474073823564992,-0.615363665308929,-0.740765310211202,-0.828407123715624,-0.860529415556498,-0.868855465471117,-0.822719407747012,-0.747812524500554,-0.634823105532856,-0.503696476834212,-0.330765436204005,-0.154596618396978,0.0497891169737511,0.253058289412557,0.448499707489663,0.603621292471136,0.763500280634304,0.882077399953248,0.962808118196743,1.01140963528393,-0.870148072138654,0.0931380254381355,0.192986297017363,0.382432597875218,0.56467779133507,0.717519136208159,0.841481502528557,0.939422910215449,1.00108509100877,1.00872395741863,0.994627403450623,0.923124821122522,0.833738965062271,0.696261023954884,0.52454173284744,0.345879230733349,0.159910594780237,-0.0439289624576199,-0.228964934803242,-0.413258566387331,-0.574373759395865,-0.708880463751571,-0.801336005240787,-0.858025233857908,-0.876708388928432,-0.845915183235095,-0.779565545378782,-0.685611247395405,-0.544355544862846,-0.389993483636238,-0.20391093338701,-0.00880001875563194,0.193307784455915,0.385169803994557,0.568864082248671,0.711042466334335,0.835128433655007,0.940226150676496,0.996816393646773,1.0228857747235,0.983099242929139,0.92759754911239,0.816989975818666,0.689810092832814,0.518100046937087,0.352994538254216,0.146091984618784,-0.0384320748697521,-0.236853017247228,-0.408974828387616,-0.583246026077253,-0.692417962542207,-0.797359535144058,-0.861402288600239,-0.86034399785713,-0.839110819663751,-0.776356350335208,-0.681353066766718,-0.533323485191821,-0.393784041915525,-0.198340061752414,-0.00732929057761503,0.188696230738243,0.373118603259782,0.538198653050607,0.701802394757237,0.824285582074047,0.91876688805979,0.985193431185177,1.00028229389968,0.969541678259737,0.921096746432179,0.810905762348097,0.684936030721126,0.519998092210502,0.334622439823417,0.156077084906189,-0.0375397122404832,-0.225256501809614,-0.40196234787526,-0.569369102706389,-0.685629788454106,-0.771381716826904,-0.832129660928105,-0.851157394754698,-0.819983963608956,-0.767212175639013,-0.671079279303868,-0.535772636744363,-0.367880575637729,-0.199009507024038,-0.0179239618038826,0.185575721615299,0.375063811870613,0.536300857221454,0.691647148350102,0.813893066926215,0.906048108519441,0.962454791143546,0.975142240086894,0.954539238542187,0.901112546376754,0.796698484664065,0.662392905433127,0.506198310737704,0.333866153946662,0.150135052240254,-0.0342527521866521,-0.213153002341403,-0.398240098053861,-0.546927394751632,-0.672507660376741,-0.763571386422811,-0.819992137342552,-0.837977620291993,-0.813302951375465,-0.749292716620063,-0.654412802089937,-0.526480972550255,-0.36641456088827,-0.184379579534784,0.00477238110544556,0.179040695562693,0.366299997746587,0.533868594633817,0.683986768701037,0.794673274720746,0.885927457129385,0.941872197641318,0.953620103630496,0.911934604306955,0.865587842065223,0.766866308123087,0.665858961978475,0.499084330804107,0.322319507842295,0.149320559921488,-0.0383900178956696,-0.212211199368331,-0.396259073135087,-0.521680843645852,-0.650163971527958,-0.734880393498407,-0.77305367970332,-0.811174705082651,-0.785651511176184,-0.724766209757084,-0.642874020658301,-0.488653129508059,-0.357289660499614,-0.190664812419247,-0.00683552664293734,0.180744372388376,0.349386428232822,0.510025283935923,0.655127311583495,0.770069593199456,0.855416316394142,0.903812046545748,0.926222937984438,0.88349964697345,0.8386729337529,0.752015750510217,0.62538649099239,0.478490030333125,0.317614468096342,0.143745247510816,-0.0249730244688789,-0.205885979141982,-0.364107310960933,-0.498911425631956,-0.625522217472689,-0.703249594115233,-0.760475840860764,-0.770346588810961,-0.751603535468968,-0.706468238325535,-0.600221592256117,-0.47254341002242,-0.338702907693831,-0.176638522354097,0.000662080865654064,0.171330239178003,0.34130649589705,0.494120269017085,0.631480139402437,0.746668143032929,0.815095107436551,0.876955458780267,0.872308741808136,0.868293730121062,0.804060813387862,0.712919659642809,0.615201114774874,0.471418801857443,0.30530087003623,0.143181239001088,-0.0273209216604072,-0.189714204031493,-0.354687610941389,-0.472586729168109,-0.6009395436696,-0.664804442213691,-0.714194338503368,-0.739340061774018,-0.725034863115558,-0.668574987049137,-0.566053159381294,-0.453879481940036,-0.319980778758886,-0.144219629188685,0.000904763967510104,0.171766274610373,0.33301236123578,0.468440304930511,0.59292418212554,0.700313889466703,0.794174596658231,0.817581910993997,0.836071256749575,0.822003485423623,0.759358802667698,0.677122480629933,0.573961525092029,0.43647824599375,0.299791290866063,0.142019214757576,-0.0163007187160198,-0.175650559013272,-0.31807019256684,-0.444058051345364,-0.552493562280902,-0.632581236671123,-0.676203627010848,-0.705684178103453,-0.668844972785446,-0.624104688418393,-0.533892553329175,-0.430239938929517,-0.294406904339302,-0.141075800189237,0.0101217234839737,0.165048966848884,0.30537470131207,0.434066550431688,0.56339630534138,0.653823750195951,0.732733876081075,0.768070444061077,0.785802558071307,0.758549083299268,0.714646279709862,0.63271268448404,0.528874063257696,0.406327328697703,0.277176070662327,0.133740168216192,-0.00896618058528415,-0.162042701884543,-0.298349398147472,-0.42071471413246,-0.512752438349939,-0.589534053338163,-0.623110453019167,-0.649900248321939,-0.619439875083184,-0.574074343742853,-0.485311253073461,-0.386400999122193,-0.265120279838481,-0.137319121808173,0.0189010078804795,0.148051859806813,0.295383276998878,0.414650491701546,0.51988570343929,0.610960988561885,0.673849944305112,0.710661423172872,0.726690403341434,0.707425315463121,0.66979776523028,0.590721239650374,0.50424543343448,0.388355091925371,0.257926113666653,0.12137190753065,-0.00411698564250025,-0.154771238237051,-0.259583855426066,-0.380361633873376,-0.460764581736298,-0.525530055632502,-0.56838636511121,-0.585969442967381,-0.564339302644168,-0.511408800178607,-0.435761733437381,-0.358017358170142,-0.226112394128149,-0.116700700950996,0.0328281183043237,0.157754825669974,0.274090048808196,0.395227007490127,0.480821973753668,0.553639277333602,0.628935977097014,0.661082795443449,0.65988663941297,0.638524997735353,0.611664653939972,0.534659446352038,0.456888015613766,0.359260158761502,0.241135282615528,0.123342466527416,-0.0138057741157577,-0.128176291648777,-0.236225515536102,-0.338301427434248,-0.420325250454991,-0.481723994003195,-0.51496033910322,-0.509158614322204,-0.495159151879084,-0.4567124417994,-0.384338194120122,-0.314053016348086,-0.203534213923911,-0.0945247137045767,0.0300115207504907,0.142004824296163,0.2576414439982,0.352750961434918,0.429576126091679,0.507984233384829,0.555839667826217,0.588068904361641,0.588738278656384,0.579730434250366,0.54088655507273,0.479017109146773,0.415548017099347,0.328189382604038,0.224725432781079,0.104800447191212,0.00881056595315403,-0.0982135140768741,-0.206702405159838,-0.285057437570117,-0.370062674813823,-0.417118052945964,-0.446392730598561,-0.449276108571814,-0.442834226301748,-0.394252645578367,-0.342598174008235,-0.269635185825678,-0.168190000201406,-0.0668960901942014,0.0363777613127282,0.135570171421878,0.228770052271113,0.318123341568417,0.381952221608401,0.460153794623706,0.5018484147699,0.526169919167226,0.538907075551424,0.510879333432898,0.48455520842018,0.434022798376768,0.357864728171367,0.285800646756156,0.198746872349048,0.110423838246006,0.0114755601147667,-0.0769714392429703,-0.179402671191531,-0.250355356615047,-0.300228576215457,-0.350825203932724,-0.375582568784996,-0.376432468612744,-0.376201904863775,-0.334475837794488,-0.272797539598034,-0.220293542618783,-0.150589277813282,-0.0527109917839768,0.0460867149564037,0.118987946174622,0.196355800195544,0.281808328842633,0.345039671793026,0.394830621911725,0.417251413166504,0.44837659129744,0.444924740617183,0.442207538861557,0.423660446333609,0.371550838685364,0.306331712517133,0.251549903037391,0.169461409631838,0.0948588419201396,0.0114447320044067,-0.0571536234083686,-0.124587310902849,-0.205346914944136,-0.247130100631537,-0.274672785700844,-0.304064092936061,-0.309115117069791,-0.297325792552935,-0.263122827851454,-0.231725605900553,-0.169395605747478,-0.101075719412248,-0.0304686866914872,0.0555942560684276,0.12193187849688,0.178435901745718,0.24200307465576,0.301339988682534,0.328248429769229,0.349313198991772,0.363179567891294,0.380325606194255,0.364275362200654,0.339797179154484,0.314832339202526,0.268921137518595,0.215237326573479,0.143796223672747,0.0773948822343103,0.0283375999057896,-0.0332293757709138,-0.102560152447612,-0.144002184889403,-0.182267023677447,-0.209671652953339,-0.235435734340566,-0.222210392094045,-0.215846677150214,-0.199489987111142,-0.163354427313796,-0.120424789796626,-0.0628341802180791,-0.00531660575580041,0.0637801014013495,0.103491587289527,0.167544425909142,0.203934439330083,0.247390976490666,0.273453462225116,0.278378121624737,0.286333214277541,0.296695984490333,0.277986233664052,0.270793350344668,0.249929090977225,0.211847049659977,0.172060667841173,0.129564332260078,0.0749131999397617,0.0308154923346591,-0.0168611445994222,-0.0575505956025442,-0.0915762983294131,-0.116425074528779,-0.123167204002111,-0.140614606499403,-0.154869470941112,-0.154294609891645,-0.134765790589482,-0.100794266550395,-0.0586112864934963,-0.0216571930393225,0.0207785867360783,0.070812269000511,0.107164171521366,0.127056894268447,0.16619804330306,0.177953934136514,0.186171258275622,0.218211892291262,0.213931558992216,0.217306606473093,0.198355486625276,0.203413464104841,0.184315885139322,0.154062091091473,0.131765499803634,0.105185790510612,0.0716028514707792,0.0401598470911442,0.00771303806353644,-0.0187857862889563,-0.0267661923374239,-0.0417656192714215,-0.0647405655777172,-0.0697439691776437,-0.083784154320478,-0.0629568342224685,-0.0630805696060283,-0.0347615903976798,-0.0244952467719228,0.0107797740837514,0.0490505049938723,0.0700806481399411,0.101858417368219,0.108818249326654,0.129035547180626,0.130222806926122,0.12721327305193,0.131236335002978,0.134486184520737,0.131413451257467,0.121698638185411,0.1179994322542,0.099615184669794,0.0983533578476859,0.0858546957874415,0.0777912620530505,0.0492287762627537,0.0548017913112806,0.0386698620159194,0.0336813306936157,0.0166226203801631,0.00976575514943154,0.0138548971117923,0.022992583260351,0.0227681854917175,0.019018903445096,0.0251659536092911,0.0235228373415782,0.0602108625494454,0.0511331369686988,0.0713833626951943,0.0769631747355469,0.0892728631746074,0.093501500361954,0.0715478076268838,0.06962592357853,0.0693475826283569,0.0566207687183522,0.0495596901867918,0.0431754938437403,0.0365558385630738,0.0379335892272489,0.0532656566415065,0.0382323428047975,0.0532570142903039,0.0572804248186881,0.0587503905932483,0.0605559603057323,0.063982539119212,0.0611192409773536,0.0863855112123718,0.0774533888337091,0.0876333792241214,0.100698849699861,0.0862794505244102,0.102877339915963,0.110023494210034,0.109930277230043,0.0955335839510291,0.110588892361101,0.0987187174259938,0.0962054227093987,0.0700940439508771,0.0557620076379835,0.03032018649143,0.021474782064502,-0.00576661991533799,-0.00724150683460381,-0.0332415690660778,-0.0336777816940275,-0.0205341065417874,-0.0278595871898772,-0.0238835353519894,-0.0056721919151043,0.016602408016862,0.0244040868797247,0.0293222570247583,0.060176423198854,0.0846091604896578,0.11500090777168,0.131135128237305,0.142683145435744,0.160947880712127,0.172676689437784,0.175638815564604,0.185952808781063,0.180041063416327,0.174674861340658,0.147255033742263,0.143406900119061,0.129687426274577,0.107296964188065,0.0674066242070248,0.0421007975042681,-0.014739044234564,-0.0332704880252678,-0.0606621212925881,-0.0968910563508255,-0.10166921268967,-0.107144664315478,-0.105685517778746,-0.111640532662676,-0.0913455749082928,-0.0528579367138486,-0.0313708950033936,-0.000340913445712071,0.0364752295454747,0.0702589285511547,0.116626848129676,0.151904367734921,0.187755126563356,0.21640653235921,0.236572765745868,0.247392071061901,0.255690683586123,0.249582997675128,0.249061418303008,0.232757307926222,0.217648378912696,0.184511158377024,0.151807566276374,0.111380977530062,0.0751784205148588,0.00885350931104999,-0.0565889817398897,-0.0902650321994106,-0.129938079470561,-0.161582829809944,-0.195433757389728,-0.192026986457583,-0.18794966827247,-0.168688521706834,-0.156569689837075,-0.109948269979086,-0.0721042334870897,-0.0136333260758545,0.0344655318855215,0.080092346147005,0.146199591193375,0.193906744873096,0.238649645305911,0.271069098677481,0.315026632534687,0.327121571486383,0.34340652618476,0.335414917295697,0.331858163713156,0.286557757143516,0.251807699415584,0.216003139091188,0.179848908017458,0.108626103644271,0.0523908370634997,-0.0149802204962081,-0.0951870752788381,-0.138031431595141,-0.196719900817872,-0.230918226455568,-0.254397260185155,-0.26762820860481,-0.264122605182273,-0.237046332515079,-0.216469296441532,-0.164452153036787,-0.114015579860624,-0.0392150397009472,0.0212445674660425,0.0886842366571235,0.15568028478357,0.230675308378147,0.291066851427958,0.337999667896891,0.394336939279103,0.412730228454039,0.425126673588853,0.407251932399688,0.399365976120412,0.346586019831463,0.311653227630904,0.254016726014885,0.186811372555615,0.129825105898709,0.0508207426495623,-0.0413631328690939,-0.132114003687801,-0.190489500517173,-0.251262904333843,-0.30927046727603,-0.347827331648941,-0.353005027071152,-0.339216677319315,-0.316868783962118,-0.270697209830536,-0.218844315064559,-0.151306133885504,-0.0664155609184304,0.0120316553555517,0.105695590159452,0.182201458136381,0.269229910719147,0.336362474930047,0.397711561960319,0.451955503411681,0.480073021898219,0.496935839482886,0.487653169710087,0.476209125475595,0.419870066191589,0.375186363263681,0.310072362148587,0.217906925187745,0.127905211530585,0.0246797810302578,-0.0515061286461437,-0.156605386351521,-0.240798180452617,-0.308133921306566,-0.3684256322684,-0.409090301139819,-0.415704978896634,-0.417268453421074,-0.391401323201992,-0.332239532351617,-0.267892379510527,-0.198700810358212,-0.0884853643948654,0.00105289229290807,0.117053817207301,0.210895030367692,0.306256771816672,0.389456691575427,0.463697513869997,0.512494291330663,0.551010199576423,0.559191459484984,0.566928825851021,0.516007207904869,0.487550489852441,0.417907253092718,0.324219812202931,0.243352211094402,0.134948560019788,0.0299571650308043,-0.0845573847178757,-0.199495467270949,-0.290260444322595,-0.364239166268055,-0.43351674505117,-0.469356023549944,-0.483080256174945,-0.490160538460456,-0.459152736591124,-0.389411238973029,-0.309748351990037,-0.22830097832039,-0.105944266143063,-0.0136244426253346,0.123743224700596,0.232014361309684,0.340803014271824,0.431679458557995,0.520972968769312,0.57935535780454,0.610390615663578,0.63358245562977,0.621542976796113,0.593509566529986,0.534045615803904,0.461995632054402,0.375485703878756,0.25523520977825,0.155625333047929,0.0294367658245683,-0.0964328795686852,-0.2239261167195,-0.331418898870295,-0.427058539047882,-0.486268144433309,-0.541178697073294,-0.561295046102003,-0.534127212737839,-0.498165000908303,-0.448425484781443,-0.350963676146845,-0.25438449995861,-0.122212791750874,-0.0161400062509019,0.111939099291559,0.251722341779482,0.359618825558941,0.490492209173816,0.565859214744026,0.637573897802442,0.681415087274644,0.700617930001343,0.689027604680965,0.647912991385287,0.591145180038619,0.510097561191549,0.404023554766582,0.283549028930908,0.14166006249209,0.00560098839275527,-0.130019011794427,-0.252521396783507,-0.368967890534958,-0.465178375208574,-0.545085675610091,-0.593144990547007,-0.616097840687425,-0.604971330095954,-0.55367578772307,-0.490325638195606,-0.386689964043641,-0.286778848634111,-0.152397411763445,-0.015020629427577,0.13878323677604,0.255416679042467,0.398325995156518,0.515592234051247,0.609006701088682,0.692789004687745,0.734729582926821,0.767321095280279,0.750260708703423,0.713588651688044,0.638790302310016,0.535754731581244,0.429059338871923,0.300229395960732,0.173667945827262,0.0227265925534052,-0.145105501569888,-0.278828903369694,-0.406424891351441,-0.516579164623226,-0.595242518365838,-0.647533746833231,-0.665631991727375,-0.65758680327891,-0.617289763864096,-0.525174912165537,-0.434618019154074,-0.303729149238262,-0.17494629196332,-0.0302967853884015,0.133317283831053,0.279927184521711,0.416310696551619,0.561128674851218,0.661314804519618,0.740098504877039,0.792166073757857,0.810889740696426,0.799850266816278,0.755873933216002,0.681604416066316,0.581682468190383,0.46051966666409,0.311326028763857,0.168148687957872,0.00495738207772219,-0.149404713160077,-0.305609677273851,-0.449625965805331,-0.554843753931554,-0.636168081980419,-0.676391994902843,-0.719957252428631,-0.694404309148605,-0.651760235584502,-0.569408279173936,-0.46414727885949,-0.336672451704045,-0.184954486241209,-0.0212561251462466,0.132577919537053,0.296457474032698,0.449083860424365,0.590178581011868,0.688941506369201,0.785951277386772,0.83440500628719,0.854589393234376,0.846325776724513,0.796857408200978,0.71400902647632,0.619930900973078,0.491587457502478,0.330154146229949,0.169921358172675,0.00402995186435512,-0.169759063123951,-0.332352529374913,-0.475315473947625,-0.581539502712314,-0.672495490459721,-0.738254244978749,-0.755343296963483,-0.739095587484381,-0.693320453424192,-0.604046025090552,-0.494294116822314,-0.361572032036329,-0.19897910150915,-0.0397481437219833,0.140943209843808,0.310306137952439,0.471114746798584,0.621105531780662,0.730651683498878,0.824462027149852,0.885534678021787,0.891748739698766,0.882839684321933,0.829148959433589,0.753496244606957,0.637781188253142,0.509939067648823,0.344705582590379,0.167551665660868,0.00313199506902696,-0.179667632307566,-0.349907854828143,-0.499948785725259,-0.61795186947049,-0.696963450616538,-0.770039779250718,-0.800742233106632,-0.767074525855104,-0.726809549028259,-0.627936385532029,-0.512069912800158,-0.369921652434147,-0.21941706798442,-0.0313180974766372,0.137581849129387,0.332910246224676,0.489750213484401,0.641242074136215,0.764610040022079,0.851959640787749,0.927904069707046,0.941962582669161,0.915773820230218,0.869454419848317,0.788004039973049,0.667580205128955,0.515482700262064,0.354419790401135,0.189463010124772,0.00297885851520711,-0.184871293517722,-0.360440199673197,-0.512355166910384,-0.636861340722553,-0.741538948966928,-0.794565450739974,-0.822613962480128,-0.80893187280377,-0.743480333263169,-0.65119999709858,-0.539545947713515,-0.395768092891675,-0.223264076058796,-0.0385344088151201,0.158309081647136,0.337950892353554,0.5064649389204,0.671372177670708,0.787810540679838,0.888139726266494,0.946457248366193,0.968565661596256,0.958215858661071,0.904291084733153,0.796142839558982,0.682559943655811,0.537725768214088,0.361860331979797,0.186546646793866,-0.00455733745750169,-0.187311393536875,-0.37161593063791,-0.523323006987471,-0.650975842142367,-0.759711874813292,-0.819685673483994,-0.844092117285963,-0.845760789048709,-0.767087228087641,-0.690323753316637,-0.556092930954567,-0.400431363776285,-0.222958710895325,-0.0382035582055908,0.160942636227742,0.340876516409827,0.516626271267115,0.668188258739421,0.81019448024294,0.902044974666976,0.959410564027144,0.987067561796655,0.981063025554732,0.920450534528156,0.827007321432659,0.70121348903941,0.539475347437674,0.384952931904403,0.181998960454426,-0.00385983707025612,-0.1993252497689,-0.383858984433492,-0.535815611423795,-0.663305003772056,-0.778068696630237,-0.832581602652667,-0.864808148924495,-0.848658204476171,-0.785133691048155,-0.682741218076396,-0.568625341750223,-0.411839509035532,-0.232837479295998,-0.0431925052285727,0.149281506898523,0.350911200602136,0.528480063520923,0.685161944673905,0.822760158354884,0.91832905755706,0.982740397867543,1.00499221120644,1.00170318553306,0.932079708022734,0.837646245941354,0.705257675050681,0.561292707628845,0.381388301870697,0.196120763131023,-0.00793102936967983,-0.201898672408221,-0.383962255282423,-0.557890767997435,-0.669091365694843,-0.785771084872104,-0.847117568641801,-0.878006113791385,-0.8445897629804,-0.790492308261254,-0.700240027994565,-0.569762252264305,-0.42443764406044,-0.227554727390079,-0.0455814625625159,0.157098248306243,0.355385931041867,0.543372952216608,0.685148262762843,0.825032693422264,0.935871278354589,0.988861420519914,1.01680964756,0.995944526019573,0.931874746705872,0.836306776369195,0.721524005847359,0.561399083398676,0.383076247034042,0.185451996190851,-0.00486521369654304,-0.211383126626723,-0.38846996729485,-0.543242052861791,-0.686601679302182,-0.791454773742251,-0.85531210472939,-0.876375835160546,-0.845005304298064,-0.79722651634368,-0.691617908799147,-0.566919032905219,-0.423397842063225,-0.226471760119923,-0.0443717041306785,0.149654451255054,0.351552167771926,0.529615983938938,0.694515325659665,0.824340857875342,0.924574742580617,1.00669182181599,1.02219178582233,0.999192429696756,0.951872692758875,0.85279335073126,0.710980646109343,0.564752293157711,0.382315951768391,0.187786758156149,0.0561669057224352,0.0501171547888386,0.0605788740160754,0.0508396988427918,0.0673173732600086,0.0753038039939302,0.0665157209691253,0.0909085904964956,0.0744502703805188,0.092293362146308,0.0880071657700575,0.0913370857147557,0.0989694601518582,0.0958687423491067,0.104392410231123,0.0885333916272353,0.0927193389862329,0.0985587902957167,0.084589190163768,0.0844138563219075,0.0675429872053531,0.0664216914040301,0.0580784861897872,0.0613121642894836,0.0551070340753602,0.0549705250448609,0.0436526596230258,0.0501418532576204,0.045540507562682,0.043836852922362,0.0516024733911362,0.0641537573886249,0.067473461811661,0.0813985919290606,0.0987736677706766,0.129269771840103,0.147562188942015,0.164307879042417,0.164854115131978,0.168053970847664,0.173947850524095,0.178956159679517,0.162145019807467,0.157770132975669,0.150211405000557,0.125709044087014,0.0952679024511894,0.0784261648651759,0.0673539018320894,0.0447336003320795,0.0172456658276696,-0.00736424841539012,-0.015554169746172,-0.0132854857549716,-0.0227367390827506,-0.0290890411509999,-0.0257194429917439,-0.0146704933047096,-0.0105775882127113,-7.71656550377243e-05,0.0176568624009979,0.0373873223257025,0.0563844795624383,0.117306174196837,0.153742872166074,0.185483323753789,0.205801905977097,0.221295411921953,0.232234747048509,0.248986868620594,0.252451263960434,0.251789316245265,0.235218216760497,0.208979480965722,0.181924706629362,0.141098162092549,0.114605924227093,0.0745650946481784,0.0371536025981471,0.00906216782510941,-0.0350537725070091,-0.0629253798656235,-0.0738110405253027,-0.104035913491458,-0.102707416002909,-0.106387211510897,-0.103237177596447,-0.0860057981891406,-0.0580654660767318,-0.0410241371644978,-0.00563874583808313,0.0390337384140514,0.0679662951153753,0.136327356984106,0.172107900977119,0.232223080932196,0.274743610490652,0.300448000844003,0.317924714528535,0.341473584410471,0.346143034535522,0.322140965435592,0.311167806978695,0.263178469166417,0.208463293310806,0.176612372195241,0.128172184452028,0.0590914295585143,0.00444721556467303,-0.0314123526900505,-0.0930608264343706,-0.118544239513129,-0.15075037809276,-0.185944323927996,-0.193970604841785,-0.180137934837339,-0.182475621359232,-0.140065179592766,-0.117678091868549,-0.0768281900000328,-0.0417343428881836,0.0106149377556984,0.0808008334844625,0.150789571869267,0.231374339078432,0.273474012340348,0.33448318534982,0.376261102957044,0.396486374384083,0.416747564465725,0.409992684213086,0.396211204589095,0.365530491628495,0.314890436683607,0.259040337864803,0.19925818440364,0.123585143106223,0.0639883142869829,-0.00360910315728422,-0.0655810094800292,-0.137362007041951,-0.18091924533464,-0.226478412968161,-0.261568105943256,-0.279395130749979,-0.263428618879748,-0.244500882190734,-0.211275787820343,-0.171366163489425,-0.115929693850543,-0.0523688330001353,0.0159840685167718,0.0924774313497594,0.187993282064972,0.259901814667824,0.334797366357389,0.396649757775681,0.442967924819521,0.47583214732298,0.497205326719218,0.482558207484982,0.46447912150058,0.425029472968525,0.3627085282803,0.295128849687324,0.220728426219455,0.133544977500849,0.0463152255167137,-0.0218558121433547,-0.113401959038049,-0.184348082525348,-0.265541976306992,-0.293536099091127,-0.329323684150028,-0.342505232574731,-0.327906411482777,-0.31292970897051,-0.278936619167859,-0.219495476640678,-0.160416666723597,-0.0777305110493892,0.00444181939200164,0.0902032074795245,0.204124322420868,0.301010172230386,0.389156339418314,0.451688774289078,0.497821540260112,0.556318807456927,0.559694645833565,0.547927542304802,0.527200595571128,0.48746862553853,0.423707771220136,0.330350489164492,0.252202791954253,0.147596865668192,0.0384580118329161,-0.0581274345731708,-0.160321377159352,-0.241007515670363,-0.308270651720987,-0.3710850558589,-0.394083940468037,-0.415337490944078,-0.406990083154041,-0.380532096181772,-0.324980912179448,-0.275152505844199,-0.190020557671401,-0.0879669529804115,-0.00272263330963726,0.116364427674449,0.222053198060789,0.326281131571282,0.41622738112002,0.50967835109983,0.582450721494412,0.614012211085384,0.632582826931702,0.628761685250783,0.592275647774223,0.530103979335057,0.457424466923204,0.370831355734794,0.270410350884713,0.149170112060051,0.0343054651961351,-0.0768128646274061,-0.185050319638837,-0.285920051258927,-0.355494210472379,-0.428474586274051,-0.468184339076198,-0.483611556914424,-0.466455361651089,-0.449087388518161,-0.382399622207503,-0.301734868151102,-0.226919603345169,-0.121341723259783,-0.0172080632255056,0.117646004150484,0.244559607737639,0.360869007097011,0.472893405360183,0.555820406235676,0.633052492417178,0.667882286056559,0.692912979583921,0.685781882262377,0.652026746372858,0.586912028851957,0.496704119019966,0.403732914442153,0.278078697436139,0.170133154509096,0.0331429945887794,-0.0930986857315257,-0.223020182417857,-0.323378955978745,-0.420527177183149,-0.485815236176676,-0.520312498257828,-0.535812314156518,-0.537081046139538,-0.510356730585738,-0.450973671102306,-0.355099088485802,-0.261211161788232,-0.127944990362347,-0.0168335829859196,0.140383449206722,0.259050939827187,0.397256341957979,0.516821180751167,0.606938793484627,0.683886096383108,0.73087097211183,0.748201131321377,0.731397357017234,0.712839429794276,0.637547929324284,0.544249254064088,0.437457737261898,0.306897546574077,0.164026795114364,0.0159110408405246,-0.123609017094527,-0.242962786336905,-0.362802220229522,-0.470572501423008,-0.545637009453135,-0.582040314606719,-0.609078909933359,-0.594083643954346,-0.554768190329822,-0.489543007265111,-0.400689141035858,-0.287010407515275,-0.156299715752862,-0.0247342544188102,0.132288158278438,0.278532232903189,0.423037861350372,0.551032562316356,0.646967279438481,0.734885836528618,0.788279787506809,0.804381813706553,0.794582825466204,0.749592511138733,0.674028637891057,0.579840921070619,0.460285293725247,0.315873212149181,0.174518770178014,0.0204186547716478,-0.135627258551267,-0.28588305906461,-0.41365746393145,-0.509392814751188,-0.591039662185368,-0.639755897841464,-0.66601983773895,-0.649003583638357,-0.614224440819604,-0.533732112359752,-0.43119544991082,-0.310314414277125,-0.165343945290075,-0.0167816999024025,0.136957886390921,0.295169189119593,0.452735053991974,0.576605805255464,0.689288689251475,0.786105614370528,0.833946222189481,0.859751200510459,0.836859564353022,0.799834047974855,0.710529856862076,0.603904803960602,0.499036587256238,0.342725291033557,0.175478680936335,0.0133686160714427,-0.155047312588107,-0.300184345801344,-0.435503945975178,-0.552085170768849,-0.642195377738737,-0.690751748220492,-0.706780761588882,-0.704652536841617,-0.639366519311671,-0.57525453032635,-0.464023794989316,-0.332012315357651,-0.180884249896648,-0.0288597963976038,0.13779846187627,0.32282707596381,0.471036511673891,0.599892523120919,0.72724410817341,0.804884862136279,0.875246446675258,0.908845023497856,0.890179757336514,0.836080744245907,0.755453634897756,0.641099942352039,0.50451553408276,0.338894676036363,0.178371458487082,0.0123633572915682,-0.16939026704938,-0.321879054593958,-0.467757851272365,-0.568227132500051,-0.66928111150624,-0.734699891305864,-0.755769914564426,-0.740405722731836,-0.695409492512963,-0.610978624799734,-0.490370829896834,-0.358466858644958,-0.208592867086204,-0.0391834410931072,0.152613272563642,0.310175978966049,0.482244769024894,0.646299472900932,0.766884871858264,0.855005595801787,0.913516318598781,0.940226221271638,0.930054487574035,0.874383146038152,0.782986106829798,0.662610307957857,0.537530601520766,0.355826307060689,0.183899278255082,0.00292380557837225,-0.163071558306913,-0.342996225529749,-0.48924046854044,-0.60987901866993,-0.707464672968614,-0.775441091581434,-0.785502319230683,-0.78008420283148,-0.733029057303425,-0.645942441412775,-0.526756306826517,-0.371075266243617,-0.21423294230675,-0.0307525961233944,0.153396562956757,0.329195428847453,0.49943506131947,0.64071018388451,0.78717729710058,0.884365351211319,0.937847772001444,0.962163759267654,0.95371656469634,0.898152837563963,0.813024796231975,0.693569909389859,0.541464658026313,0.371379225063765,0.184912020238365,-0.0022926187290115,-0.180772691534569,-0.362375247470544,-0.515166143970081,-0.629250064102367,-0.739429748980236,-0.785185600796765,-0.817831340892682,-0.811326515294657,-0.752488509576013,-0.666268974445953,-0.531204942457455,-0.397308818102395,-0.211834231502082,-0.0457175886153648,0.139328785046,0.323943457591383,0.522570507101196,0.669514088459441,0.807805233890793,0.897570927040706,0.961262443820957,0.991203027132275,0.978989067424201,0.906451064343048,0.823463939784654,0.699644324510108,0.54346627180182,0.378971596343203,0.19693113503575,-0.00430866507409871,-0.194492131652662,-0.359642878484672,-0.529478130172863,-0.669730392657053,-0.741591529465982,-0.809018440827541,-0.84333791143326,-0.819987317795091,-0.778976345667196,-0.674508403415844,-0.55606859470812,-0.410135386240772,-0.227678467134733,-0.0546114500382769,0.152374429107058,0.34694455383762,0.521029316708585,0.687845822852765,0.817002819884186,0.913193494506332,0.977768604749109,1.00926081911918,0.99003331441206,0.93230723967685,0.839511917748041,0.705007957014392,0.550092860340166,0.388758473248292,0.201407290377351,-0.00378602722196666,-0.198166034108406,-0.374685466918288,-0.546223424210215,-0.662257650384314,-0.772155548564445,-0.839636934821971,-0.853869239346499,-0.850437843208839,-0.788615572805991,-0.695547813368237,-0.573092093547504,-0.405257309989359,-0.233965911080077,-0.0444814602287822,0.154017225518853,0.352807054470154,0.528806386617013,0.688271113318646,0.832618991706201,0.92209058763033,0.994547850482903,1.01915757432638,0.994720055355753,0.942116169386025,0.848619228689439,0.710933328433065,0.582100561580535,0.387186015835864,0.203630240959163,-0.00682916240256652,-0.194739763915181,-0.36785636957247,-0.534698623123036,-0.671486040977251,-0.77733007589538,-0.847097573219316,-0.877673505836292,-0.851365672417234,-0.798520194314181,-0.698626949674357,-0.581101777013949,-0.408462440512785,-0.24547485154246,-0.0474093398054608,0.150207488426688,0.358855699172498,0.530326456428792,0.701794567883407,0.825892998711322,0.929072785478052,0.99989031640164,1.02097827319287,1.00299011278359,0.947118063546192,0.851615151391642,0.719420824024946,0.567567587869768,0.388772521919539,0.190709021360059,0.00476783831432737,-0.199244001694442,-0.381324172343148,-0.541965838815156,-0.677199268246522,-0.78398928374811,-0.854623774714482,-0.877679989820458,-0.845546984402078,-0.795300924299,-0.700554924736452,-0.573155993945042,-0.414226694943906,-0.234421552249812,-0.0524405099565825,0.146413357712436,0.341493809036867,0.52927981127361,0.694403867328397,0.82559969420699,0.924137692027193,0.994575968349689,0.998280337059634,0.994090973301983,0.939249008082881,0.843527026186247,0.723196875955061,0.56545216850096,0.381897555101946,0.195518860560255,-0.000300140129385524,-0.201065950659043,-0.38063597265129,-0.535418421247898,-0.676370935661141,-0.774374193154551,-0.846679501849219,-0.870164993602011,-0.850664650361232,-0.802338969271548,-0.696048697043892,-0.576937189284908,-0.406364404195643,-0.237114824555232,-0.0541105440400675,0.142938260503088,0.342909687127694,0.513594232484884,0.672272862944291,0.80915136688388,0.919423419440515,0.975524157361111,0.994074486906151,0.989500025337853,0.929021725669448,0.835900766168184,0.711373968115899,0.55761464979786,0.373653939975862,0.20216698418562,-0.00556571430957335,-0.191299543801857,-0.37483981011685,-0.52278801304047,-0.662313373362163,-0.759935820459797,-0.828889542593585,-0.847736074756913,-0.840658079737925,-0.789264364904579,-0.691805827579652,-0.561932869155846,-0.408020949753586,-0.236056647877286,-0.0568560981316399,0.149768210836696,0.334589481058181,0.493704363343731,0.66988224712238,0.78709443970461,0.897159930741659,0.951201340324574,0.977973357282114,0.972595717458407,0.911268792312117,0.808423602871549,0.701782959260065,0.561563644477219,0.368786311853061,0.195530288970009,0.000638142548443607,-0.186662497003496,-0.366270988196245,-0.525019701848644,-0.653487619402138,-0.742397102568291,-0.818045998667518,-0.842714234481963,-0.82001659040785,-0.771723861115391,-0.664587552644881,-0.550276080856024,-0.396604186012032,-0.230004413890259,-0.0427217543922487,0.137713350114864,0.324462702514943,0.500802686337462,0.645223516891989,0.770492834807279,0.872670287732349,0.929120056513933,0.945903506862713,0.94070493634676,0.888921415736134,0.800029598708296,0.677422263747789,0.540940025284623,0.369887647590959,0.190898376479512,0.00650340154006472,-0.17691041261172,-0.348973480299199,-0.496774256161377,-0.634328999837578,-0.724292685844293,-0.784731125062164,-0.816607005352479,-0.783069205721447,-0.740125284679801,-0.653860210413749,-0.529286080846166,-0.390211760934842,-0.231020079737167,-0.0440091485861866,0.135979335406467,0.312897906151176,0.481436588128547,0.625394716211162,0.754825511217154,0.83758145346146,0.901590165932115,0.915455233563823,0.902498411102414,0.859307616932224,0.773029439491062,0.660394874813201,0.514114709507153,0.35142328856208,0.182680031732663,0.00257065619932875,-0.170778699451599,-0.33758297113702,-0.472931479771786,-0.600034309091476,-0.683558641015074,-0.748773539512791,-0.778648140110123,-0.765408184518936,-0.714200838249593,-0.631238389188156,-0.514615315206495,-0.374284798785639,-0.215771542077167,-0.0332860293120891,0.138242413886619,0.317938725690856,0.462127774042829,0.611458894701904,0.718138284721543,0.817848615964079,0.853279181796899,0.884712705594796,0.876961073122062,0.822195284276626,0.733870099795575,0.62635630753673,0.494075023196462,0.332373665349949,0.185812917585138,0.0119611829099141,-0.161094832683148,-0.303722063185041,-0.448848786920613,-0.574744556151851,-0.665766891444789,-0.720490642180345,-0.738794361366063,-0.720690222654287,-0.673461021851232,-0.603646120073385,-0.48623376819226,-0.338558462972159,-0.198602485110518,-0.0223629351464942,0.138660349930031,0.291994760380165,0.440436916052803,0.562251527585237,0.679277169259757,0.759990145226456,0.81877959826058,0.832666024503287,0.822683740086088,0.775696424343225,0.704745140166745,0.602666037747392,0.476817092439891,0.325799510102108,0.16690162681817,0.011101367735391,-0.139224449782572,-0.292137719739994,-0.424306596756729,-0.52122536563614,-0.617847136021244,-0.672579044789015,-0.686853987748395,-0.672333873036994,-0.637820007999943,-0.564885251741141,-0.455031312382062,-0.330569546545717,-0.17143918177189,-0.0343635226715274,0.133120829752455,0.270869953777582,0.408190096617679,0.541982362570679,0.639707679712813,0.718925075312357,0.768297203608201,0.79025251464028,0.773069713300181,0.735511879680473,0.66993518782185,0.556741167335506,0.436531475691849,0.313633791008881,0.173272798767912,0.0172869348706159,-0.122409354744422,-0.267785545130487,-0.387116051906626,-0.496338940862375,-0.573243557346174,-0.605443869856875,-0.639431568895758,-0.61800562319208,-0.595241224474573,-0.520257594047394,-0.413717711764709,-0.306530982321548,-0.161746583929747,-0.0201553525219589,0.12527924878755,0.260767624969143,0.376641142481785,0.49578374303871,0.597321271520774,0.661998898219128,0.715689149461368,0.726693628132224,0.72707355634715,0.68078178037049,0.618651705595589,0.520897830212465,0.423655136401413,0.304563435881172,0.164485693987173,0.0296691008116591,-0.106470706401957,-0.240585833055529,-0.342625558873946,-0.44585487004226,-0.524068410072667,-0.560979832314566,-0.580106968322616,-0.572996761609831,-0.532350760561984,-0.464309026608932,-0.389632822735674,-0.271104880982649,-0.14849627257322,-0.0218908148096595,0.11741783199305,0.238659423689336,0.354631777143459,0.448525244804041,0.546565086131896,0.597074437231257,0.653740511796085,0.66847363492872,0.665803340729962,0.622430617842313,0.561226299112683,0.491812507152775,0.393342689821617,0.278470440155851,0.1494653774203,0.0242840351200253,-0.0919299583556289,-0.212053580838727,-0.306050080614012,-0.398323383315164,-0.47474585529212,-0.495793523610723,-0.507364323356176,-0.516925333377245,-0.474990870297456,-0.422836620994689,-0.343793648206905,-0.237451711321547,-0.131325144652234,-0.021147127458056,0.102265429415817,0.199037145824595,0.317220342752841,0.409049784117192,0.48914412183129,0.558299617781958,0.578722944525151,0.597926752640905,0.603805799769596,0.566079512919461,0.504896030283505,0.440403145233095,0.351872125409562,0.257887520807233,0.153645642349595,0.0310471000229938,-0.0711796451160074,-0.181416208796548,-0.259300480245895,-0.348435779240122,-0.402309558703055,-0.427065169667072,-0.460032004798506,-0.442363847603501,-0.415522849498812,-0.374012686867899,-0.290585680458626,-0.214158904468475,-0.0982644120083837,-0.00218001468004089,0.0976094621413477,0.196538260074257,0.2795078553503,0.369578117547132,0.428247765161464,0.477948767354897,0.502100388521713,0.528079555378479,0.508403927597281,0.498207898185283,0.4539631498657,0.394454156295674,0.316401974158964,0.236480445904669,0.132280227442342,0.0559838345313751,-0.0451284671700457,-0.133436556824045,-0.222058254907193,-0.286322737822634,-0.342989148246919,-0.372845564342519,-0.379636018687419,-0.375057800918221,-0.358760760745041,-0.311749549805537,-0.255575202289743,-0.184365180541857,-0.0838590877662398,-0.00140234077327518,0.0881780200837745,0.169497135070176,0.245883113896539,0.318049323155996,0.369107871785294,0.410533614323181,0.448514583839228,0.464505589294733,0.446161378126315,0.424855074852754,0.401401310089884,0.34145888320259,0.283602506864072,0.216201724040492,0.142102268495622,0.0453460792331332,-0.0324097738851906,-0.0996942265414406,-0.167780391662624,-0.217161410460777,-0.267212047524834,-0.3111863561025,-0.303257392630563,-0.30824586990898,-0.292157432607655,-0.251636714482188,-0.190398184572388,-0.138494306109818,-0.0731928961934866,0.0139163399940844,0.0728225301295458,0.146714295836071,0.206381482109644,0.276307131353981,0.309488528278432,0.343910240234247,0.369676825538905,0.372863067226274,0.369898464203571,0.365372903250221,0.324250696553502,0.292319185858196,0.244756131243103,0.197215080807738,0.132039760205863,0.0589795606965431,-0.00209429504268361,-0.0575532086833237,-0.115257589482612,-0.155093969419146,-0.208584680831829,-0.219454653009545,-0.226985711751293,-0.23072173108139,-0.218088109553239,-0.186932318948089,-0.155791291030033,-0.102348382328328,-0.0387226247265809,0.0162913798898475,0.0773544962507567,0.124625282487809,0.160075269911947,0.217142673267451,0.250761265458819,0.272545329724702,0.300279995317704,0.300544399942702,0.300083415691368,0.297814776797443,0.275637016151949,0.23582421354964,0.203100174196086,0.168392908218529,0.124420358869976,0.0720525721206801,0.0328974673311945,-0.0276083486285428,-0.0693949504382944,-0.101225767771826,-0.118871112303771,-0.138628910313497,-0.156006811501703,-0.152173974351497,-0.151069668362573,-0.1257928120713,-0.100685819961511,-0.0542715629399343,-0.0100368453045841,0.0178566548764271,0.0645347521659196,0.0948802323097456,0.125847295415861,0.154411559043452,0.174867407438883,0.202441916075504,0.214224377395693,0.214882142244894,0.226915031089195,0.219197544223614,0.209479470606109,0.18834946104142,0.169388019187746,0.145076728096049,0.103834878205716,0.0744767440059586,0.0575565419818802,0.0270956149160287,-0.00429754715093217,-0.0270048191317949,-0.0554392496673377,-0.0636234366723246,-0.0716291467950656,-0.0801847420929799,-0.0646358415376719,-0.0705534483764762,-0.0441823408961318,-0.0335230536332742,0.0142000704153996,0.0448673436982018,0.0530628966052438,0.0714563663957265,0.087050656159746,0.10935276453497,0.110057288497894,0.120797862426126,0.146434259261933,0.133804525742684,0.129737379864117,0.147727329265936,0.139215933129413,0.131866583599278,0.118906955045926,0.113618317377979,0.10969886899577,0.0786037017944728,0.0762532574122766,0.0636249124715729,0.0485073932900914,0.0361012305137319,0.024551465722941,0.0224644372083334,0.00511815644854508,0.00998036729710758,0.000303790368789619,0.0120937765305294,0.0194936721075528,0.0150419305123915,0.0333507513192524,0.0344303497759147,0.0417352183069287,0.0482740272700024,0.0510790551009742,0.0514934643571954,0.0535714917121553,0.0519438030256049,0.038802897308482,0.045384149082696,0.060059688853672,0.0726741105481115,0.0745990513373844,0.0729301093252185,0.0770825615850077,0.09224277178993,0.0906617886495195,0.100764461540812,0.096090376113544,0.100013582946288,0.10386666706072,0.102005464238333,0.0986948166020532,0.0857049297426708,0.0985112081169611,0.0880589477697485,0.0776851766942636,0.0713064635345458,0.0641419786655955,0.0650118479707248,0.0626092492722157,0.0546040424956016,0.0911111479707944
