0.126439436125536,0.115179355859647,0.122025400592273,0.130025036602224,0.121708369971788,0.115624520740323,0.129319626288321,0.137318865289361,0.121065526964359,0.119875536678018,0.125351083331173,0.118426642928436,0.128316348600281,0.127756006749553,0.126904140672716,0.118878169582872,0.138918130399416,0.123225083525853,0.128955388344171,0.130183651012357,0.129788038714129,0.130514530282925,0.119937319345879,0.117268069525006,0.136519650012516,0.123282657774496,0.132864572326235,0.117474144819328,0.128038230382433,0.127741183678819,0.124713888372699,0.125552946941677,0.147203122108078,0.171202458868872,0.186041762091274,0.201452961366832,0.214683108426593,0.210616724074788,0.232241818710706,0.218806437119263,0.214677925209708,0.204465313753309,0.188477983650702,0.161426778010327,0.156755341081907,0.135327065468337,0.118197965779644,0.0908306348132535,0.0744717343226611,0.0677777791640821,0.0457511231785066,0.033552011215592,0.0214930630899902,0.0278480709020101,0.0309058517491079,0.0268568098857797,0.0533485672415632,0.0743073951196336,0.0784118863981599,0.0944140613886314,0.12763274861807,0.145538195615409,0.181922656152343,0.217994087539765,0.249983656064829,0.26879838943647,0.300500895119783,0.315031855592218,0.316081860259463,0.298594494712883,0.295417082912422,0.278445063500283,0.245520895186717,0.217173906528407,0.190060382019159,0.140667385064453,0.103396256234695,0.0600407459702668,0.0343818324121737,-0.00273418844818663,-0.0224469667911966,-0.0443862717543106,-0.0473931850985291,-0.0723970981458326,-0.0708289048613755,-0.050816226987666,-0.0158999199155052,-0.0106722608104546,0.0304173195997494,0.0673427453422081,0.103368035799476,0.149616768609153,0.220356099799687,0.257207819516785,0.306193099503971,0.357311812264476,0.391600043553905,0.389762100409246,0.399115055639862,0.394977092864448,0.382504169841266,0.36134572149835,0.326519660716871,0.260734160747328,0.20857202265321,0.141689279468371,0.091887085086172,0.0293152213139218,-0.00857626519196301,-0.0667011912667828,-0.117557397669803,-0.13408338117116,-0.146019757513804,-0.151556307321396,-0.145726198062804,-0.145676706606639,-0.10458175571218,-0.0590859453676756,-0.00305238575468598,0.0466039626049545,0.0966592291948789,0.164456469305194,0.235792324971873,0.3053156882026,0.377212399863743,0.432699119625183,0.450588232421139,0.488008218101062,0.494377363234729,0.477366553237528,0.460301088375634,0.42012790455562,0.380369491026029,0.3038987117459,0.234144315268191,0.172307562407225,0.0906517328720706,0.0106166575253676,-0.0581047540810626,-0.121699796495349,-0.177486018051419,-0.200657227965103,-0.243016949937113,-0.234443434666981,-0.236013374985118,-0.221370123231806,-0.172694870787733,-0.126723078585163,-0.0539402766405462,0.0123403156304078,0.0851425885573228,0.173167699588785,0.269311927766527,0.350519165748288,0.424447121163154,0.492943007429572,0.54570566017741,0.579020888500103,0.584090693904783,0.580742869254752,0.545295588576658,0.511499669219104,0.425124100958359,0.345431259159912,0.270324265730074,0.173676713101847,0.0707132821746584,-0.0176916662936584,-0.108350050077231,-0.18374374234117,-0.250800511936661,-0.299199002890388,-0.328798606033691,-0.320980986235632,-0.326221158552877,-0.289654397444669,-0.241412001615013,-0.180822995885587,-0.101597796562594,-0.0117712108077903,0.0789002382372729,0.179227439257358,0.283517517395565,0.393530699404525,0.486538562106356,0.55220475100131,0.62166208883655,0.65747294688055,0.668583581527895,0.6602194983838,0.611785591737336,0.571236670071331,0.494848297119595,0.392551836448571,0.284491830079476,0.193279530337478,0.0695083286236273,-0.0410317343586784,-0.148483737456022,-0.235643314529237,-0.314399977456251,-0.373059460415577,-0.405830519036252,-0.417878196084743,-0.403162552216191,-0.359057487110081,-0.311463701389144,-0.238662464700689,-0.147821197768803,-0.0359135505659065,0.0698998244971821,0.187268558311865,0.327410357925389,0.427340296461384,0.543931589570082,0.622373674317351,0.695058423955997,0.725224890911246,0.752138139053314,0.735717659016344,0.69515419853521,0.641910194427218,0.548375410888907,0.439865086608797,0.309620151353559,0.186996736313255,0.0500993667314448,-0.0571160099574416,-0.183886051811646,-0.30067696639134,-0.370338257611889,-0.448672647139817,-0.486298067029865,-0.495079830089088,-0.486859359812233,-0.441662920788884,-0.377521351364693,-0.279769981800087,-0.176331651292628,-0.071665883175306,0.056317415770562,0.201721690558783,0.335384170830411,0.475989974857237,0.595931206718543,0.683813410428253,0.766063214557892,0.817830982273808,0.810653580540997,0.80656132978333,0.754249037946501,0.694154240476321,0.594662186026886,0.481751607837608,0.347007510460668,0.1926419823756,0.0458063690011314,-0.0872345700800285,-0.219338284222251,-0.338691089101404,-0.434027872508901,-0.508725477422556,-0.559001314769126,-0.576363295183351,-0.562357099362492,-0.519077654683618,-0.447722162702047,-0.342014882663673,-0.219544488122609,-0.0863469098795366,0.0582495320046878,0.198762595524274,0.362682281072398,0.508751432007389,0.646315131162381,0.75426843710465,0.827006817613711,0.879748814742366,0.892193869511063,0.879957494363239,0.821798889833634,0.746199452470669,0.639349127094767,0.509201989485707,0.365650602063902,0.200048844182958,0.0511945004764576,-0.105353472912308,-0.261416139867854,-0.387581443464383,-0.490832007688188,-0.572458471741061,-0.628280715367565,-0.641262835042819,-0.635365214083992,-0.573009934036326,-0.494195596842248,-0.396972125983075,-0.267822704265787,-0.110268118140418,0.0310592529692221,0.20568886764598,0.389920624480428,0.532336398818134,0.685062195803142,0.805802156403574,0.88736481692135,0.933906206561046,0.950829291555714,0.938544570591704,0.890684083431126,0.795688879622041,0.675294399760188,0.539602421526105,0.381395072911265,0.2118639982143,0.0352819000308199,-0.137218273071248,-0.28719178504604,-0.44116884090495,-0.545365152292703,-0.634746720936122,-0.680132679521952,-0.701613077555626,-0.691448645299124,-0.632087573354572,-0.548074087446246,-0.435907881423819,-0.296937109916279,-0.121501567529443,0.0430039371007317,0.224056565962601,0.406684234872414,0.5688679847704,0.719647782100282,0.847227118562879,0.939582811947423,1.00004074662711,1.01772591036292,0.990449980793283,0.940080893999695,0.84220798188434,0.71175203927549,0.574610013103878,0.41288558297866,0.207794401313401,0.040220957969355,-0.148923614390128,-0.31740485051267,-0.469562831417464,-0.590718348695255,-0.682215016184344,-0.742727465773371,-0.766684793357411,-0.748494406707428,-0.689791999931444,-0.597693549687673,-0.469826387990817,-0.328740510102969,-0.151217450988725,0.0336201082052494,0.217804007492802,0.413886670302994,0.596169135665387,0.759994441295736,0.881186097581071,0.993693505120713,1.05299241948587,1.06739769321836,1.0433396898245,0.9842929077156,0.875455099173664,0.750110232375212,0.586184441048823,0.408230562450515,0.224065670962295,0.0251578342271684,-0.166233462608769,-0.345921544499808,-0.509020841462456,-0.641037475325093,-0.736445006981683,-0.78784290354258,-0.807553294120129,-0.798007968218739,-0.732587421974276,-0.630336989393214,-0.501785228253278,-0.343354818687923,-0.161251339677767,0.0252734360730218,0.235457290820626,0.430316886982033,0.622439481200012,0.789856852254072,0.92696022066025,1.02908676281822,1.09028804232838,1.09676390913849,1.09632272979331,1.02124406240805,0.915508428049976,0.778550317416395,0.60657592993594,0.440910657278836,0.213627663219574,0.0239769048281951,-0.170863317450077,-0.37017371128734,-0.528685017382438,-0.675100812824031,-0.773800091334853,-0.834370999067848,-0.857614999653859,-0.826882532154805,-0.771612033596239,-0.674350070422292,-0.538415449854727,-0.36932958059213,-0.184937425772412,0.0205279344668388,0.225901657633401,0.433092181660345,0.641340594135683,0.802860760051413,0.940621510886088,1.06438226602159,1.12574265309544,1.1342437341822,1.12211016395939,1.05992119374811,0.943736197126507,0.813031235463982,0.626609934291057,0.439724712438743,0.23301076760735,0.0205418046343434,-0.185199604838544,-0.373902208815568,-0.563485168389883,-0.710599022217033,-0.797566115064851,-0.882653699855531,-0.894637110051404,-0.862148099891275,-0.801991892265408,-0.697422505358051,-0.559531204809896,-0.375776351587697,-0.18244842211718,0.0298776117029375,0.232326120435438,0.446161091853404,0.637954426516333,0.836208461418806,0.985199681244644,1.08633046176978,1.14321030252118,1.16538216686266,1.15363039365203,1.08666343715152,0.966094254055322,0.821009390124273,0.643835819181493,0.446172390366833,0.23471561462114,0.0165428090036237,-0.200039425357625,-0.390215789193329,-0.569554124655043,-0.718129275530057,-0.829334880923043,-0.904886947160725,-0.920836395733804,-0.897150230689115,-0.834999577741909,-0.713175947505439,-0.57622205599596,-0.394294742814148,-0.19294590595081,0.0261371205222642,0.231094695031358,0.453534097771362,0.656123690235706,0.842242833021687,0.97305477948253,1.09954903250787,1.17099891271283,1.195997830007,1.16290446641623,1.0990199378545,1.00171605611239,0.834261756109914,0.66756715365169,0.449871178439487,0.241977417741551,0.00404887324861275,-0.205522240346588,-0.410745254588437,-0.59067942818561,-0.741280421682662,-0.841848970142954,-0.917830836109862,-0.937809002395121,-0.92932109106697,-0.856639099850848,-0.741772242702035,-0.584015772395185,-0.396126321855651,-0.199705574891235,0.0220800162764206,0.2447738479443,0.472673259413442,0.660339194790161,0.847002507510596,0.991879033815305,1.11831144252906,1.18132756855137,1.21011705295203,1.1777966153422,1.11308346832768,1.01102624178323,0.855749092035496,0.668473231909849,0.452302261781456,0.232487900271,0.0219225006874368,-0.206607666588885,-0.421421437241332,-0.594103640457175,-0.758607897461123,-0.85819898173906,-0.932669025596487,-0.953973062354326,-0.930663992546233,-0.863840171080187,-0.74473903286879,-0.598225275223324,-0.420004928602793,-0.213059725814496,0.0127024364196106,0.23400990158269,0.467048654363383,0.671590649710518,0.860286163811573,0.994620680727815,1.11088996994828,1.18136458329354,1.20481837460108,1.17755966502326,1.11204641889235,1.00580140112597,0.846217558850996,0.662213533295606,0.47114597378301,0.239016339345008,0.00681613878875876,-0.2091616003474,-0.410146844338788,-0.592957145775345,-0.750200497819363,-0.871225586501687,-0.941627286563971,-0.958152348316114,-0.938905497505936,-0.855115964922641,-0.746741723263458,-0.594666212275827,-0.411121533942052,-0.213035484006226,0.0087264498405013,0.237896349890962,0.448326479872289,0.65289887258114,0.848858837274937,0.996498987521519,1.11413411316621,1.17981398139343,1.20594692079387,1.17790524291123,1.12259238502688,1.0033856470839,0.845225672620042,0.656867416939349,0.455842230548445,0.240846269156303,0.0126537524925125,-0.203373266905833,-0.414483432830926,-0.600818549672199,-0.749099592612758,-0.855384891674233,-0.930781550893092,-0.947966443589003,-0.926781234124697,-0.864198237527235,-0.757538886377147,-0.59734655423544,-0.412596276579621,-0.207100289661562,0.0214031553707931,0.23065117649723,0.450322272217071,0.660683500754862,0.848950944443743,0.983856965195178,1.10487388641813,1.17927390552604,1.1972005868393,1.17212438013048,1.10029515715641,0.9921049907493,0.840068280974781,0.662985473435588,0.464168688542384,0.239498962751516,0.00883838521997881,-0.20948967315224,-0.423951635942283,-0.592823649989281,-0.74310457959382,-0.840917392214468,-0.926631498016826,-0.936412337941377,-0.929326049707802,-0.841126999835059,-0.729938784039697,-0.602970009579476,-0.398796312821829,-0.206644875514893,0.0101564140555619,0.230460446273965,0.452012523870153,0.648471560284742,0.830773086169435,0.961366951014222,1.07816289037155,1.14876484172027,1.16208358160574,1.14580995061798,1.06999414074451,0.976334138674404,0.818291074948967,0.643468967738797,0.442476454843262,0.231265141832272,0.00561323382706397,-0.201666572739264,-0.402332045025791,-0.582096573270499,-0.728625885895689,-0.837626367687554,-0.892993536948535,-0.92683762911881,-0.892289033103847,-0.823835570851753,-0.714982426013016,-0.583133546247312,-0.401038059715989,-0.194152098584656,0.0172329252333468,0.232814394731265,0.452281560815855,0.639948445393024,0.803930213501735,0.95359095093879,1.04812279126007,1.11268683403903,1.13995276668947,1.11969893855405,1.04934676159317,0.941308905849694,0.801684777858578,0.634906270575692,0.44491994745843,0.234048861392689,0.0120806676809329,-0.194204746948932,-0.374812139270681,-0.555914287536206,-0.693301373059703,-0.819226811383174,-0.868243773181126,-0.89571868164059,-0.869052818201295,-0.792213658503325,-0.707068900229706,-0.560573882522933,-0.389977798568769,-0.20051514550182,0.0163918888035839,0.22985390922174,0.425311570076454,0.610340878042312,0.780971628772715,0.916286479931417,1.02414423100771,1.08797530930508,1.11270490996774,1.07217201249606,1.00673443661911,0.917945956768086,0.777667705187918,0.607638726856002,0.425314165850079,0.230973853193753,0.0312397368129049,-0.179841536579782,-0.369334757158209,-0.534208354335493,-0.672663207216829,-0.773550776071243,-0.834542019677551,-0.846955545766959,-0.83315441521387,-0.782467599144122,-0.666296614408727,-0.534963316124487,-0.361538225052688,-0.171928982321118,0.0337315959343998,0.210277738945767,0.405564547192172,0.593250799922456,0.751654480735453,0.882971860737133,0.99212775145056,1.03872389119637,1.05411558979006,1.03558056568148,0.99225764835287,0.881396755897712,0.742115571619661,0.601625788756817,0.417292985504276,0.215358610327425,0.0289063277385533,-0.164950047637781,-0.349349823057674,-0.51430077067793,-0.626046819868966,-0.736056010985463,-0.793605504149237,-0.816636632652563,-0.783398352081547,-0.733726316897369,-0.631524508439721,-0.496548238139924,-0.357573415964443,-0.158344387848126,0.0215991869272455,0.213062041625452,0.408497770910755,0.570527651219271,0.730285033150677,0.846327543498209,0.938350075997057,0.997211697683442,1.0080893922969,0.988139910357209,0.943166313157901,0.854068229388854,0.72507704938221,0.569634521744459,0.387160601188074,0.216541756116404,0.0240041667266062,-0.147788568908508,-0.329759561704915,-0.472041795401295,-0.59999005750447,-0.688837459687616,-0.747215242799509,-0.769401997537842,-0.747776781096179,-0.696318776902803,-0.594954257251359,-0.465809619844153,-0.320133772648613,-0.143002492793718,0.0326275411492716,0.209954418476327,0.376336635806082,0.541864384164932,0.682598263125118,0.792781335904265,0.873597100897751,0.946341658673243,0.952455425958953,0.934967957029554,0.88846687123821,0.795238607870526,0.685916024211069,0.541544085552955,0.385125062274267,0.212645755103987,0.036759768984429,-0.133158032535961,-0.291522227425556,-0.431896138105218,-0.552276174360616,-0.636938372118716,-0.686957354632812,-0.704536150543531,-0.68372228614435,-0.624739591737659,-0.562248966932884,-0.427575841135099,-0.277548180875172,-0.129258811859377,0.0372613986025193,0.192747443959717,0.363989414744102,0.501548219969219,0.631157794253364,0.749111889531122,0.820782411142994,0.881426221435436,0.88423171286999,0.872785557409401,0.825141104546096,0.754086846139587,0.637197716687307,0.504108286393471,0.360729102243425,0.207449850461094,0.0464213479745206,-0.109712612670771,-0.265311238795813,-0.384234967734817,-0.497268255516393,-0.577045718283435,-0.63084299679464,-0.631511064648571,-0.622459594324779,-0.584428511689153,-0.487676866912765,-0.37850922873981,-0.264951688023827,-0.120291626923993,0.037994027940213,0.199946753376537,0.342049717183666,0.469364117164545,0.590978051644382,0.690737021421577,0.764387698509738,0.814802613225371,0.825802482667205,0.801715221973428,0.765546722748121,0.69638875711673,0.594946830022281,0.470656997845698,0.344040269264077,0.188528554286606,0.0493128830526159,-0.0847612917146652,-0.228262393933685,-0.34402837401737,-0.431822595313461,-0.516257261007177,-0.552447034160426,-0.561925622341951,-0.560629732573359,-0.513830611748641,-0.439412243977432,-0.349148877811567,-0.222619676661496,-0.0912797969392241,0.0464291942696877,0.199690942982734,0.319499278562825,0.434298134595641,0.537576902108902,0.621884165110461,0.68737878927703,0.739161671744777,0.742629484827553,0.731945640520153,0.688804411766518,0.625522764500527,0.544012886012728,0.426423912145751,0.318459370011675,0.192670020105002,0.0730250860317469,-0.0629134845317864,-0.191161480552844,-0.294742288270569,-0.379406494356942,-0.442778989234552,-0.479986901641846,-0.498614702720223,-0.495937910695622,-0.445546925612065,-0.366276140736805,-0.294918157319051,-0.186611734491121,-0.0677034180331227,0.0540579054010606,0.181266754078378,0.298389444259878,0.390616001495226,0.487211051064312,0.561598434735926,0.625773506924656,0.651764277630005,0.662791254464748,0.650801964992526,0.616793272193881,0.559287249514113,0.489824622382282,0.400625756760875,0.290986252757752,0.174705520928862,0.0661239375972932,-0.0438078244202472,-0.141404776726384,-0.251680630712985,-0.314868646519407,-0.375041117716149,-0.401532016807941,-0.424274701739421,-0.396028557184218,-0.370206379455038,-0.314175140411178,-0.234395230530996,-0.149086385309444,-0.0495712481612377,0.0745184031350291,0.175001786227438,0.271408888802994,0.363995476337697,0.436594288062835,0.494610038706222,0.554707160840277,0.579209098450988,0.579974292854103,0.571809052827282,0.545502014683898,0.490096508751409,0.435890114460484,0.34207854639619,0.26487277217707,0.167006256768609,0.0817690849241392,-0.0160582024026345,-0.0996559868843552,-0.175786993599679,-0.249058677157074,-0.294598759962685,-0.328999865602759,-0.336379181432448,-0.334312850287614,-0.289878818617332,-0.234511883554928,-0.186849327030172,-0.104790288548052,-0.012632094659492,0.0762145056826949,0.159773368904364,0.236844142957009,0.30715400896711,0.367752285389945,0.421052716017298,0.464773197762431,0.481692108823944,0.504003184375624,0.474827749568343,0.47097552241705,0.416303634131231,0.372674468958168,0.311608586149538,0.242834959543487,0.166131259599629,0.086684295012175,0.00761739650269227,-0.0612091628200342,-0.134072351440643,-0.172178635197406,-0.215238202416373,-0.240692771270242,-0.242818608466802,-0.231416144236969,-0.213041797468157,-0.18314324045399,-0.121493490264963,-0.0543155315765882,0.0156495546980017,0.100572917551799,0.155041880856185,0.205252746866723,0.256428273636704,0.307348638955116,0.357091770751909,0.377105997603393,0.395663591047319,0.41160592758124,0.386148373638755,0.387929989630506,0.347869827725782,0.313441793301486,0.264587810307005,0.220497708353837,0.153810112550702,0.0946610195179692,0.0506517959877759,-0.0168277494018535,-0.0568890133722727,-0.0964955450088695,-0.128984762929085,-0.145227627068473,-0.142512026371949,-0.149824572634922,-0.123714686979394,-0.101983899663339,-0.0553574366302246,-0.0119287847598322,0.0292951013471186,0.0912323438791467,0.138894961194853,0.180402805412145,0.224837966044872,0.258178475153981,0.28421686368922,0.296718201571216,0.315213898122641,0.311589497421167,0.312651267204674,0.296520166127317,0.283801662753329,0.248163520031686,0.217300098156636,0.187534366558652,0.152562774244978,0.106415158269894,0.0688476327150642,0.0309045793094601,-0.00440602979400851,-0.0339389869910099,-0.0464777233967833,-0.0622637357123965,-0.0618274562739482,-0.0515208839314766,-0.0513291194061706,-0.0320844332776924,0.0105400264962899,0.0270764738278391,0.0661188575523731,0.109506232576618,0.144825934523447,0.156051550582598,0.171952565143556,0.189136263570739,0.202388335260722,0.205800848417043,0.215916587556922,0.230012067028462,0.222690202956778,0.220207907873411,0.204548812751346,0.183652973865135,0.172479550315785,0.164956663869966,0.128586692195249,0.123512284499094,0.0977919606177805,0.0732299970016276,0.0555251316234621,0.0497344454853401,0.0419673644283558,0.0301626087355464,0.0285654223941241,0.0315934854981288,0.0483167044271153,0.0436976479155194,0.0686748240161327,0.0735606412374605,0.0923016420083325,0.11427878593933,0.133151964991918,0.131823373128835,0.122509522289177,0.12687053886331,0.125568369277384,0.124357759309923,0.11847743069499,0.123684508450808,0.116752104567801,0.130811283571974,0.119617566169077,0.136679536869366,0.127465774106574,0.125120996496291,0.128315207073983,0.134085114922798,0.122337223873765,0.125547234316426,0.12125479018388,0.120759167805501,0.118323637138366,0.125312170340437,0.124049313489552,0.108465074244005,0.112052158143025,0.12642453892197,0.128740303624267,0.132206999174749,0.132867638043192,0.130244501258951,0.124562342863951,1.20236988640796,1.19458454723039,1.14977964063508,1.05417446106247,0.91959928333743,0.764313782574567,0.576751037464228,0.354582546935018,0.136112727800785,-0.0993510231700297,-0.316924763751167,-0.51349682348501,-0.675227438181272,-0.812894359429434,-0.916064379649828,-0.952014258943205,-0.949785617873053,-0.917786238292358,-0.804751325479337,-0.675172320273867,-0.506722382453456,-0.323351883684102,-0.108621248576886,0.123374198040835,0.333446278711801,0.556820693966716,0.757823201453516,0.930591472597315,1.06114100200351,1.15797759575733,1.20594366431025,1.20680584794283,1.15739735984103,1.07913202306578,0.932320080847568,0.762957354947954,0.550114946788363,0.353340716828861,0.121716619480332,-0.110117399092504,-0.311464490071983,-0.508178383969514,-0.685401839328223,-0.824068916957957,-0.910769433448548,-0.953426134852972,-0.956818370406433,-0.904317724597191,-0.804829473619136,-0.674008845160365,-0.513587744050458,-0.317460369697002,-0.0931532813253012,0.120556260890684,0.338580806277177,0.560859259947463,0.758182232000436,0.931947112006672,1.05726945480868,1.16110059722112,1.21352595877955,1.19720700975899,1.15805892035438,1.06607906644225,0.934710986807165,0.76604453328176,0.566094707645059,0.36011611922554,0.121597881826393,-0.0915171393600857,-0.305853852419463,-0.515066345563287,-0.675862050624246,-0.814824422277982,-0.907625090479991,-0.938916772000288,-0.949360864051821,-0.903205364808745,-0.810800662723386,-0.680324305966778,-0.509144131550624,-0.31590442441101,-0.0993353219957962,0.127288803983348,0.354572379895426,0.565890395575065,0.762623589353129,0.929790351276801,1.05621295500432,1.16607048067,1.21089875554456,1.18890886316692,1.14292535144505,1.06411255246189,0.928861643298207,0.763388998717376,0.555895041038489,0.355790203938643,0.13118991590987,-0.0982751594854354,-0.312738514172195,-0.498580530345215,-0.675007613141218,-0.808364829966769,-0.91507714280041,-0.953273231180776,-0.953308870634313,-0.910328703429999,-0.816587211381015,-0.675701315707977,-0.518853012073493,-0.316619829003166,-0.110169057368079,0.137534969380178,0.345990511691252,0.560769783477744,0.763878057440475,0.937795186180187,1.05628724367229,1.16025614422411,1.19296200688129,1.19609952157389,1.15195754126722,1.06322458062366,0.920682175697312,0.757882501070524,0.56822570543033,0.337543058877675,0.123809901366834,-0.106640222075115,-0.307405908244268,-0.505622449247987,-0.675777532886216,-0.820224676478274,-0.901654638202373,-0.95302485770258,-0.946093246217847,-0.903661640136918,-0.821170155782195,-0.679240988515041,-0.50522425327073,-0.321885281597375,-0.109101157137542,0.124478641936414,0.349630128711932,0.562901644024994,0.768759732616291,0.927853294425977,1.06856287933238,1.15979203812143,1.21213612197515,1.21827376365109,1.15937890862106,1.06575008315043,0.931474512987141,0.774601643366674,0.557644827354488,0.342074851070762,0.125554723031779,-0.089490667866348,-0.318117466088586,-0.514459851790771,-0.687057128598307,-0.81626152848202,-0.905086036518888,-0.95043590719722,-0.966636955813735,-0.90199618443469,-0.813182223168562,-0.67721777129774,-0.511002324329207,-0.308867534307834,-0.100101011258706,0.126089829492333,0.345979592751057,0.5730197778705,0.754269242832632,0.943484878105963,1.0687553253047,1.15172527733973,1.20034801715233,1.20752481298911,1.16135919266931,1.0554150225678,0.928455383351262,0.768875821603163,0.557708669521772,0.356297259950303,0.127027399179645,-0.116675137796015,-0.305430399913105,-0.510416910093016,-0.676719977398417,-0.818052841402319,-0.907303055797342,-0.935857858720628,-0.958492823079015,-0.906090791493877,-0.807320927799421,-0.689615592525179,-0.510888803618451,-0.318543000584942,-0.0997038238986019,0.120820180319513,0.343784091597393,0.573541073308944,0.762302595908569,0.933930874625139,1.06335550414903,1.15394513862348,1.20981331452936,1.19829178651541,1.16285718634405,1.06752016782756,0.919728385522202,0.757827089315825,0.569421211711403,0.356269492417417,0.123462693172139,-0.0973036676858636,-0.317617852866743,-0.509959406964693,-0.678307629903268,-0.815398029828925,-0.911857371725265,-0.957886826436365,-0.949075500980119,-0.910541316738123,-0.813040512097294,-0.693326001259543,-0.514131194297863,-0.313839265209338,-0.0913431841482537,0.122033761935065,0.358649220918613,0.556981251521122,0.766560397439152,0.928350823764659,1.06075397580674,1.14617877754294,1.20322657340835,1.2081253883315,1.1607278504575,1.05258732592803,0.928097606653056,0.756982959995995,0.556426709116344,0.351872840148037,0.132753385233936,-0.107697615459955,-0.319023622365785,-0.509422107103041,-0.680414585787925,-0.810520077492651,-0.894536273332562,-0.955261474629346,-0.952358144826514,-0.921054055772387,-0.812037494308413,-0.671775044104996,-0.516329300552023,-0.314470067314303,-0.104148659300923,0.130660461324916,0.344835538018175,0.560315114891622,0.75497513766719,0.932565853238538,1.05979452034874,1.16109948571566,1.19976977208556,1.19837349886853,1.15245756383795,1.06928123746083,0.935248810491233,0.767852027338579,0.565558538782602,0.356932787956218,0.119976129124728,-0.0976326939559122,-0.31983734729423,-0.513868471305125,-0.691005834074893,-0.816956174552625,-0.908092162581839,-0.946229266620309,-0.956159258228858,-0.908912150158568,-0.818656191202983,-0.680770891678411,-0.513330711557356,-0.313558929006212,-0.0866569884881382,0.115201269841122,0.349599443132096,0.580333949201288,0.76982991118128,0.920438627053786,1.07417648143515,1.15345011126635,1.20602601283314,1.1999776205525,1.15746522117855,1.06848811095325,0.934832602913282,0.758417378712053,0.56128890544818,0.348417748479735,0.124345917150856,-0.101891390303714,-0.324358730849593,-0.513972457790268,-0.682773565962151,-0.823157243657063,-0.901103249045987,-0.960601723614737,-0.953657536461826,-0.906676039874913,-0.829622107962814,-0.686710122367269,-0.506445621976115,-0.307710686101505,-0.104395799931528,0.126949846648746,0.34885304866601,0.568072713241153,0.76045154668172,0.934347465951444,1.0650260055144,1.16542830464535,1.21301079076462,1.20464862454969,1.14365573107548,1.05249821348344,0.924855309038378,0.749121768289801,0.564305048691317,0.339837217349486,0.11864557140121,-0.104887222220146,-0.322618711344551,-0.51344986952625,-0.676763489650888,-0.811735076969787,-0.904218521635414,-0.951134467306889,-0.952239715589125,-0.898000847352063,-0.80990577878099,-0.683626381979718,-0.512410298963817,-0.314203563606629,-0.0977108852702552,0.126048747936694,0.342469923864705,0.566558981328925,0.765326503431987,0.921762396942465,1.06850416950199,1.14986641881568,1.20885242974749,1.20138928144827,1.16243545843813,1.06900147849968,0.921430364575315,0.745686285783878,0.562111380972667,0.340357092646096,0.129996404838739,-0.0923256754438414,-0.310432940952484,-0.502758214633322,-0.692948719281566,-0.815793476153979,-0.91172620419878,-0.94565597343285,-0.951082309699434,-0.895276057039463,-0.814712003636529,-0.685019018618785,-0.516872985505322,-0.311380610597945,-0.10824348816579,0.113971250715683,0.354526626702152,0.564486416301065,0.756968147114619,0.932605404608667,1.05742071930154,1.15334438603289,1.21586184167937,1.20366729073562,1.15331319989142,1.07030056488025,0.935327315011905,0.756961029745401,0.562320404959305,0.343940454184604,0.123248225056943,-0.103879397621772,-0.313802292209422,-0.509065401764288,-0.667828333451946,-0.816388186730889,-0.918076615924199,-0.955613052232575,-0.957787582943874,-0.907182797480374,-0.81710661553371,-0.675890129683828,-0.507049291345193,-0.31728130193969,-0.100401048489111,0.116082505465333,0.346606998555959,0.57163908484018,0.753913643388281,0.916273218756701,1.05871403025676,1.16097304394166,1.21170347300998,1.19922485563585,1.16142505632999,1.06381907864423,0.934776582542548,0.759159307976741,0.567840123907814,0.359390087588053,0.118481103795487,-0.0936508535728603,-0.309511417405966,-0.515567518243351,-0.68640498485012,-0.813793575713561,-0.895414848416474,-0.958282090750826,-0.943902455187399,-0.901382723311501,-0.808341820028955,-0.692137626808416,-0.503684361572831,-0.320469051397751,-0.107505298304486,0.126327476672837,0.361541447534958,0.567903479874856,0.770809769234037,0.933965716442747,1.06349447121448,1.15163389562936,1.19228097111191,1.20788004768661,1.15841507840895,1.05610844742771,0.933908940909155,0.756483559182129,0.559917388035115,0.343377592903602,0.123052670375353,-0.103483939131091,-0.320836916032101,-0.497960244634384,-0.673371763848154,-0.811892734199552,-0.90137472188645,-0.947498404716208,-0.940530361524728,-0.903959857283041,-0.820066493356069,-0.677976425402828,-0.519581867180022,-0.312269519589771,-0.112020944994081,0.128965952027432,0.358467341997181,0.555113532375362,0.760084977437631,0.925536867124955,1.06913929516791,1.15635767072352,1.20939265341495,1.19625206115405,1.15591925522331,1.05914457960823,0.937439992972253,0.753414875845425,0.56118306313253,0.356381572494179,0.114195142157357,-0.0979899910126678,-0.311421214739904,-0.510117609114125,-0.694262638771095,-0.815114803197605,-0.921915812182879,-0.959703643760684,-0.951793206554915,-0.904083158684399,-0.81165857999994,-0.685717406489998,-0.510925333865125,-0.32605628456069,-0.107069823593288,0.114375703741387,0.354521213629101,0.579569890728844,0.767253378143786,0.939457186827011,1.04707570400823,1.15165907142296,1.19207848641242,1.20107076957746,1.15541356187257,1.05734350483558,0.935107150983833,0.768644860459109,0.560258190595059,0.354040934102894,0.113534781003308,-0.112706219143333,-0.316860729189226,-0.51485892626045,-0.677003994469109,-0.81016376447741,-0.917662674728738,-0.957409052851339,-0.952926261295455,-0.906764404668783,-0.817626235031752,-0.682463603552469,-0.500592255319321,-0.316699936833953,-0.106213470053105,0.114648227673506,0.353621379309019,0.5709812600549,0.762685970250766,0.938337347356842,1.0712089739364,1.16370532893032,1.1985301510826,1.19670147108613,1.16070460984259,1.07081224056766,0.937979294074764,0.770233485339741,0.563390427865586,0.342093172510369,0.130259628249498,-0.106966985449883,-0.317787242800371,-0.503710129407029,-0.687047041228086,-0.808803543250514,-0.909267472036882,-0.943784042468539,-0.959663752166495,-0.911596783341495,-0.81901484226739,-0.682759620359516,-0.514992083282773,-0.317813464119836,-0.0986856946342893,0.124588505990119,0.346799227671459,0.576086644874065,0.765792650575498,0.930025518454059,1.05892137639636,1.15936667525033,1.2035270817134,1.2066284069466,1.15651439019028,1.06136206577922,0.925503615088561,0.768327790011279,0.567734424113998,0.355492992065143,0.120472493830766,-0.0985690179470207,-0.321221445742624,-0.50881225782589,-0.677697995745475,-0.819188849984156,-0.916693492311606,-0.952096392349752,-0.956293349485439,-0.906170814274324,-0.809910752283942,-0.67560498498093,-0.517002456750576,-0.326360049109285,-0.10737771952188,0.138203155794924,0.363719019474757,0.576530658987879,0.764600167847749,0.940808790635338,1.06805206304873,1.15245292826608,1.19596203929646,1.198967554589,1.1539624711069,1.06238601422817,0.930216156923148,0.753896985575069,0.563414787976969,0.355023668010098,0.119836522705001,-0.0959221590032552,-0.327861604208314,-0.507554289133302,-0.67637808490974,-0.822683446717303,-0.904014480748101,-0.973928576698798,-0.945847739816931,-0.901390388659247,-0.805204027228264,-0.68732580262083,-0.505375767814928,-0.315054113238824,-0.0949836287703412,0.117155605126907,0.344114717351956,0.561559234130093,0.77276077698082,0.925577395938546,1.06397345234799,1.15230358861932,1.21314215924829,1.204765564544,1.15920041192213,1.06360064669059,0.922127777392031,0.766356405968688,0.573079841224804,0.362471675718669,0.125824718328128,-0.100423256528585,-0.321818906512287,-0.512667884615836,-0.677886286664084,-0.832330744315286,-0.906046315647435,-0.958690210587635,-0.952409743097122,-0.907399752913653,-0.803689163673627,-0.680333415275309,-0.521300369889419,-0.316776790932647,-0.112225988484113,0.119414127453448,0.355152938900506,0.56880905551953,0.763390118247432,0.940119150499428,1.07168720648647,1.16203757516408,1.1966347625723,1.20396394937355,1.16115965826056,1.08062980826813,0.931351723976224,0.757389885565693,0.562951725448405,0.345540796694648,0.123589516054296,-0.0875758177496956,-0.309542558385452,-0.517159782726267,-0.675054061280725,-0.805886502558088,-0.896377801558288,-0.956380963712518,-0.953192039807602,-0.912153720305477,-0.816825167679568,-0.675674149761355,-0.516452129988196,-0.320548763980988,-0.10937634423188,0.127246295779198,0.343792648543929,0.565247230518423,0.773230542525909,0.919141275392996,1.06125767660069,1.15314129342306,1.21035630114893,1.22018968097999,1.15845087285497,1.06049594546902,0.930014645194806,0.772203241586234,0.565357037650338,0.349353304972546,0.120150938371099,-0.0994152773930107,-0.308583487658352,-0.513529147181172,-0.674452416053083,-0.816849335904417,-0.910176746403866,-0.951178970276351,-0.947933601995131,-0.914896632634124,-0.804693314011084,-0.674010713790248,-0.523612341133852,-0.319689140225414,-0.0962312450458363,0.12877109096343,0.348521054734393,0.56952017565193,0.768108326019619,0.934894731088312,1.06170935447139,1.14905142732382,1.1984720684197,1.20609388723639,1.15288248235727,1.06285825032848,0.927060377164461,0.761829260069472,0.564437288021036,0.344582029703475,0.129110463738807,-0.103280910473941,-0.313823173952484,-0.522189853196968,-0.69087652404124,-0.799282347131428,-0.911891706106577,-0.952038060088364,-0.946309967413829,-0.903995252414596,-0.819848148840156,-0.671891027936996,-0.519226933502654,-0.316656158130699,-0.104616105288418,0.12118372217248,0.357418727044736,0.568114108760756,0.754375511013092,0.927015596406671,1.06095100360504,1.16474455077704,1.20805608081478,1.2019907741375,1.15557980219284,1.070607148565,0.921535600110225,0.761571092337751,0.565947672301478,0.345055816510157,0.114210115440534,-0.105101815512142,-0.321383584735645,-0.518060740374707,-0.675934570775709,-0.817800396402127,-0.907767166873763,-0.961101386907248,-0.95172477641536,-0.910327075835439,-0.801662024739211,-0.676062676481112,-0.510461162169031,-0.327830330116781,-0.108248447331049,0.134967203778937,0.351659281118192,0.553764674235253,0.753420866102821,0.925543221330042,1.05720394662027,1.15805167851271,1.20396611056038,1.21411388661421,1.14963100706951,1.06089879201574,0.932041791635146,0.755215903077077,0.560012248714809,0.356403084342349,0.127895217463306,-0.10529732007328,-0.308454071250494,-0.502452712808731,-0.679030829960413,-0.825291628559548,-0.906160221963409,-0.950196788160189,-0.952117940747523,-0.907291123351012,-0.814146343846263,-0.66921605366488,-0.512263586126514,-0.316054473118767,-0.0926085160651003,0.120026447565604,0.344204312228149,0.567039002901425,0.775118304001923,0.926674689879391,1.06210638578674,1.1446368207187,1.21124531842562,1.20964118466314,1.15545020417212,1.0673875638434,0.940100987553526,0.765452049014159,0.578015274638401,0.345832079069568,0.128674138256193,-0.101956411927372,-0.309923206292359,-0.511875513831406,-0.675746447230109,-0.814162667113478,-0.904746317109456,-0.949110665053364,-0.955878737012429,-0.90908131604416,-0.808421269039553,-0.688396194054396,-0.510531954355317,-0.321003981248739,-0.0996371356066129,0.126057866812279,0.363774254901586,0.568105079586886,0.760418189734097,0.934531873606112,1.0642844233777,1.1680608743791,1.20169433718964,1.21512138774902,1.14045535856761,1.0669574555633,0.934217891433224,0.775767677409366,0.576867847526061,0.344820252954003,0.13096931799717,-0.109030793093566,-0.327686997616347,-0.520945936307427,-0.685890764129298,-0.810612930717687,-0.903272878559621,-0.94782892210995,-0.951570707674786,-0.906368005844766,-0.809833567261416,-0.687461138143763,-0.51792175929292,-0.313788203634224,-0.10401194964611,0.119001247783998,0.341478015357397,0.576285941708721,0.763376557264102,0.946825947226343,1.06759042981881,1.15998021175487,1.20947355479497,1.20104458031227,1.16271485665643,1.0653625304069,0.919811481210102,0.760656263541299,0.557921182898686,0.347766431024897,0.128118403531638,-0.10639516885543,-0.306961170041878,-0.510004963927437,-0.684209558912391,-0.810154296378139,-0.917474289680377,-0.956159513136094,-0.952264626005864,-0.912025422756171,-0.818725554610914,-0.67612755914148,-0.522247642973582,-0.310198036837891,-0.102853471703644,0.129688689910357,0.348380132804735,0.554296853106454,0.751785137585126,0.933914246701386,1.06759254778361,1.15495069991343,1.19832863382992,1.19443815351644,1.16576212336318,1.06777330998672,0.930744909632517,0.758577886712831,0.569863245789806,0.355188936682181,0.132521282485222,-0.093463820736111,-0.3206261315362,-0.516352334841325,-0.682402754273617,-0.819660148823795,-0.903229596652502,-0.948525605684653,-0.956783045234517,-0.906851256694896,-0.821807954227779,-0.683692299873675,-0.521519797224146,-0.316640246414003,-0.0976719954548037,0.127997931962897,0.359838657300386,0.547172185664735,0.771403780419733,0.940645481878039,1.06799244463736,1.15145365204108,1.2165314586814,1.19977024086152,1.15887268913608,1.06260593455875,0.931306067830739,0.775459010426873,0.56425493542548,0.339505570738276,0.118660061584374,-0.104821224545769,-0.315784964160043,-0.501464790475947,-0.684008146205936,-0.817788802810156,-0.912855191364918,-0.954307257108621,-0.952599429471257,-0.904528503561202,-0.819820298548449,-0.688506136598667,-0.520056372392632,-0.307270867572617,-0.104061143328217,0.120325530066518,0.344650916054158,0.568276920163741,0.763727365971931,0.930247133174801,1.063605985361,1.16213951399492,1.20640359747628,1.19788203137069,1.17174755183883,1.07735402453846,0.932732475685013,0.758478733024634,0.563592503912974,0.353760202067766,0.126764376043612,-0.102447276156087,-0.31419362072345,-0.509185644323539,-0.677575997234399,-0.822883391541231,-0.918397868631239,-0.947449979591566,-0.956272767321384,-0.903895673638771,-0.805940986425789,-0.67950773626512,-0.510115050583956,-0.319438143191155,-0.0936334358468358,0.129555769978387,0.349672500811617,0.574469136563591,0.757135239599291,0.922705858951282,1.06589428291199,1.16239801801129,1.19576307795231,1.20218017090965,1.16548283186869,1.06115487173935,0.92447978963133,0.757132782996093,0.560412490451683,0.349122590777642,0.132999294507745,-0.0961026215164422,-0.304242558518687,-0.506787113662443,-0.679670234870964,-0.810283431279831,-0.901122619144207,-0.957186162532936,-0.954709923221446,-0.907125160947683,-0.810961375068551,-0.676608449503289,-0.525508002597607,-0.309975934859391,-0.100616578743133,0.129782604837388,0.343430620789171,0.566485888682641,0.765169203887409,0.928616579787502,1.05778070330498,1.15333646070156,1.20831193817763,1.20058652180285,1.15768785777704,1.07076032733142,0.919735418680918,0.762530110873648,0.556782328667332,0.360844429225604,0.12123565315568,-0.103881272852537,-0.313269682986568,-0.513007339801702,-0.684101033270001,-0.821785191506089,-0.907038417130146,-0.937355531401453,-0.963116799852338,-0.907822729416643,-0.814026202162053,-0.686966397657596,-0.501180540361462,-0.305695613829067,-0.0991921273824271,0.125598386504791,0.351216018968775,0.571866196392796,0.765609767877643,0.913834103907831,1.06385467837423,1.1614579517482,1.19880149803085,1.2008673130641,1.15382737632678,1.0604028642591,0.938650718394444,0.758513647306665,0.567418039368679,0.351755166332906,0.118839081920994,-0.100995662288094,-0.30997944531299,-0.512567760754176,-0.683530262782332,-0.817766668369865,-0.918706983756468,-0.953608701686712,-0.957624122602368,-0.909939951037489,-0.816621901457891,-0.68889546352559,-0.509230050149306,-0.310872786283194,-0.0980453660379456,0.119923835338954,0.352710876079258,0.561354343117516,0.767659536462433,0.932069483710567,1.06236367728851,1.15870840550966,1.19343233985514,1.20529265118715,1.15783592726277,1.06081114847958,0.926971664867166,0.758624910599647,0.573893784705679,0.356044093202669,0.116012972583479,-0.100268361406832,-0.307012807723013,-0.51267556040922,-0.677742733711456,-0.805989119460437,-0.91556844761927,-0.952811290505676,-0.945753093786902,-0.914711273870318,-0.811785917112051,-0.682470117110053,-0.512531604002626,-0.315976357358762,-0.0938682866631618,0.131422896273866,0.346644214348787,0.563246395009997,0.773205459553322,0.930248566039138,1.05936597059472,1.16319980482959,1.19649827566686,-0.954879733543351,0.134516302209314,0.245252355821316,0.459755237159289,0.670402365361734,0.853151704063047,1.00386073805297,1.10858189115155,1.181168506304,1.220936472219,1.18973643698968,1.12508019125786,0.995044524383258,0.858912403616812,0.664490271823672,0.466982530737531,0.245923525743457,0.0152361637683017,-0.220975251132016,-0.41719879544417,-0.600633836941056,-0.754090730242411,-0.859039128517896,-0.933559874594417,-0.95537087471939,-0.930110982143598,-0.867177648560903,-0.754038911600586,-0.594069070469223,-0.417270565309412,-0.207670395228821,0.0116971495411475,0.243250816371449,0.462192379054527,0.66196858904183,0.849797992328143,1.00371103688111,1.11256770713531,1.17171924460725,1.21184185970858,1.17182609163664,1.12400922715338,1.00242666824786,0.847110273861846,0.671392227581462,0.462073167611909,0.236843152372847,0.0127391393734234,-0.201794079092986,-0.424386554343084,-0.58507085014761,-0.737039543715052,-0.867944818823278,-0.92968991464403,-0.957570167221258,-0.931292692952814,-0.86122457370706,-0.754987666343015,-0.608691661379682,-0.420264480564598,-0.207658046329521,0.00721911152527737,0.225988300629981,0.463090438073718,0.659129944865857,0.843608803803584,0.979087216241272,1.10470678848835,1.17390123875562,1.1950121421641,1.16798138853362,1.10452582134593,0.982554004411591,0.830261918523923,0.664911641520236,0.455774491882447,0.241330877027867,-0.0013965696334382,-0.199976626863713,-0.406591238708419,-0.586130872244203,-0.729767791248283,-0.838715864001848,-0.921441317190947,-0.946568581251489,-0.924648650386868,-0.847809477548126,-0.745718062156787,-0.581526171140668,-0.412145115580625,-0.216954768914382,0.0155542335817395,0.233345045183765,0.45063823282735,0.641768049390746,0.815939793656323,0.970823555579539,1.08291892215426,1.14675821595015,1.16250791028802,1.15992395922165,1.08662470167916,0.970850380291967,0.829121503749726,0.652166180387678,0.459258289121579,0.241993085108348,0.0149856979434917,-0.199668196480283,-0.394992226733624,-0.571372904069183,-0.72478305749479,-0.82541172275457,-0.903247541846042,-0.927931606265868,-0.906730327580282,-0.83492672861473,-0.72991187142676,-0.568237160806985,-0.391353399112699,-0.187669051669477,0.00505375674770871,0.241729770530816,0.439696787760823,0.638203038747153,0.809812906707581,0.950154240976712,1.05786142578557,1.11497115923682,1.14019987002201,1.11826148535957,1.05474911725603,0.947924904857826,0.811960990753174,0.629414741072071,0.435379773242033,0.241730793803951,0.00400245954524247,-0.182888330370594,-0.382365041853642,-0.550513679690446,-0.712341392526781,-0.805423022519437,-0.867842206977244,-0.892295760735495,-0.871333122086418,-0.807638326426108,-0.69957252117877,-0.553540437413776,-0.381409602181638,-0.189832275123623,0.00560163858738973,0.221357346964411,0.429400228008016,0.612016404211334,0.782667876144869,0.928483432941984,1.02293170339338,1.07555477947207,1.1072630930379,1.08774612123351,1.0181577981724,0.910993647542619,0.777640613811332,0.614928779028048,0.421515012124159,0.226272832963576,0.023363698957501,-0.176959837634788,-0.361464113868816,-0.53199997062835,-0.665432139981954,-0.767461691100852,-0.838678201637921,-0.87161558315579,-0.838313772979258,-0.77494873320072,-0.647019324271719,-0.536978140292218,-0.357702710350283,-0.183336941999882,0.0356442203065447,0.231590088036617,0.422308294105812,0.591114542207063,0.757912140222718,0.888053922242179,0.981357999588942,1.04370840862988,1.05564096702766,1.03531388085738,0.989318017553937,0.883316620055918,0.746485833986548,0.577818927482848,0.427429640992853,0.231858594997551,0.023812567543659,-0.167320134246612,-0.343981452366254,-0.508827994896619,-0.63769885051318,-0.729554395012587,-0.800092102436679,-0.813625214062281,-0.797885563939371,-0.73536344418051,-0.634335826283207,-0.513744232437635,-0.345533357325316,-0.168436631646481,0.0253736467665333,0.218576646942754,0.394825760970068,0.566993241858159,0.7195625416248,0.842348509739883,0.930373225756425,0.999746893051813,1.01136973102584,0.995132913481534,0.946401929708452,0.854866514621917,0.712549843819228,0.567290191617443,0.392459297593616,0.228622987915117,0.0236884715190691,-0.152849912644452,-0.320230983335408,-0.465152044028088,-0.591830536210334,-0.679185925235185,-0.745573660663328,-0.76355270437701,-0.746733254843147,-0.691453240166591,-0.597067245921351,-0.465617244963126,-0.325846124510949,-0.155265249175925,0.0211553009026034,0.217039949411154,0.373918745960698,0.539956688278296,0.677584876849775,0.790732835626927,0.88134935692716,0.951877351627539,0.952923244825633,0.928654125704022,0.882477847374894,0.803069321518814,0.679328368662703,0.533305862657437,0.396010975463404,0.211412359268845,0.045367397146084,-0.136515593861539,-0.2917748502219,-0.419162466670596,-0.558110686818324,-0.630289486051788,-0.680452633654585,-0.708775572146629,-0.678091777010632,-0.622980104832768,-0.548024681266319,-0.435618995230805,-0.294391996878711,-0.132698509855768,0.037789203664766,0.208141972909112,0.365657795443304,0.513271254865739,0.641907222659534,0.748488559529202,0.806600088107857,0.881751733820975,0.895934678619589,0.873014580798502,0.824520455816524,0.744875557275621,0.643100855461705,0.512633461755031,0.354882101782261,0.205153479092181,0.050893189703527,-0.106018667996487,-0.255317693956392,-0.378583099742715,-0.503272767807156,-0.568479640358517,-0.619038969713189,-0.639373615788544,-0.625850262775672,-0.571354993135221,-0.499489366819048,-0.386877585852056,-0.260684363698623,-0.115785165791509,0.0490240270738452,0.197334024964553,0.329015827204194,0.473097017708157,0.596192149440554,0.689250570010388,0.769215573679211,0.798570916408667,0.825407872751807,0.796495789833141,0.771058267049023,0.70019300468712,0.597979276338023,0.47677925244849,0.343026070583679,0.191324050574594,0.0378932942043112,-0.096913117450789,-0.226501089112549,-0.343059237384231,-0.42905429768433,-0.506748992635234,-0.561927202413527,-0.572270012422856,-0.55443871113234,-0.522161495995233,-0.43886073987094,-0.34783558825679,-0.228753961382903,-0.0882725982876307,0.0477978000355486,0.19284304681694,0.31975004868638,0.445102857586537,0.551253764736564,0.636065910862748,0.693561640535942,0.743652178048078,0.746361483984888,0.726980564578659,0.691862563200505,0.632968463434653,0.542578455831404,0.438775013428179,0.314921290190165,0.19650700845001,0.061285336248599,-0.0753926841156187,-0.186592701991186,-0.28234797755809,-0.387157495346229,-0.439781325069603,-0.485621479345136,-0.501122984759787,-0.488174678311932,-0.445557295603545,-0.380329345651146,-0.282755779129372,-0.183658343592947,-0.0761149696205923,0.0574740819454194,0.190889122907548,0.279727428846209,0.408460303154208,0.478226738775311,0.578431476130331,0.630508094970451,0.665013783626049,0.66968471293954,0.657714875446079,0.610410410244088,0.564078607690006,0.496816491586346,0.389874469406458,0.283145235350565,0.19072016060963,0.0771507056756312,-0.0393554194120978,-0.145192702720633,-0.232615179201952,-0.324108892948618,-0.372971681217814,-0.410086404597499,-0.409613540663411,-0.410556816370763,-0.363971552431802,-0.317243781650558,-0.234963727153942,-0.146943552722182,-0.0474105535736679,0.0666774004539661,0.181157780565879,0.269051162485586,0.360890153363016,0.432191839284443,0.493976817146855,0.541779920115626,0.564441897480968,0.587199336902724,0.572124114296594,0.539513932405036,0.488771612358363,0.427284963809926,0.350748751206413,0.2739358247663,0.183725323245963,0.0683766067476679,-0.0181069489508122,-0.120996127623243,-0.18279638449692,-0.241928518783043,-0.30234986813395,-0.320451883317657,-0.32887109770761,-0.3249654653533,-0.28492247833103,-0.248608403504859,-0.18397990515353,-0.102259365254113,-0.0212654214663267,0.0795354359626141,0.157584650529289,0.231942529554168,0.305584170325089,0.356359257215025,0.429474925196274,0.469045499626752,0.486551754977698,0.498988589161488,0.501543323704694,0.462568123525982,0.423759088962051,0.364915893096221,0.313754820292424,0.241692354616044,0.168841385938242,0.0793219453134117,0.0138814921043053,-0.056142787220266,-0.132746921733838,-0.169957883511804,-0.218505075553256,-0.231013702844501,-0.250005216845773,-0.224239718474766,-0.215706613495228,-0.182411391441686,-0.133765616599926,-0.0568731120263323,0.00596627296010039,0.0799447657966163,0.144933523793294,0.210083911113124,0.268021255822858,0.312303521999552,0.343116566463865,0.378162026499162,0.409258466986196,0.403164033805179,0.400968058129252,0.373038824765771,0.345971703250445,0.313923259513565,0.274237445066083,0.218789665686374,0.153553834398474,0.0903614455828487,0.0354831530183409,-0.0152277940690838,-0.0719321172231267,-0.104592378407685,-0.137952665696806,-0.14978179963956,-0.14699524910748,-0.158363796182141,-0.139230159702392,-0.100701022733923,-0.0604262990033963,-0.0132236966795523,0.0279562076408076,0.0974968729557353,0.147095640432088,0.171760389984173,0.217601522412183,0.253851042231414,0.275031724872078,0.303329463543277,0.300904310955011,0.313681785151046,0.317394091654737,0.285686750669013,0.277081510065929,0.251864185302918,0.220541641826058,0.182482365727593,0.13489951617184,0.102766590042814,0.0693458229616926,0.0240575613870981,-0.000181933124783333,-0.0286985576306943,-0.0466257944934294,-0.062363181574643,-0.0673465664075128,-0.0494600101748164,-0.0527482411757737,-0.0228636515845363,-0.00162621091543553,0.0376585364105855,0.0638319884790761,0.106953006760413,0.124908592070687,0.152977037225855,0.172240526192741,0.182475045302371,0.195673738808338,0.21786419249346,0.220790829529945,0.225862455830909,0.220954574575429,0.211399869876894,0.193123589319245,0.190984196681695,0.174001300680949,0.153469668801102,0.127731258192112,0.110325021132602,0.08198429296735,0.075827387551111,0.0786316387768886,0.0396159724722734,0.0326224322136702,0.0207248395489284,0.0169977524518792,0.0263591738139341,0.0326588052567546,0.0539219066143473,0.0543453665696663,0.0717265714961479,0.0867686872295221,0.119820946065575,0.123387830602704,0.119183212993664,0.124095401012617,0.12347341697753,0.121062121755331,0.135111088338562,0.123775423951123,0.126338715992363,0.116187602254267,0.123037448956443,0.130829661231088,0.126632436456001,0.12808433367501,0.127018883294301,0.12968852863608,0.133118768438467,0.126664142359091,0.111955168433908,0.127778406087279,0.128398817508061,0.128700017858517,0.130407802571999,0.122622649275042,0.139026375789652,0.121739320565914,0.126566522937875,0.129793428758666,0.129190790094208,0.128906415894757,0.128970830632841,0.118550004846755,0.0987173884265267,0.0688676192132575,0.0522998512836268,0.0457661839132776,0.0394456791241717,0.0345499087185275,0.0340903919008865,0.0291132758062254,0.0468251079249334,0.0521495035201915,0.0618286056089491,0.0733079984087504,0.0906150814494614,0.110355261225148,0.130096727293405,0.1436274349668,0.178568170981418,0.190950512901973,0.196484478786295,0.206654123270196,0.218701831649196,0.227327132967681,0.219134406070558,0.214070985110755,0.217979867584946,0.181847219834216,0.1672448365246,0.164420982590945,0.132311509913059,0.111299608565883,0.0669548097817312,0.0301203509462305,-0.0112178438004928,-0.0252207971089333,-0.0501347589747933,-0.0660616047727696,-0.0611708287141301,-0.0577026694768531,-0.0542868183317017,-0.0255957435555644,-0.00544432299632287,0.0307346573349857,0.0762454461065292,0.102764886022557,0.141754717847045,0.175818881475488,0.223012439973951,0.254344502414587,0.278714168125552,0.294123268266876,0.310520689724582,0.296333972706325,0.302449192514962,0.291902394108372,0.27487817388818,0.254819884025577,0.212150654537098,0.186654748796322,0.147835333210182,0.0904537478201427,0.0488712757150543,-0.00785708031900456,-0.0628296859321156,-0.10814161074912,-0.135938494540509,-0.15049403269716,-0.162227211527036,-0.149162493788508,-0.131621037053758,-0.108613951178549,-0.0615547850971559,-0.0181420137584565,0.0330049607571225,0.097365245093778,0.161909553446171,0.209285274880416,0.264273960042956,0.300733348188489,0.357594528388017,0.381180158636538,0.404133411232902,0.401702665073189,0.402770930453446,0.382013836928456,0.356389482074315,0.314191949666022,0.257836202270118,0.212922822503156,0.155595212554595,0.0824871274187442,0.0158058878753642,-0.0583850101783859,-0.124363980024294,-0.172062733585968,-0.211820518082329,-0.234711509817453,-0.248184486485442,-0.228100053132011,-0.222799192875787,-0.173371857979725,-0.133247050356421,-0.0574109059147454,0.0171511883256316,0.0787294438228683,0.168431726387748,0.232648838805338,0.309366374846348,0.37773803384599,0.42736030394963,0.468169022332613,0.483951381632216,0.492867029490258,0.495369502322363,0.469138267614429,0.434263968004459,0.366523108182783,0.29666603181464,0.233828366177595,0.17027078251455,0.0750872238812994,-0.0250864280884583,-0.100857204006996,-0.183741561098301,-0.240278207915133,-0.294958386719903,-0.32822706181919,-0.327612831108545,-0.321744943255453,-0.293224799940193,-0.239808554861685,-0.178510397093459,-0.0982874208040453,-0.0137891173268387,0.0793979972662998,0.186669930909375,0.265041028164542,0.352523890155119,0.435742309133783,0.494990742469733,0.537397029619612,0.569750149031688,0.577782667053333,0.569817743075823,0.546587324697578,0.490513211940017,0.440206823113058,0.35872717954835,0.260461001511377,0.165479902623862,0.0639191947692795,-0.0414099522654038,-0.138006812291505,-0.236397797675323,-0.313782935104628,-0.380551401158469,-0.407689185624337,-0.421900840144094,-0.409981499495515,-0.373850144242359,-0.309173099780222,-0.23915967586264,-0.161066021866813,-0.0462777430925919,0.0559487119346046,0.17804741092273,0.280067424867486,0.402986668311152,0.485407531124029,0.557612647567757,0.619098880679736,0.662024970328616,0.668410141414048,0.660517317815706,0.629937633499679,0.570099187040496,0.492794781340069,0.39188345707231,0.296179541170482,0.181753047640232,0.0640023759644938,-0.0725929574425586,-0.183960122041771,-0.289852837454194,-0.376175312808498,-0.44331023553356,-0.491415442143343,-0.505381625617429,-0.477950045978532,-0.425545351021483,-0.381831017093454,-0.286617954243788,-0.188274477328533,-0.0611662709739338,0.0560617358900514,0.187535784807488,0.327299821791574,0.429398010322264,0.540415720668919,0.620429752409999,0.686621390725917,0.736058218402912,0.753918969559908,0.737392094212014,0.700943539876408,0.62382089682208,0.530599680087805,0.439501171826693,0.319280404919699,0.185165250541541,0.0539729867833965,-0.0885093625664493,-0.21366775778898,-0.351625139724494,-0.435269397277581,-0.516881663039893,-0.559156003022757,-0.565743585832041,-0.551796720298516,-0.51143957871006,-0.439540348122296,-0.345883789805659,-0.220370654570149,-0.0838303549183978,0.0457512826399537,0.193607475662636,0.334437985350658,0.463619155824455,0.591221818598373,0.692951523844131,0.761565990494659,0.802267537990812,0.809982600879457,0.80501958764992,0.755564271648145,0.682620061513563,0.594821827410515,0.477027900249979,0.333926026975014,0.196884454413488,0.0460913998912305,-0.109325694429708,-0.270054893429578,-0.396796594206896,-0.498683086012825,-0.582768801162074,-0.628146142345519,-0.637571213572134,-0.619163295415956,-0.585845699201972,-0.492899513149086,-0.389708258912242,-0.247443778756107,-0.103464998668739,0.054420393676015,0.209376596537728,0.368567897902875,0.500006577935458,0.646918639110499,0.729638126946552,0.817833785932065,0.870863523768726,0.887711009636367,0.871480329677779,0.821629433649406,0.747814851136401,0.650583473472895,0.499300244183825,0.369282123674274,0.208825443442327,0.0442083541826143,-0.130078014893273,-0.289064991266283,-0.422954296440305,-0.542230268557372,-0.622668046795795,-0.687907562674163,-0.701931864095595,-0.688108406106347,-0.62593287394691,-0.544359902425323,-0.430076596937552,-0.282297338541286,-0.137790298824421,0.0414251988975625,0.220940806013136,0.374644571470626,0.548106721086209,0.681972747673934,0.798369677114907,0.893549676926358,0.935287779524987,0.954919716732723,0.946519766574263,0.887435764763269,0.802753163586504,0.684889439036901,0.54470260143241,0.380279667582126,0.209844880036769,0.0428701548206179,-0.151801505257659,-0.323866140297441,-0.475110932301988,-0.592401130901563,-0.683613628835801,-0.741403085546153,-0.768916068430901,-0.730447512513439,-0.686858795578093,-0.593187299931009,-0.461791391474575,-0.323484498149583,-0.15727733650828,0.02299902086692,0.214241173989897,0.397522550097129,0.575472572917461,0.719893244639647,0.842522931952602,0.928640760103455,0.994377014956973,1.01000702961366,0.995177185421751,0.94762812737725,0.85093223431764,0.719751714908081,0.563607890063999,0.393623946029592,0.212962212447094,0.0341827694702206,-0.162429292211369,-0.351077252946991,-0.513380164148977,-0.636597725734632,-0.73144955874341,-0.782916792171297,-0.827398056991477,-0.797158385409816,-0.743582166027944,-0.635136419046869,-0.498102269994463,-0.339751889866729,-0.16473840036281,0.028993808423406,0.239995094024663,0.405403014487341,0.594748359464213,0.75520489830641,0.88362430608435,0.986361126089801,1.04655269815231,1.07762899795189,1.04638612220316,0.988390330908951,0.878725459011854,0.765411918076442,0.596775215402203,0.407304316095129,0.21790974203339,0.0285759779760713,-0.176555522034576,-0.368908387354346,-0.532750014673069,-0.678808137662732,-0.772779730357173,-0.8349668148538,-0.857706525864496,-0.829740357133801,-0.760570883792118,-0.673101680407013,-0.532400677260434,-0.372270932140988,-0.183479049968879,0.0231814496017833,0.221043466804727,0.424395559391425,0.610382232684115,0.780102633852125,0.925212936188034,1.0327764424706,1.07913904964513,1.1073127262094,1.07373352904752,1.02246422577068,0.912758267798648,0.782942385455265,0.623211208501622,0.433530951208949,0.222519898586408,0.0138571275648989,-0.180816570494928,-0.376664048324491,-0.561913993297591,-0.69655796466532,-0.800929490460625,-0.880170207384728,-0.886420288773608,-0.876105158678131,-0.815478309807569,-0.704818977157145,-0.551989247158114,-0.396418073460218,-0.193454492635432,0.0225257024890266,0.23457642887088,0.450247264305836,0.626258577901621,0.804230117169481,0.949680408881884,1.05127903784836,1.1252926935184,1.15007913634018,1.12220198536138,1.04843965928288,0.953545120974012,0.807206753091599,0.630427737200025,0.432414073096644,0.233842152381978,0.0068524860396955,-0.193807173283662,-0.395167439192447,-0.575515853979303,-0.721302916797027,-0.834544232396159,-0.896958364915537,-0.918246254543881,-0.899959673143084,-0.822257638899981,-0.723219052183064,-0.576562508414413,-0.39922034562155,-0.198278211839379,0.0103704429982472,0.233968843675748,0.449224181184543,0.648422816321874,0.827159101307832,0.965076796639776,1.074574534482,1.15129536129925,1.17384054314119,1.1524104391875,1.0874971790935,0.977042482404973,0.820412465837501,0.654609830846486,0.452146402565382,0.239749153492532,0.0127248258027007,-0.214341188088182,-0.406913595479532,-0.58685760292615,-0.740885382984142,-0.843613643648304,-0.920145432144649,-0.951098968421156,-0.917133483462852,-0.846026064538359,-0.747931166250333,-0.589914235692253,-0.416658268003364,-0.212992853112858,0.00911538357555889,0.230781249425533,0.457013999752613,0.663011380969724,0.841652770198656,0.986239066368346,1.10451652988999,1.16879739844391,1.2094335928037,1.16517349099569,1.10425756407022,0.993357047290681,0.843153064250306,0.659592919199705,0.442295250451044,0.229296297914684,0.0143704352561349,-0.20932823430144,-0.405948215408779,-0.590875219273451,-0.756396766679336,-0.852907911064627,-0.926545240733286,-0.957651243394524,-0.925030156377636,-0.852517485779249,-0.748566411179773,-0.596181738237231,-0.411142901785733,-0.211396958764673,0.00168513820612461,0.235644578564897,0.447469022713298,0.667623696542404,0.855662631154421,0.997872740524643,1.10512134702415,1.17835629636757,1.20101970763737,1.19149628405144,1.10389835842223,0.999356676027939,0.842442585598762,0.662176775409393,0.457975792502147,0.24046542074789,0.0118333093860934,-0.208061031725006,-0.423330373887755,-0.606560893290825,-0.748561449674447,-0.866961804568267,-0.933252425205364,-0.97142648182809,-0.938849441627252,-0.852323736674358,-0.762669232646635,-0.603885042350519,-0.418563496138429,-0.215338005323039,0.00836996568253884,0.249623495438624,0.460287590923645,0.66373190230504,0.840965119310551,1.00330407700681,1.12243181007066,1.18680576425116,1.20394170738852,1.18083362846732,1.11568140007179,1.00592921193886,0.848611024879256,0.667840782199598,0.459231468391474,0.251895087209725,0.127752139769839
0.0757442480239287,0.208288030634856,0.440258189224079,0.689926989280194,0.887756413344214,1.04731184728816,1.19214273193042,1.25145141606837,1.26990375018956,1.24808180340392,1.17451725034805,1.04712785525462,0.884936428850562,0.678412393909662,0.458470893556044,0.216611156715051,-0.048648203268216,-0.280964696510277,-0.53977786639815,-0.719560974621439,-0.88551674670871,-1.02123666517803,-1.08903591137036,-1.1209586456261,-1.08182698613287,-1.01589929926607,-0.893713628233471,-0.717576678726363,-0.516438437943222,-0.296390565536558,-0.0364866623521906,0.198881582632732,0.447202832920841,0.68620739949002,0.876841843090449,1.04529168953979,1.17672619888959,1.24746484251291,1.26818252335873,1.24817298981163,1.17581077537357,1.04592606222732,0.884164397142456,0.677646668995409,0.450785058677016,0.221771078357778,-0.0390011471732771,-0.287173207447609,-0.52005871716406,-0.71156930178457,-0.881951844444409,-1.00655767975115,-1.07581141654094,-1.11105066999819,-1.09295730824367,-1.0070720390528,-0.890812166115889,-0.714652732337885,-0.506688184481779,-0.286279267595243,-0.0405362374195568,0.210724747266859,0.443397735236308,0.668228698077475,0.869709440882116,1.04217455907158,1.16420939770941,1.24260286841294,1.25643394599273,1.24049200886043,1.16010362751343,1.03786675708549,0.866660311903573,0.68139165450134,0.43670970986709,0.213875215379491,-0.0366245785954884,-0.276379440841314,-0.504161841818492,-0.695115999236751,-0.883230272004872,-0.989044185158156,-1.06059267947908,-1.10027479412449,-1.07021948683147,-0.997607853874811,-0.876762596901363,-0.711163951273911,-0.508383464932752,-0.28296983195201,-0.0442768412845842,0.191130779865995,0.432580330242548,0.655632576037658,0.851720895731685,1.02269352773736,1.1409081604825,1.21260512730748,1.23858902181637,1.22048369511287,1.14160141279211,1.0130242036619,0.85621133830856,0.667364880100528,0.443659747761016,0.217024868180094,-0.0386885802043674,-0.279659742932414,-0.492293416673995,-0.692449451974321,-0.86143300785633,-0.976882221111912,-1.05676461985552,-1.07800502922326,-1.05359007023837,-0.9729889077598,-0.863761957481732,-0.69616784765099,-0.485894549910449,-0.273636302526323,-0.0407313586325683,0.188807937065231,0.438925733773199,0.646533274221723,0.838334321737025,1.00520753801494,1.10903715151112,1.18568091079964,1.20296028777202,1.17637135967042,1.108030832072,0.996935850702786,0.841151946789836,0.637553611344583,0.432927261575381,0.208430201718175,-0.0328861455697134,-0.26463498246893,-0.483096896390741,-0.674422342311728,-0.832073129093117,-0.956028220624718,-1.01155089485636,-1.05688557103731,-1.02047207019655,-0.947392457443137,-0.836934120174239,-0.664271501059747,-0.482011587774537,-0.267989385314113,-0.0462643434399147,0.195821892187534,0.413835732767337,0.628833890550233,0.811944433516952,0.962099536572283,1.07039956862433,1.15385814847109,1.17117776958183,1.14240851475367,1.08074701913335,0.966631758196872,0.809318091893794,0.622979159526733,0.414641922800325,0.191008664274126,-0.0387260576239179,-0.249118256500209,-0.459829947198636,-0.637342314985412,-0.791352401777801,-0.917087675378719,-0.988322081223492,-1.0173884671725,-0.974539288268138,-0.909413927299778,-0.794519527962565,-0.646055712183293,-0.466775908339611,-0.24876444380954,-0.0421758993969493,0.187290300582858,0.400336229341979,0.593245580297209,0.77176307083821,0.921055202176822,1.0288560880602,1.09791132541928,1.12598845442615,1.09624253442366,1.03542946381735,0.918050833968536,0.779056247816009,0.606252512746688,0.398725746334093,0.189356948345554,-0.0213335264782179,-0.231956863133205,-0.443342800740851,-0.609859214390445,-0.756646796558677,-0.879862751869111,-0.941660818713369,-0.95674470489977,-0.939234670954311,-0.869387688119917,-0.763890785791131,-0.605646650394643,-0.436218242749832,-0.233554607927303,-0.0263577893185506,0.176135995813931,0.384260708535852,0.572237437979598,0.731736366031819,0.878713350864388,0.983153572237042,1.05058089268035,1.0641401839262,1.05069261563841,0.978999977168501,0.87645774755867,0.737599721821755,0.582551958571844,0.382027739551652,0.177151555528471,-0.0158159354514221,-0.218528319481677,-0.416091011168578,-0.57292956882506,-0.717044000066852,-0.814904168325201,-0.870704310877903,-0.898320948183134,-0.881433238293055,-0.821372565279394,-0.718186166251317,-0.576478884696235,-0.410133281689152,-0.22456534521763,-0.0235189622843463,0.183309007498074,0.368153048953248,0.5415748414334,0.68484733836909,0.819440042762711,0.925217634445072,0.981711308634138,0.995753038778811,0.972631269035407,0.917720605411861,0.831112112507635,0.707551167702387,0.533317526242935,0.37267948984004,0.177781436342158,-0.0180281791096167,-0.189770518333551,-0.380923219546462,-0.529938983655124,-0.666537383870957,-0.756159394201847,-0.809081715215579,-0.838828983781504,-0.817569722286386,-0.768737785958892,-0.662981821023501,-0.528065189332518,-0.378862303067759,-0.199698341518636,-0.019553277267346,0.16499422145956,0.346870329797951,0.509029167415646,0.648896699927829,0.76622391697337,0.85894362547115,0.918007059157929,0.939233796699963,0.919590002532608,0.853837527745265,0.778569792330261,0.658946496062038,0.50552565380035,0.350807406533351,0.171004333773541,-0.00296482790024014,-0.18041194093549,-0.353731673209659,-0.478444095625253,-0.609186895143178,-0.68187939474421,-0.748309382028531,-0.766782734448385,-0.749476591143313,-0.688127698947812,-0.611728196968425,-0.483324130979287,-0.34178618165307,-0.17809705325732,-0.00762867331318183,0.158981986790728,0.321604071155286,0.454749522152878,0.601578726492719,0.714776071496843,0.78581465407728,0.837172899000766,0.861519350993537,0.823718967612828,0.781379303120425,0.706630285302726,0.606359246710344,0.474328395103015,0.323776256427942,0.165314832507471,0.00284257439137757,-0.161183426839656,-0.304722897898187,-0.434870361089315,-0.534682663011069,-0.619743543857573,-0.675394668849586,-0.691944545345843,-0.671597323683479,-0.609776755839189,-0.551336722672614,-0.437787561117306,-0.299336330486807,-0.161419328709303,0.00592598686412232,0.160099441582959,0.304151775411952,0.433888162634871,0.545128981050971,0.645595156216565,0.697782525777381,0.760138583273521,0.767283693860006,0.764811954090983,0.710755906469111,0.632250590289209,0.529898736687197,0.42375296416694,0.303506828995813,0.16220801928057,0.0190236255767237,-0.129738700548159,-0.268040624317263,-0.382300353652766,-0.476208163948522,-0.555354875198832,-0.592969695033921,-0.61414095175869,-0.593399793141198,-0.553802881850906,-0.489021942065846,-0.379120770241946,-0.264111867948548,-0.145783099228717,0.00626179451393569,0.142457557821067,0.258827928795589,0.378386174664609,0.491497048870173,0.575989623406917,0.638003751752913,0.670323184408942,0.685790433745687,0.663902882277535,0.635001978911139,0.567488166974987,0.480005555306501,0.388508243763445,0.261061771395938,0.141337710697081,0.0168875266533583,-0.0954465234594783,-0.221439078384385,-0.32539223718951,-0.406192423369094,-0.469244149144053,-0.50990235892602,-0.522734127184011,-0.507954599092195,-0.45795178570773,-0.40569335089084,-0.331161668320686,-0.213422783418819,-0.102283557914011,0.0196282385297783,0.133772031263998,0.23460738537915,0.327524727572074,0.417828035080275,0.488588676748938,0.54054247978549,0.573996140114802,0.587200516999328,0.58605120691349,0.543698545217458,0.504034273291236,0.429062171236852,0.337319229566195,0.243700229643135,0.139560595811907,0.0350021460100685,-0.0854227431296346,-0.175365914473326,-0.266532164012181,-0.336111769758385,-0.382839101363646,-0.411974583707003,-0.435415769703952,-0.404861095650768,-0.3836669508886,-0.319991893168926,-0.258654179129974,-0.174117214849955,-0.0707477247347971,0.0384361878091517,0.115635097344093,0.214215965528177,0.291551137766887,0.362269354268492,0.410194272742571,0.464503649308666,0.483547336928178,0.500899627532743,0.477327579806085,0.456140281155961,0.417612782322838,0.368450923292756,0.28252961978849,0.217024071645701,0.129204493266143,0.0488302820272409,-0.0419116468083422,-0.122258952401934,-0.19233104215358,-0.254551117224021,-0.301397333814818,-0.33036600288747,-0.339204952785867,-0.319523431468388,-0.296956081993338,-0.240654069745267,-0.19632737258103,-0.130275803946575,-0.0504885974408804,0.0375150792451703,0.115002931489759,0.185512935191602,0.232488375349355,0.284214391735169,0.327982539894107,0.37837007631146,0.377211208821406,0.384723561822235,0.388457019402811,0.378434812646629,0.337367129242879,0.300828573163212,0.234074851646889,0.176562755356633,0.109629017113247,0.0441131899574388,-0.0155891801090635,-0.0794811919888855,-0.128365670019742,-0.16477087711968,-0.208981355793561,-0.225174217307102,-0.226073556691672,-0.22199265243909,-0.202209979904774,-0.180864090062848,-0.120246279000227,-0.0817747419748137,-0.017359892905753,0.0534145083503179,0.100473228501688,0.141205079755091,0.18785508220823,0.228728261894044,0.26815241893769,0.264160897140197,0.291587162142788,0.297241555897354,0.292403226244922,0.275598850423837,0.25241815158737,0.219618711361877,0.177660012829644,0.140482080068166,0.100647443337136,0.0582540647191113,0.0178111454703296,-0.0138414201279066,-0.0542466195782992,-0.0871755718691041,-0.112464234068753,-0.135011735256733,-0.130986358931246,-0.119556255707286,-0.109275324588209,-0.0902961980177559,-0.0737943305491663,-0.0146934772753401,0.0221369077943492,0.0729112370295358,0.101763418725425,0.118988111060476,0.140253222419981,0.15596906194107,0.170826540104158,0.184135144292659,0.19692625348357,0.18608715890394,0.18934337375053,0.18766334789822,0.169557013352617,0.146092023027956,0.133769650770156,0.114454257458983,0.0846309657309182,0.0700263113064666,0.0473835660423663,0.0209615575738436,0.0128637181145959,-0.012696692640219,-0.0151719049613988,-0.0371156292966693,-0.0124788086201664,-0.0351749840388041,-0.00717855401576636,0.00795074529242282,0.00571213055397275,0.0249187451282966,0.0444997023621105,0.0758832842978725,0.0811409907098768,0.082897087826449,0.0839806815325054,0.0878139956366426,0.0804181247144855,0.0762756491790481,0.0836505061401665,0.0827041006442775,0.0920337924784253,0.0779015526827591,0.0874939705491892,0.0869511058506491,0.0833355535370806,0.0946512097893738,0.0860778152033123,0.0741439703957215,0.093363624432008,0.0737385578702423,0.0898202896579925,0.0856713430775566,0.0818701823142417,0.0872205537872773,0.0722449757748201,0.0718034348190441,0.0727153939588071,0.0766246858455666,0.07177148532775,0.0841705983317095,0.0879638977225334,0.063014983953488,0.0800343751639918,0.0484650513323161,0.0273802298865102,0.00949516040922293,-0.00581773341236857,-0.00910942245942765,-0.0212973769073012,-0.0273285251632069,-0.00774166931872402,-0.00912125548830472,-0.00236374499653967,0.011230909672139,0.028020632556984,0.0532098238799473,0.0647739395173072,0.0983777725843972,0.100474711801529,0.134258778074946,0.150311262466869,0.167648588078184,0.164351885362005,0.175587248665495,0.185922499975585,0.187232415593562,0.165379042747128,0.161404409434573,0.144930715065739,0.131767474244753,0.119704802024734,0.0945246608344865,0.0577552591006679,0.0177263447757982,-0.0282665862935347,-0.0582764149138892,-0.0935527444823899,-0.101080479715828,-0.120990800026793,-0.129562062375053,-0.112144525586597,-0.108181709524082,-0.0864346795974615,-0.0551247669063671,-0.0164369606622924,0.0252641921769252,0.0533400574159749,0.0932147122334323,0.139370324220262,0.178042086983404,0.221592909143562,0.237050848355988,0.280592710194192,0.271470483947396,0.279076604868187,0.289253003670262,0.275367046339092,0.248457544738204,0.230967343405446,0.186453579209239,0.145065809612345,0.0929570188582734,0.0415100033207637,-0.0167942093523848,-0.0753051390277334,-0.133375208445147,-0.164323831159252,-0.195800020638932,-0.214167437690481,-0.22227227300777,-0.218066320139386,-0.200581104581597,-0.161720521335424,-0.119038951914544,-0.0831699754628098,-0.00779433195035074,0.0525257894285067,0.114482782876562,0.173893202197021,0.236547201338181,0.287786332841653,0.334324477950639,0.364667997174207,0.376990241433235,0.3849911485965,0.380149933633141,0.371730954612276,0.330343058421004,0.276149590024566,0.240675964541264,0.178918052469378,0.102896401796273,0.0410440187827568,-0.0327552735881573,-0.121253922191335,-0.185492215588258,-0.253170817886671,-0.28585114695801,-0.319606276408343,-0.320554867252167,-0.323550423580281,-0.297371678269121,-0.24406311699255,-0.189868109843691,-0.117849746598527,-0.0370617081837859,0.0487658715371806,0.122048307366962,0.208275880108555,0.296869893304419,0.354024794684299,0.420251352093943,0.450314322095637,0.474649511826699,0.485533709545057,0.484561832545502,0.455683660809035,0.41649848982233,0.345691786165759,0.288936178150953,0.20242673333611,0.133183684605075,0.0292370207742433,-0.0701322661690744,-0.174267710460767,-0.250220610038583,-0.324356640340584,-0.363015683455931,-0.406372680603178,-0.418290254463194,-0.413039921752188,-0.380657079941475,-0.323429750154481,-0.245409260795391,-0.170729804065838,-0.0736926719476447,0.0218243511284955,0.139343336117163,0.240233227033578,0.34087676783303,0.405273225544311,0.486451739202004,0.539819284439369,0.577177181020429,0.592964048602915,0.566084867236297,0.547317809160446,0.48651812826881,0.424416686558517,0.32884185678496,0.237358267289635,0.128802286897968,0.0191450040201733,-0.0958117587871731,-0.217408824553031,-0.314328819854221,-0.397307175415415,-0.461740956787571,-0.504024608362981,-0.509228255079926,-0.499720822820779,-0.467652061557741,-0.397278042421195,-0.31129446298506,-0.212376236572083,-0.106184280515745,0.00886849517183358,0.144867108856605,0.268999641270616,0.38313979527056,0.488080852936435,0.578713676009444,0.625602408263578,0.655420470546757,0.683327802409104,0.659193257683707,0.630366142728889,0.552286103182026,0.479327757104159,0.375690764969442,0.265145844570128,0.15570303944087,0.0122482675291455,-0.127688206324399,-0.259475344577832,-0.373731731478285,-0.470092515387839,-0.54609740777301,-0.581756249226951,-0.604037527545688,-0.587503342347177,-0.540307687374427,-0.458214912321251,-0.370677403176401,-0.250732929980862,-0.137474486873482,0.0113543115764029,0.149610282259551,0.302054940394884,0.413853180882374,0.544005559514562,0.640825678871482,0.703543193464502,0.748712669114095,0.765593003573195,0.757099900967752,0.712742427801912,0.638856156327485,0.543807416663426,0.427015367957473,0.289846463777514,0.142579901219273,4.46578709475455e-05,-0.151706463490472,-0.2984087155182,-0.431144439129422,-0.544265154378031,-0.628509899738167,-0.662599545612901,-0.697180924694004,-0.671505113363181,-0.61296734018875,-0.526700246228673,-0.430230860898983,-0.309709864298706,-0.159612541895415,-0.00211244091595681,0.168547707115845,0.315124753374424,0.467766349548858,0.598724906190198,0.711864838915139,0.785283739369685,0.8401378977645,0.84229629928582,0.836226826025217,0.788549394183231,0.695326533435758,0.595640092640062,0.472079595637621,0.310436735629831,0.158075414534418,-0.00242793535091875,-0.184067955906177,-0.347522638179314,-0.488750527765363,-0.593893952494105,-0.690360508496909,-0.741384347384465,-0.763458143780817,-0.750806470603623,-0.685818597161973,-0.601851706002879,-0.493014383473111,-0.342436698035738,-0.184327194656957,0.000389607113758197,0.168689134148428,0.350090148597883,0.497417826683023,0.643549603811181,0.775381776130311,0.860663384619147,0.909878966926298,0.937514363481266,0.91298648507222,0.848707085230955,0.760939576842834,0.63876825157836,0.508179411118126,0.342622577282678,0.169800310215408,-0.0188343820762586,-0.200430265459032,-0.376569937821309,-0.526108264432745,-0.661930727621542,-0.759015838995824,-0.815915262787843,-0.826717707185674,-0.81632677048413,-0.759664207486637,-0.654271257110674,-0.530409895268201,-0.381083128267786,-0.212846799652796,-0.0101378982093242,0.174064271572873,0.374773855693742,0.537808706085901,0.687668381415027,0.824072388188518,0.916049906623083,0.975880192991693,0.998394815907361,0.967212844256041,0.920407271090398,0.819292204009042,0.69885690018316,0.546000114764976,0.365374910448558,0.186268191427956,-0.0163148301107142,-0.220896255116943,-0.406472596947836,-0.580646397047519,-0.709015004514014,-0.806376722835439,-0.87083770277814,-0.900701267391023,-0.871247440174285,-0.816236650033094,-0.709768748242086,-0.570872313490242,-0.398144148021665,-0.219385744423581,-0.0221168702464188,0.182668847400694,0.382472167892677,0.577034887237422,0.741805108580958,0.880206171354277,0.983011001909959,1.04697238362009,1.05736379340938,1.03850532580116,0.983838090415777,0.876376826873437,0.726440106266525,0.575882049615441,0.382531958214515,0.18134675042562,-0.0261042328990303,-0.247544105966315,-0.437712186879289,-0.605134520755395,-0.748921504171117,-0.864229273646274,-0.927755290276877,-0.962750565167225,-0.931329631771679,-0.858729413503226,-0.759351200883821,-0.608925130091506,-0.427234123883663,-0.23235982330065,-0.020781092750373,0.193091380453532,0.407044843211814,0.602747101783604,0.776911909977617,0.919277436935564,1.02139556265223,1.0985706060605,1.11676239211356,1.10270260089001,1.02725786796884,0.921104672450555,0.778266418221281,0.593920329056594,0.39992126901223,0.192219525977703,-0.0362936045645223,-0.249671480497725,-0.453076109504794,-0.624292805480178,-0.799735529672614,-0.891966871193457,-0.977111980057215,-0.999602512503166,-0.973391174915769,-0.898635547823358,-0.806606493279436,-0.645564508293713,-0.469123596315859,-0.250327365963379,-0.0357727727026988,0.200347613425764,0.425837386350059,0.625873890350656,0.804062381861384,0.965118784152921,1.08179400707381,1.13842880397086,1.15817363687482,1.14691567285006,1.07165781122754,0.952306271272694,0.810679962326335,0.630606383006542,0.418609565300095,0.193367829763721,-0.0319372912209982,-0.263870498781977,-0.482084098481454,-0.679109246264143,-0.830036877001924,-0.948656609634878,-1.01861022829198,-1.04339016461098,-1.01792153401879,-0.953824543067508,-0.822560180540737,-0.677332618424409,-0.487135875541854,-0.264201545107114,-0.0391605840145322,0.20098700126155,0.423651989761428,0.628975969810579,0.840114726734044,0.987703800802266,1.11020454109831,1.17866530715269,1.2141134111746,1.18882299032404,1.10593096792091,0.993454661189532,0.836491799629133,0.637854800659944,0.426699069680375,0.195228534366396,-0.0352684930927253,-0.271499806980202,-0.498436165748471,-0.690115525383655,-0.865377175445738,-0.976435490990622,-1.06112977616429,-1.06741635724723,-1.04723582195997,-0.966133859666755,-0.846658720667899,-0.689359864766501,-0.491161526072186,-0.269448437883721,-0.0333163280296189,0.190949913911647,0.433734855938192,0.658490788748081,0.856306625966174,1.01457722546367,1.14055127695317,1.21152768587251,1.23727033153314,1.21375894049758,1.13464501350535,1.02597689942619,0.864703985900744,0.659563468561404,0.445088747130369,0.190370252346443,-0.0375532345892328,-0.285100743476593,-0.506064347509453,-0.701635474910616,-0.866569284225813,-0.99652336021787,-1.0645191285044,-1.10568920928431,-1.06216810582099,-0.998697962458714,-0.87298301978937,-0.704242309909415,-0.506210877108573,-0.275259046201676,-0.0405369178430063,0.201415971452344,0.450725953279085,0.673684537098153,0.871612060570545,1.03744833341647,1.16668474902467,1.24139489341144,1.25399838912066,1.22793325884551,1.16333020648851,1.03663840923773,0.864661695511445,0.659923247363664,0.443978504026539,0.204369984056142,-0.0411505124243777,-0.293313718061825,-0.501083855638624,-0.719557118963213,-0.892745948661712,-1.00703475348663,-1.08332845425987,-1.11652799305041,-1.08814077637755,-1.00752551654367,-0.885548707415872,-0.71842758972566,-0.508188946908186,-0.272121647772642,-0.0519469968901936,0.210871054859104,0.440430753741523,0.679982817656667,0.875633032243574,1.04152517674984,1.17355525181397,1.25015567809194,1.27015431212173,1.24927497039111,1.17138642715823,1.04669997642568,0.891074865465813,0.677436496451119,0.439139129861986,0.203121869504411,-0.0502238169123379,-0.288913233949125,-0.505186664854314,-0.717923064560913,-0.88344369649377,-1.01974418728895,-1.09547642820474,-1.11118324932682,-1.08250595045873,-1.00392727998567,-0.885157762718361,-0.714341444234985,-0.512087485683753,-0.280329141612411,-0.0522776811955649,0.204770887371232,0.448262071176505,0.678856996742567,0.889660493629964,1.04483117473795,1.17925830517081,1.2526937606517,1.27567027387617,1.25236611343921,1.18038239963037,1.03564931459373,0.88251204422416,0.679244496360857,0.450367986430343,0.210246643218941,0.0878870046795583,0.0917255289369034,0.0757197976393349,0.0858144888936326,0.0850772419683,0.0779149720752554,0.0908844355349742,0.0812935360403105,0.079080517278401,0.0857176066260156,0.0803151032284909,0.076961216195605,0.084550234011407,0.0724984313780836,0.0922326886463517,0.0746423649089187,0.0644323813206031,0.0815412666705193,0.086999466896104,0.0891827458859944,0.079481672410732,0.0675786535391922,0.0677128686131768,0.0911715064913392,0.0816528797225772,0.0825255031868751,0.0887102799535068,0.0826308967891786,0.0853043720915874,0.082697557597951,0.0884513611279585,0.0876538252636867,0.0920525557422304,0.113707679800993,0.144508670577033,0.160796524532698,0.161999800441698,0.176867299267935,0.18675367243964,0.190754981956592,0.180286331659261,0.172552235469031,0.16118346541096,0.153078305035233,0.130793616619784,0.122847650145567,0.0820787031684264,0.0602399987238696,0.0461435810078466,0.0374346686436056,0.00644919976750737,0.00166913186825269,-0.00544892572368447,-0.0195449219994824,-0.0283513724703023,-0.0165373608751431,-0.0106535183702811,0.00381811644476235,0.0234569466757004,0.02902412986369,0.0542560056337464,0.0717595042129141,0.100820405622845,0.142948102498001,0.190597771720089,0.229042213386203,0.263338780662089,0.283379081039807,0.290888841320619,0.283115507634657,0.279617386364028,0.261803781637089,0.246670198617993,0.217660028057797,0.177982000123829,0.143795624660559,0.0930669798990235,0.05739861079311,0.0085093553378921,-0.0227149003138898,-0.0617885584222402,-0.0862071036321743,-0.0991691364269847,-0.122702128256119,-0.125603795169603,-0.115981659526419,-0.0997399594985194,-0.0833450283809588,-0.0540745069335139,-0.0109485355977966,0.0256730558471597,0.0592332052126352,0.127803225828942,0.179215210006562,0.233462786987843,0.296054969078219,0.328418311705742,0.3659806495416,0.377406648408621,0.388266936489772,0.38262087949688,0.365998676743403,0.335981838831091,0.294969510913267,0.241205384986299,0.167590294028965,0.117118563520136,0.0494078269947896,-0.0172258725245826,-0.0717269624053519,-0.125923448051249,-0.176289604347393,-0.203984308513064,-0.224644683999731,-0.221928720353833,-0.223721175825578,-0.200055895538274,-0.179426060770695,-0.124775949407036,-0.075793030291525,-0.00695883515226523,0.0573336455409354,0.118916568910971,0.213876683246707,0.290673649584899,0.348936687972362,0.407496398798105,0.453787175587205,0.476522286762694,0.501872780760171,0.482639970493464,0.458877080853719,0.415851577762743,0.361292204636056,0.283070492431796,0.20339924677656,0.118066448822499,0.0350772495699644,-0.0578728819554301,-0.127891528451559,-0.190337097451769,-0.25099387678512,-0.290431826370529,-0.324299702666483,-0.338770945104074,-0.308505732519256,-0.2853011672803,-0.237214399921886,-0.186169111282887,-0.104644464458248,-0.0420829698370998,0.0407451704158711,0.13539269767713,0.243265085079468,0.347814623214586,0.413797539474675,0.498192423212358,0.535768214067745,0.58302706978021,0.600421604626649,0.576535122573131,0.544720192924358,0.488867224396995,0.409765688566573,0.332811569113966,0.225528729155833,0.132243643096178,0.0273342659388511,-0.0801561393521542,-0.171021035131318,-0.245063593465019,-0.330173222946695,-0.380962703813923,-0.421375848709959,-0.436005654904852,-0.401014996243377,-0.376641030418158,-0.317572809678297,-0.24455567643477,-0.170551343409467,-0.0715120334611252,0.0246617276846448,0.13967035839602,0.263444976716164,0.385427649272323,0.487641735737888,0.569477071954678,0.629588488672977,0.668584991375068,0.674210123667784,0.662684853203262,0.627055156708847,0.567457839840365,0.4827114933534,0.371257649208299,0.263008747078277,0.132552569348307,0.0131419099546701,-0.0993665632128225,-0.206077403960891,-0.315867966883621,-0.409632824933496,-0.466177543093264,-0.510893138765807,-0.519856441812944,-0.493535188924821,-0.472823559475416,-0.396526970188328,-0.318347569571384,-0.204193571615518,-0.10767007426356,0.0289799768639668,0.161576418739953,0.292196589252498,0.443715785442204,0.546218844338439,0.642552157349926,0.714191488555303,0.757152096766526,0.762400202317462,0.759032229927844,0.720766955655329,0.63912114434727,0.542879431505263,0.418054003196617,0.288307119591205,0.151534410510507,0.00709031487552892,-0.132844522980037,-0.271432032093987,-0.382577411736453,-0.478515918904303,-0.545548066084994,-0.58483862472236,-0.602617782249586,-0.586271682336547,-0.550950570166667,-0.466647503769829,-0.379674474180522,-0.255208604039118,-0.124481643615377,0.0119707427406175,0.178906099643871,0.326395183589948,0.467833208184431,0.602807499499995,0.714467116097228,0.785483043098754,0.835904092182745,0.85225769631865,0.827752510482527,0.778274601074551,0.7051249627682,0.58944157138282,0.468104623310024,0.320345011165385,0.152943546416767,-0.0147282252336444,-0.163361056750147,-0.308366337395654,-0.432476214990768,-0.536106219644577,-0.620728563470578,-0.672422591143374,-0.690894026849848,-0.677241692754778,-0.620524741524423,-0.536700354641437,-0.423663287733855,-0.31146110418454,-0.15005752593339,0.0110506524316711,0.171843814731114,0.33411680883321,0.511276698078534,0.644893407173066,0.771384967014975,0.850406754350419,0.925288325865565,0.932358682678808,0.904939313650786,0.84990393277842,0.768679503988433,0.65248473988578,0.501782440580292,0.33851995880169,0.18027892319867,-0.0178356352607583,-0.189865927778589,-0.344415066835538,-0.484619174546629,-0.617302848997826,-0.699947768359507,-0.750515143892925,-0.776376995304153,-0.748961538356789,-0.674216005910489,-0.60766667486887,-0.485024837502243,-0.334512766521837,-0.17717170495282,0.00216511801102215,0.184482614908289,0.372032417455508,0.546470273648453,0.701729404532825,0.825643287751776,0.927988035120467,0.978664531029893,0.999213395679236,0.993923715266928,0.914778358579672,0.817204485334829,0.684818394158737,0.543251973817829,0.359438191680579,0.175439382949871,-0.0203991567418368,-0.201456028227678,-0.389777169011318,-0.5345946641678,-0.673293254520576,-0.757275610115396,-0.809032484807073,-0.841712635794427,-0.811657808628759,-0.747656376656155,-0.6621398850624,-0.537398164292491,-0.367872652138624,-0.196428757409125,-0.0107615766633219,0.191788239773116,0.391011619349046,0.57359992993348,0.742795338084006,0.889905590012271,0.982528409727672,1.03763634575149,1.06542725761903,1.02748339662617,0.972620588046041,0.853920320372363,0.742330429231437,0.574237395935079,0.375349426902716,0.173605497803209,-0.021021844107747,-0.229561916584274,-0.405364766697273,-0.581343657849759,-0.724529757905014,-0.825258863120757,-0.869156464667228,-0.89829466470838,-0.868938621507597,-0.802197728116881,-0.704487802305382,-0.571299918646749,-0.409746199352313,-0.220367985727233,-0.0128258531739629,0.205772496203047,0.403373248825436,0.608501827040337,0.776557998929355,0.922116015738574,1.03967022149954,1.10141577185744,1.12472658295282,1.10329786605386,1.02772777934221,0.935283610816816,0.777175982005391,0.592517520353827,0.397701632526661,0.187760383977817,-0.0356078965025029,-0.237191633351477,-0.435221121728047,-0.614473153340867,-0.759392862142025,-0.860822455501771,-0.936096166766725,-0.965497786238959,-0.927837662357049,-0.862224244390127,-0.757454412551696,-0.61628288827007,-0.444862499386499,-0.226588523468096,-0.0284717806559602,0.192995098782523,0.431077477511178,0.614430500473699,0.811618786771585,0.96028994216634,1.08212161186531,1.13814871116369,1.16843421217287,1.1443197210985,1.07397893554657,0.964357309857387,0.809323397032566,0.62443026780274,0.411669977012555,0.191395265987218,-0.040150715526983,-0.254077179260541,-0.473633093357094,-0.64860943305912,-0.794907360028123,-0.908172457969392,-0.981949742670933,-1.00553420378542,-0.977784525298448,-0.897660457707075,-0.805428701836678,-0.632924482940462,-0.463392533442923,-0.25688643008523,-0.0301058073774603,0.194555272935026,0.430129692762634,0.643177608999218,0.844165630302087,0.997590761933327,1.11634507947345,1.18589678204077,1.21040926621639,1.17921376311478,1.1032760064841,0.979315737882666,0.827720792557485,0.647155841823092,0.414966385496878,0.193150455256637,-0.0344809947258431,-0.272227932297594,-0.487273948194971,-0.679865679042591,-0.83206827585465,-0.947686572709276,-1.01636154694344,-1.0406591932855,-1.02119007618236,-0.938866525066538,-0.829559374942522,-0.670294336348204,-0.483036695606844,-0.26905453535763,-0.02528394567928,0.197912699009825,0.443500866793964,0.672341124607219,0.864983011319651,1.01984536515815,1.14351375042018,1.21454916060321,1.23207350639329,1.21823375909662,1.13564025517473,1.01977766956837,0.847199150095746,0.65276057907615,0.438134044194723,0.201227096621478,-0.0390199840689298,-0.265930260080253,-0.492889403881293,-0.682471555194145,-0.842908473608609,-0.97815343680414,-1.04997435511848,-1.06800651962275,-1.0412193459523,-0.96950771216694,-0.849489821483357,-0.688401401666064,-0.489085081358505,-0.265777825389711,-0.0340531921620461,0.213585011089133,0.445402736116516,0.669180510188145,0.876234144788702,1.03671558534745,1.15820674601094,1.23893558635033,1.26227355077661,1.22820410518018,1.16118401811649,1.03078650798624,0.872088685036966,0.666952977224081,0.450915912359728,0.207556895298538,-0.0398908265768076,-0.285117697829398,-0.511704778367396,-0.709936806231721,-0.877849804783004,-1.00589632041691,-1.07808530831786,-1.09838456513808,-1.0746897213506,-0.995304339214479,-0.869540079931823,-0.704761871989164,-0.499822403367294,-0.274474372656774,-0.0332579737433435,0.211953181856148,0.449887362423875,0.683578185825468,0.897513700529823,1.0448426259077,1.16422350592521,1.24298287307513,1.2796870562671,1.23275240978496,1.17236328850318,1.04040093419899,0.886974499426226,0.679875695492118,0.449401782000206,0.203555207376711,-0.0470393974526495,-0.291123932580118,-0.51632580536875,-0.712506578662884,-0.887452535696012,-1.00745941326259,-1.08619771406986,-1.10925646121216,-1.08129792579506,-1.01176237390387,-0.865595256986691,-0.711312438395991,-0.506999883264312,-0.273177660295157,-0.0329399823464468,0.210271938103342,0.462168724740407,0.687139658108524,0.888273658055564,1.0537344561886,1.16861943633572,1.26022964445753,1.27836953112826,1.25695045403705,1.18751377273707,1.0569956426691,0.885354318279739,0.670734062260558,0.44624188122547,0.203656369093952,-0.050799528854349,-0.290425907176109,-0.516057664493625,-0.713381140676958,-0.879161485245556,-1.0316711605777,-1.08794917810259,-1.10281582469754,-1.08853558893459,-1.00765053864844,-0.890837864929091,-0.723255252324431,-0.513084267400799,-0.287238842600249,-0.0403421253256061,0.209362879224269,0.459836751478749,0.68460033388013,0.878264273653027,1.05144541329343,1.17268962642852,1.25121154073785,1.28268506946019,1.24537742905146,1.17147680770219,1.03598807520746,0.873294436688611,0.681873892548081,0.43774109444277,0.199721144465532,-0.0526507034003996,-0.295755194306904,-0.508308607265265,-0.723215137288595,-0.880543317653627,-1.00635152421128,-1.09086277166576,-1.11214449919345,-1.08486756541108,-1.00154762018694,-0.877544454209018,-0.704170637517273,-0.505933749444029,-0.285899752356829,-0.036740511519368,0.213983496819491,0.440926964886333,0.664203986472466,0.887950556673202,1.03791098811851,1.1526706557964,1.23640955564517,1.25558364508724,1.23300376219016,1.15308846439981,1.02846383447128,0.869923379478805,0.667851451158495,0.44115194872067,0.201551541601338,-0.0464707482398826,-0.290892463335213,-0.514023916066783,-0.697322348689445,-0.878458309857046,-0.979659893778664,-1.07155726499492,-1.09190862025597,-1.07107004614823,-0.990543501461377,-0.868190267877367,-0.711968513169496,-0.492068403530742,-0.27574811205117,-0.0335964548024113,0.209527378532141,0.439444692308544,0.653990812752064,0.860836354045586,1.02777811573176,1.13547673323854,1.20572086141451,1.2333593169998,1.20207094538774,1.13175542236168,1.02077257121495,0.848657064745918,0.652301453061924,0.439782223670821,0.209755688236013,-0.0535751600770169,-0.272803115003669,-0.5001330707765,-0.681713373447662,-0.844242971225085,-0.987875473641131,-1.05411643511256,-1.0724526792484,-1.04450218191381,-0.967350408128125,-0.851622405941749,-0.685680179704456,-0.50199144952368,-0.273231484728436,-0.0317603119238237,0.193682401149668,0.430112158961885,0.645816953850475,0.829732288671506,0.998181146345448,1.1212920350643,1.17421043104611,1.21607431498786,1.17479975358933,1.10399226727213,0.987534531012557,0.835410842261855,0.636129890059786,0.421678436006997,0.1978007313602,-0.0411133411754412,-0.271076715148098,-0.481993534732126,-0.662790461921101,-0.828453954355227,-0.94785181081961,-1.02038673254003,-1.04120602748295,-1.02251351318418,-0.937917840443341,-0.83077509860635,-0.676359601522399,-0.471148141336701,-0.261900664644347,-0.0371462293257149,0.194370986824596,0.427574521590743,0.632302673983979,0.812685265407415,0.968753969182251,1.06718951262039,1.14045758867802,1.16782612899096,1.14748899184637,1.0849490537331,0.949850310345816,0.794255586497825,0.623559937163825,0.408755475395304,0.19595260961379,-0.0268181812671332,-0.254170756885773,-0.467379601165398,-0.643709250356999,-0.790468410835891,-0.908881052430417,-0.980824449100249,-1.00434632468585,-0.968922702017633,-0.898593378078906,-0.80175758196924,-0.642334860619655,-0.459617050143394,-0.250926562153734,-0.025693963407058,0.201063959593332,0.397937341048565,0.59922463288241,0.781139227823596,0.926661121233884,1.0303579949645,1.09479706745612,1.12381649959199,1.11101289327207,1.0360223884306,0.90545566344609,0.768310051776919,0.592199828582323,0.400813185408439,0.184296096036485,-0.029418168239106,-0.227573558201234,-0.448009295174556,-0.599149338393643,-0.763243070369459,-0.867126995870392,-0.932073576636797,-0.960357736684471,-0.931104608110571,-0.868977729909002,-0.762991064982224,-0.617407250809209,-0.427214120534716,-0.240441923238303,-0.011295493393513,0.186273836559612,0.387782002467044,0.567915724221536,0.742164946044206,0.873140437747833,0.981405609026025,1.03580231264265,1.06807292890132,1.0483886887569,0.967579338212355,0.866351276189083,0.734809789586725,0.566025627632284,0.396868866110037,0.18162573481812,-0.033636761624187,-0.222151403646499,-0.412106045102201,-0.567388482789144,-0.718186820534264,-0.823697164565451,-0.876820276688841,-0.898782885980036,-0.882428304386918,-0.812964655642449,-0.714461001766066,-0.575123907223735,-0.406103509198722,-0.223085228461322,-0.0216034635482723,0.178574675936262,0.370148346170549,0.543270738929566,0.701378865480756,0.824776224701916,0.921263476735769,0.97418301965884,1.00139387190978,0.99298146507884,0.921280845248743,0.826588124986839,0.693551699397547,0.535066953581944,0.353949472063264,0.16332057591474,-0.0188329999190798,-0.196367923430881,-0.375633661174862,-0.52443094939253,-0.662895702257478,-0.757128649032598,-0.817890440597025,-0.837569638894135,-0.816796302107537,-0.759768677221768,-0.662813524107729,-0.536404842914348,-0.377581510514357,-0.204508143477243,-0.00587072988476154,0.192419107319019,0.340407992535244,0.503274697759035,0.650624721147061,0.759423145394044,0.858122143412831,0.907797655054156,0.911787943969065,0.92719278437943,0.853286754203714,0.756863057128763,0.645183162216102,0.501283636300397,0.339350920114561,0.165059515150677,-0.0131227624862063,-0.190067672557391,-0.329114877622047,-0.48336104572603,-0.616302017689148,-0.701333263366831,-0.754996119428274,-0.759358054649971,-0.744086968875327,-0.690154034860225,-0.615920274047165,-0.481373026644364,-0.328364447625936,-0.169876309630896,-0.000763158790221033,0.177607995647207,0.317053526365493,0.478871686381212,0.601423773799523,0.709938053120733,0.789068212043207,0.833856669163015,0.848649746350239,0.82756338008711,0.779899971591331,0.695720087952406,0.587410683120601,0.468784581849817,0.316354934908278,0.158863562630199,-0.00361470561027309,-0.163386004128279,-0.306565515900495,-0.437946991182422,-0.550502671313406,-0.621982464788074,-0.668973864622454,-0.694946594555758,-0.665582606475135,-0.611035706017434,-0.538686275355667,-0.438921236844398,-0.29497940207176,-0.150433893266878,0.0197917484215765,0.160832636233529,0.288175700564051,0.418435319181551,0.548178666947176,0.638711981079466,0.714713522795479,0.755816606417096,0.763991133671305,0.75495026815834,0.715674142187647,0.631033268373347,0.539379961062515,0.420708126957559,0.279911595033108,0.158502080803094,-0.00179887987123363,-0.137869731891809,-0.267093007792735,-0.387844933844314,-0.479155260409378,-0.553947585689138,-0.591192580954689,-0.599384319195799,-0.586008537784783,-0.544681040589559,-0.472466171065572,-0.372351795590452,-0.253826963299019,-0.13064974221306,0.0189413600297405,0.153102476300629,0.274342299417283,0.384774562830292,0.487925336171523,0.574641840656783,0.638852252790672,0.671477237877661,0.678599558028497,0.67314463163064,0.619884591942815,0.562341679784424,0.473455672644158,0.376218530424099,0.25847568204409,0.141020024981243,0.0151028865724256,-0.103381432360372,-0.218080362313921,-0.32106758199501,-0.405938791136671,-0.461957314764527,-0.50006138669739,-0.520115875520172,-0.497691255373492,-0.465292819674832,-0.405831611933747,-0.3139639822828,-0.218748982583795,-0.100711714334424,0.0203020930871114,0.141731454257037,0.246668897825789,0.34349855568183,0.424691992083765,0.496810381503103,0.551624784076676,0.572102906609397,0.596457630570391,0.582131713460624,0.539818019207252,0.493504993229693,0.421750716307131,0.336096826606905,0.238830766578265,0.134633896762519,0.0271999570518224,-0.0825511752093394,-0.174096503345076,-0.251503530394946,-0.324713302640275,-0.386012853645433,-0.406560306334462,-0.426403531473127,-0.403425672842644,-0.382721914379476,-0.321513536785461,-0.25506466829875,-0.159666033499742,-0.0644215062034555,0.0361274815872258,0.130851054666845,0.214462003697807,0.303450099544839,0.36249002823422,0.415133187439497,0.46512081126774,0.485861920067928,0.490524247783717,0.485916152174228,0.457379535439889,0.423876000187595,0.360708116993956,0.283390230427584,0.202711225029455,0.111552529685456,0.037318447490432,-0.0452657768530943,-0.124262888353559,-0.200271486312792,-0.252025905501186,-0.297846037605103,-0.325954595535578,-0.334080470736858,-0.327770870772889,-0.297044272491506,-0.254069632497515,-0.196378762822298,-0.119212990676187,-0.0485429430333616,0.0424151728096334,0.11448807770057,0.184191080186322,0.238673250360977,0.29627455991185,0.33382906978145,0.35815319840141,0.372910351225686,0.387217923249177,0.388350655760832,0.362298365785322,0.324510739170107,0.286374774935172,0.227315224328384,0.172695306399094,0.106738961127897,0.046538798865765,-0.0107064789880693,-0.0818271689593377,-0.121487256353834,-0.180795637336234,-0.204141114592199,-0.22243485954491,-0.229688259232567,-0.225766334462566,-0.199370926899211,-0.163024585489002,-0.120531914279504,-0.0636131444642089,-0.0130279314022736,0.0480429512602755,0.106992831547128,0.149437549298797,0.186593224555898,0.228241277271103,0.249619533526504,0.278883168735735,0.283493404134743,0.296190144164548,0.285238849195059,0.282821099425656,0.245822356930581,0.212223724539331,0.18833806216567,0.143284425449538,0.102861314838237,0.0583619290673683,0.0200448126956835,-0.0140047461515332,-0.0565667707647844,-0.0915768606500869,-0.115872407847933,-0.128942344075807,-0.122100992566783,-0.123508878469995,-0.113126760959853,-0.0776009305183342,-0.0572342623871233,-0.0179280580358615,0.0101480444218643,0.0616528416299741,0.103529924980167,0.121964645810527,0.140852525564909,0.160209301644442,0.163588792563236,0.176864635499063,0.192519818879719,0.173065194911841,0.183528884684076,0.178131475458843,0.164408231482731,0.144120985999744,0.132275913475856,0.104973507820058,0.085525472092552,0.0684664928888366,0.0469561214121892,0.0282117296701943,0.0046588440465093,-0.0128464061578841,-0.0106195928672595,-0.0245913376300892,-0.0196077573201971,-0.018101397489524,-0.0145800878202532,0.00514044247678469,0.0159243932928552,0.038652180827096,0.0509420970976231,0.07474092317692,0.0904865914480738,0.0835717370134019,0.0868688742685259,0.0807424527884739,0.0863902157519901,0.0726004617599848,0.0881000991599927,0.0858797677260742,0.0845235480385627,0.0810428318041909,0.073591066623767,0.0790278018331522,0.0909386861902763,0.0850974915354507,0.0848912237458333,0.0786267982015947,0.0681577100638394,0.0898435165825087,0.0814074901007919,0.0746495516616568,0.0897553341962294,0.0720142961905704,0.0810754777736163,0.0869094162310637,0.0914468406888552,0.0856093860151299,0.0908616093450787,0.0785204876099814,0.073155850577203,0.0811196679189238,0.0759240815069715,1.27020640182809,1.26955679424703,1.21670277072324,1.12118718803026,0.971716746975087,0.790966004932362,0.57246035446538,0.341859137598027,0.0918924377313546,-0.164839547423996,-0.402488032409324,-0.614834290257637,-0.803719353136676,-0.951010116178789,-1.03207278520629,-1.09826013192168,-1.10734763604585,-1.06480231164924,-0.963130490529053,-0.818872375343615,-0.613606327177851,-0.407547311926618,-0.176388480689925,0.0767119628204513,0.315189810074953,0.563678611653904,0.780255857332352,0.969762962671464,1.1141944440867,1.2278746713281,1.28235017554665,1.27199242347188,1.22400513797152,1.12311184973479,0.974421829338434,0.792526003133769,0.569957525973293,0.330932473009503,0.0778119712161439,-0.160879806962814,-0.402244630114101,-0.618153762668467,-0.80178408469767,-0.954684410951375,-1.05484732891721,-1.10849810543752,-1.11660605394958,-1.05271722557519,-0.95529134163612,-0.813804215398151,-0.641324900865049,-0.402846969852903,-0.161432969890378,0.0761425890664982,0.322051896090819,0.563875757606091,0.770680728934604,0.967732067954798,1.1138576054626,1.21819619995159,1.26690208410021,1.27812260338956,1.21685965765075,1.11902949687749,0.964035674941878,0.786698556796387,0.573340757984635,0.335589452409778,0.0781957272994666,-0.17017806193601,-0.398705633321675,-0.613246710530947,-0.806605992839734,-0.950526523249042,-1.05691431749362,-1.10811406609807,-1.11381657274876,-1.05067943571458,-0.938791376329006,-0.804493840004274,-0.628203954355264,-0.412718107330845,-0.172370568825634,0.0769889891820526,0.325609781938227,0.564518687073222,0.789438320422497,0.973359970065805,1.12636955587286,1.23308358497015,1.26713280395874,1.28552450058384,1.22544020962602,1.11360042092752,0.976514129350246,0.787661717147788,0.567274545570636,0.328276930181272,0.0710114331365937,-0.168190430843941,-0.397569316247925,-0.611175847679555,-0.800807609604904,-0.949059118047751,-1.04124807064283,-1.10656671928821,-1.10777155413166,-1.06020015645597,-0.954731021848807,-0.804626439661313,-0.618032683389879,-0.409078151079928,-0.164639292323296,0.0891067397131092,0.321825310423872,0.563882905378624,0.788147005673917,0.978011458153337,1.11043614497418,1.21522846183892,1.27291677486193,1.27408115650918,1.22206957436499,1.11400435939338,0.984616624078066,0.779799894648281,0.580067891986505,0.341363161132392,0.0928097271086337,-0.155544300507438,-0.405897207548283,-0.615219197050729,-0.808812924054277,-0.95626237147087,-1.07109380720614,-1.11812175996221,-1.10665274895693,-1.05396488429174,-0.953054090007146,-0.816682139134263,-0.630826393484506,-0.416508519439216,-0.174882085425767,0.0690349496051393,0.337953629889454,0.560876788494994,0.786947582496473,0.963062782554701,1.12383086694955,1.21358071163332,1.27262842684869,1.2763638832756,1.23306427567767,1.13365532838557,0.975651339736098,0.788851149486032,0.577358976494997,0.329132878071854,0.0754471723188502,-0.163450851135557,-0.4043862598211,-0.614926997786243,-0.799404483333507,-0.9577750617384,-1.05800810008317,-1.11764614212134,-1.12579170012165,-1.055651286324,-0.954051134333702,-0.806121908243312,-0.628621193026472,-0.408774746040613,-0.181857950876179,0.0782460134873814,0.322985119971314,0.571424371805259,0.785364233285942,0.969366276157737,1.10804625336543,1.21749817816092,1.26910504097613,1.27673124510517,1.22026474884412,1.13232852652812,0.971061947408978,0.800466706395847,0.564632366218017,0.336436317260239,0.0785636225093935,-0.160164581715163,-0.403977713287881,-0.631225212213567,-0.809782609382044,-0.9510625619074,-1.05352489871154,-1.10602892208133,-1.0958928304489,-1.06391724437451,-0.956748319613765,-0.805487148676068,-0.615814655590262,-0.410712362176718,-0.17960002823415,0.0923628453725678,0.32709212069143,0.570759519289558,0.788397925752131,0.982257966515801,1.11452249356705,1.21848764861202,1.27498232033375,1.26918754496486,1.2266369966139,1.12604364391612,0.971659600582397,0.790570818576543,0.577766063189019,0.329445510643916,0.0877652136149862,-0.161222137077753,-0.410733393150939,-0.620443943122191,-0.816101491142876,-0.950247524812468,-1.05388520703949,-1.10693345449176,-1.10071118866188,-1.06009473933567,-0.954565760149792,-0.815867655125148,-0.616909550279355,-0.402283853481657,-0.178107736271722,0.0758944725639231,0.333263210800419,0.57076692179326,0.789167682729377,0.967346224156777,1.13066077688205,1.21272821672326,1.27730110425324,1.27628718247587,1.21395537100438,1.12178456288659,0.967713086351402,0.790945692565482,0.575065238857482,0.329753024877051,0.0878549041895461,-0.164138464873983,-0.41309646275449,-0.629683144320364,-0.812548630456825,-0.951703956344777,-1.06200063360741,-1.11147019813716,-1.10459041300476,-1.06394768802724,-0.962392822761257,-0.80463015428762,-0.618636713640112,-0.403755064155346,-0.16632139164593,0.0838825085532231,0.315071435319647,0.569485462029845,0.776632585618189,0.976519377595556,1.10937865539921,1.2218198282811,1.26328396479284,1.26922689954269,1.23221456045661,1.12143689047841,0.972222753036685,0.785591038010473,0.580042986091427,0.324564146651687,0.0789801618200483,-0.156900703967138,-0.410608029802591,-0.615899626534898,-0.79749340614148,-0.953560702495787,-1.04060035486496,-1.10006908282493,-1.10750430543073,-1.0484581913406,-0.951621219709073,-0.813147750730983,-0.622879779212425,-0.405221426878643,-0.162174139918564,0.0861266060329452,0.326185499490695,0.571426569718496,0.782923460778961,0.9631788943096,1.11538007238399,1.21916853011364,1.26179610930365,1.27677850741131,1.22366398994284,1.12710248515502,0.969722725010436,0.789083371613326,0.575446409634226,0.342778925328145,0.08591576395172,-0.165406812741354,-0.398615946367296,-0.610923238257272,-0.808908040043529,-0.952277846057044,-1.04950882828033,-1.10246049326375,-1.11377438836422,-1.0580537239907,-0.954231830125859,-0.810495661003849,-0.62401302655532,-0.413390911481709,-0.168081287470472,0.0756605323059961,0.336400200289411,0.576975749702022,0.78166586930365,0.976095968785741,1.11239200882192,1.21916524546409,1.28185096769014,1.27334156164193,1.22935495080478,1.11999762787954,0.974463353907573,0.789328852379842,0.570361364386505,0.341078322651305,0.0916875128036774,-0.175919668292662,-0.400390748442311,-0.619310109488479,-0.801787121927563,-0.953536156999392,-1.04394339797628,-1.12219743690173,-1.11689672727806,-1.06488746466888,-0.946042345073236,-0.807975367728399,-0.610928197979152,-0.413166483304439,-0.164816394498916,0.0720477174833932,0.331187552137863,0.562090078302904,0.78217570516966,0.968720525219136,1.1224180769848,1.23033562495348,1.28164292906612,1.27151177135797,1.22389063867528,1.11601383724491,0.967837486230871,0.784945523349034,0.570062605687754,0.345407039607933,0.0844199818274455,-0.1648663220982,-0.407731863004837,-0.626543492160178,-0.802005587399859,-0.951287300641874,-1.04982198284777,-1.11328616785196,-1.10902497538453,-1.06195677346064,-0.961672086073742,-0.811378213458989,-0.629179587362737,-0.408213394571583,-0.168993528982077,0.0817667804749143,0.339216964555776,0.565833936226927,0.787136300489745,0.968805992204637,1.12134822771647,1.22122451911994,1.26767904864882,1.26537809218695,1.22043294345122,1.11002335825758,0.975382784645864,0.790574827168018,0.568426734970287,0.330521207628055,0.087537479373157,-0.161774301980207,-0.402750275426555,-0.617699958287668,-0.793876834231135,-0.946333982502501,-1.06204075556079,-1.11258551788368,-1.10779097023995,-1.0561767272397,-0.955745845292487,-0.800737422567252,-0.629256178979246,-0.404447999524939,-0.172391525284571,0.0814824381226136,0.330328339459422,0.569627000670691,0.77984075615984,0.974925202294554,1.11062840049487,1.2129545899619,1.26789825318199,1.27000153682793,1.22062819814522,1.1135423543862,0.966275505260198,0.799650984183353,0.576672537919136,0.329022650758527,0.0908727616163238,-0.175783955285897,-0.40482610583925,-0.61839633797718,-0.806397122787804,-0.950010243797759,-1.0599177783252,-1.10731136053214,-1.105000292369,-1.05594264226537,-0.958551687158652,-0.805620104679392,-0.631766427314262,-0.405830267305259,-0.167733023578094,0.084095652155212,0.327151901513015,0.571491261656123,0.785551593149575,0.969035322730938,1.11419405845139,1.21461367550026,1.27635793851892,1.26481450690454,1.20264293054022,1.11364571013036,0.968832736005192,0.785214752568054,0.562880213452398,0.337397275612069,0.0831062151086948,-0.169378100494217,-0.395340460703687,-0.619741041265722,-0.800745277694586,-0.957965674408436,-1.0729803626714,-1.1138951818082,-1.1124123299505,-1.05372725600567,-0.947919429666071,-0.803080643285795,-0.626743844808188,-0.398974449403292,-0.178796427417859,0.0716254712512757,0.344280136463836,0.568558102188769,0.786333886566283,0.983157558141861,1.12419306366529,1.21590199770149,1.27043062718086,1.27850050225839,1.22516493023353,1.12472916599346,0.978641560789051,0.78836889999649,0.567566023521397,0.328169744473016,0.079619625288011,-0.169892055993843,-0.389751248797116,-0.625772672754943,-0.812132546875562,-0.961887373095326,-1.05590786293027,-1.10829142854464,-1.10877611774496,-1.04749233358178,-0.939185700013674,-0.814950472588708,-0.620582896444063,-0.397242893473362,-0.159433546021614,0.0738668027339975,0.322971424888087,0.569334577016787,0.78008997894934,0.969170942690047,1.11878302641041,1.21469197295841,1.27059573857126,1.2715586037629,1.23074356373219,1.12587999630525,0.971185992594034,0.781830698504551,0.55720719206183,0.334940595046542,0.0794693529503578,-0.159067850720946,-0.401496354568667,-0.627178386251493,-0.819746168524601,-0.962724107423324,-1.05157178271169,-1.10884912610289,-1.10531759514197,-1.05709616367642,-0.963450593515763,-0.80555356673896,-0.629503311576512,-0.395508202164142,-0.169531434290796,0.0817235975027562,0.338203862533916,0.574306422474916,0.793572146086732,0.978967017965457,1.1196762319601,1.21949177966355,1.27111218766231,1.27583451068813,1.22820322654875,1.11321082462467,0.965315887442866,0.785256423563419,0.571398175375014,0.335178719049435,0.0839322631998449,-0.171977749226173,-0.408505693701286,-0.623538589449371,-0.818065753878059,-0.946285653794233,-1.04834354133536,-1.10961970096702,-1.11609200890754,-1.05513600778208,-0.95451982211272,-0.805753334290665,-0.627621211556267,-0.397728568810915,-0.174709006911362,0.0794044043855177,0.338663082145096,0.576903796139975,0.783082339729313,0.979268006109607,1.12197999272837,1.21993128994089,1.27463327035111,1.2678540095912,1.22116232916057,1.11354714460402,0.966472042221627,0.784782890635102,0.56181435438577,0.337133957761967,0.0793442306046663,-0.170606842749583,-0.405859791135716,-0.614719713531966,-0.813395532592769,-0.945298970947762,-1.04448576855868,-1.12231801187308,-1.10726965318702,-1.04465821850356,-0.957257023284378,-0.802154375789639,-0.61969428232972,-0.397325063590098,-0.160856755892063,0.0768730240244487,0.339278754862308,0.569697874005924,0.786519760377776,0.97670003371176,1.12531336272927,1.21206330414046,1.2748923643545,1.2693738547939,1.21394342823175,1.12637116247534,0.977311421209153,0.785577809115223,0.568049389797225,0.329102972967242,0.0895639529552197,-0.161108300440694,-0.411884318975744,-0.626380170898977,-0.797166079491754,-0.956700166700903,-1.04682587878116,-1.11370616910801,-1.11361463671829,-1.06227321187164,-0.954733089550868,-0.808967059373849,-0.610971997696237,-0.407771390840256,-0.16949376699568,0.0745668168832329,0.332803376308445,0.553985071630689,0.79321742193175,0.971107181009345,1.11221846765672,1.22055031854285,1.27319504009136,1.27310332139164,1.22503878963262,1.12086999303507,0.978789156254911,0.781873826425204,0.571726900647185,0.332513572330872,0.0820841970600189,-0.167781130534181,-0.406664804646917,-0.628257435284319,-0.806770779427091,-0.964720800996167,-1.06071476971674,-1.10529822030459,-1.11907039707594,-1.05822387896479,-0.949093091086305,-0.808862656153792,-0.610974056719576,-0.402716420622294,-0.160692942590778,0.0820228580028649,0.334465769940691,0.570636480061142,0.780853824753236,0.982308501988446,1.11932101493025,1.23623677758781,1.26815486587225,1.27348011122096,1.22714369252472,1.12036810446079,0.970766208713917,0.779439915374299,0.565042175035777,0.319024665887227,0.0740738876775772,-0.166182333750565,-0.408743195076301,-0.619049491679807,-0.809406577977415,-0.964405335222295,-1.05783828669288,-1.11342712567719,-1.12065432846526,-1.05092602502061,-0.957083384118866,-0.798983080203665,-0.627053147623354,-0.396696722123058,-0.169402703521416,0.0879431369311634,0.333680315375585,0.576998907215,0.793172997896907,0.96926099471443,1.12162194268229,1.21214559724321,1.27878031523924,1.29122963737711,1.22582730335666,1.12286816650153,0.977440786055312,0.793708612398657,0.561638222499705,0.324998904737882,0.0828874884362659,-0.168227576640987,-0.392118580470485,-0.635588732288776,-0.806915571561638,-0.956302987922978,-1.05783124333265,-1.10439030106942,-1.11447824981392,-1.0460735002767,-0.958993133071313,-0.811366424910719,-0.623107447498154,-0.409217873081442,-0.156666156148084,0.0718670508672709,0.3423457797122,0.568540992271542,0.782635503199809,0.974814283292764,1.12362608593499,1.22722829917321,1.26948185497991,1.28531057511577,1.22573539312972,1.11743321616295,0.977010269647636,0.792645562629035,0.569327852024144,0.339805937119337,0.0780510558221624,-0.15715928799097,-0.404701787212986,-0.636257366570008,-0.809679259198176,-0.95576731353539,-1.05473252981077,-1.12045418724122,-1.11063865435876,-1.05790688796721,-0.958652985197804,-0.802540273294828,-0.620242790612011,-0.400972915740938,-0.170126751599879,0.0726047883295683,0.330507944720712,0.57412805065175,0.785051774082342,0.976951621446155,1.12290308670838,1.21374414425048,1.27238854952627,1.26710895636604,1.23088720924007,1.10312029688965,0.97364103328885,0.777831004303982,0.569379078230838,0.314572585567558,0.0844086140826364,-0.166966156195082,-0.418731078969218,-0.618443307574957,-0.802328809874713,-0.960438300453016,-1.0533562741058,-1.10984879053704,-1.11073990092491,-1.06596230689848,-0.96074432618154,-0.808018572035212,-0.613531056103144,-0.408488280570896,-0.181591724317316,0.0759247067669395,0.329073007863049,0.578380780325125,0.785843552445239,0.970926425548446,1.12275100887005,1.22961657897485,1.27363776152642,1.27353788097354,1.21655544397003,1.10365842051288,0.97042860545438,0.787303971500012,0.563048076163506,0.32773591163228,0.0822561936922416,-0.158207763350084,-0.407505949377874,-0.624851376437909,-0.827284485381197,-0.953351631684711,-1.05222551999447,-1.10516286314191,-1.09818144632347,-1.0464344478942,-0.968663015106574,-0.810095357250397,-0.635672228111278,-0.390382291019971,-0.16388478856963,0.0807676243515767,0.329528931036008,0.568750434314223,0.79385993296528,0.983817544229489,1.12810032085603,1.22485308827597,1.27012597519714,1.26754033537256,1.21643704783447,1.11270495825091,0.97063199960934,0.784837349049643,0.570684788027643,0.324809701738146,0.0746371123323865,-0.176062941163752,-0.409143531151857,-0.622469531797485,-0.805757792635797,-0.949489495977618,-1.06229302461982,-1.11152829015068,-1.102940984289,-1.06181972658666,-0.955450913845824,-0.81154982701071,-0.610922557315068,-0.403136322252802,-0.170692147227971,0.0884753302613602,0.338488824523118,0.559642718677895,0.789527644846466,0.978614798322035,1.12673566644187,1.21978460691624,1.26791773459958,1.27589899758363,1.22184909508565,1.11740365274307,0.972306123206324,0.781949220460948,0.554312319725506,0.329479898531486,0.0824174824096051,-0.166437664271765,-0.391216860442792,-0.63297006876535,-0.808316958122061,-0.952286633333086,-1.06784022254361,-1.10127548782754,-1.10222610802084,-1.04876098441737,-0.961466361886895,-0.816585854097274,-0.62449604252419,-0.406122748671016,-0.163541486954329,0.0910691656916594,0.32593258114215,0.567767447142472,0.790678312142196,0.984030030430047,1.11987015766727,1.21736262369537,1.27505555941131,1.27886558290504,1.22536409699065,1.11585326311351,0.974800528590519,0.789600488921001,0.573645715386186,0.328860791296124,0.0852082424710448,-0.179250869334642,-0.4055113932952,-0.632277358347834,-0.808682854006384,-0.951634251949551,-1.06203141162931,-1.10541643680328,-1.1031274433698,-1.05244569864058,-0.949983476209687,-0.813904832922423,-0.612903196208132,-0.410215023920393,-0.161452384294688,0.0950014571041727,0.344692522327343,0.576785996211121,0.792407552862544,0.968856650960928,1.12710729395771,1.21775433894227,1.27486009870388,1.2793186336554,1.22466627199333,1.1168675588174,0.978183857177471,0.79045127372395,0.572220273980388,0.319097177905414,0.0814878239935908,-0.164829310003574,-0.401070052240382,-0.628944693392649,-0.812044330154453,-0.947954300326353,-1.04445726817659,-1.10565552686838,-1.11165088096132,-1.05076724410201,-0.943967865941731,-0.794955491199126,-0.615778038954936,-0.402325143498621,-0.16434306653311,0.0910555050896537,0.326370108357454,0.574756156598222,0.777921716878436,0.973677617104379,1.12882868853085,1.21148037240804,1.27066599093936,1.27983155440907,1.21121661288202,1.12581521765889,0.973322797204468,0.787564313155524,0.57210525987266,0.319801124334998,0.0682593478710107,-0.173121829725236,-0.417557348209795,-0.62420992533234,-0.801015759823294,-0.957313174776107,-1.06063046355306,-1.10824072151365,-1.1128912066927,-1.04469107015185,-0.954886815628765,-0.808289356565083,-0.623916788563232,-0.407613678329229,-0.161420299587251,0.0831563152369192,0.331985250919957,0.5791309544082,0.786310927219603,0.987857516583443,1.13118666945101,1.22026561231665,1.26487095599929,1.2756243899958,1.21810562001016,1.11781377809487,0.969674724285525,0.769755186255749,0.56477526344263,0.318341183255962,0.0803657366315737,-0.178790312255334,-0.406368533763364,-0.610890591129869,-0.815072274712721,-0.965337661234513,-1.0475330426781,-1.11090049739215,-1.10309873248347,-1.05965576129851,-0.945230607611934,-0.805688136802472,-0.618641997994628,-0.403131906212546,-0.159827493341789,0.0825437748197746,0.338427618890065,0.576465340532845,0.781951309206274,0.970017144462309,1.10902491319879,1.2263446986368,1.2747848563951,1.27079561063879,1.22545253338301,1.12160867352511,0.964364321359579,0.775847496026634,0.575282967144861,0.328832059958879,0.0696695970224996,-0.167666557853512,-0.409821263043884,-0.638552098860888,-0.8108607194286,-0.951644179048674,-1.06624262276417,-1.11737158016725,-1.09981802377282,-1.04976867634512,-0.954418389781304,-0.799630155164707,-0.60758013233161,-0.409561930152974,-0.16196927593807,0.0887884360300905,0.335733931399849,0.56634292532952,0.790972506254433,0.973265839265875,1.11915667950785,1.22857193390049,1.2832602855046,1.26771021997325,1.21859749012507,1.11968812118324,0.968268855524354,0.778144240660079,0.569547270510482,0.326847721404915,0.0837694230658023,-0.167427178482923,-0.426812460844456,-0.61733284540087,-0.809046766939008,-0.951770031054725,-1.05727271954475,-1.12024792422995,-1.11397126185136,-1.05115381515886,-0.9501176474183,-0.799770958177537,-0.614892278868234,-0.385826199933397,-0.166437500195916,0.0773872223510812,0.332897671522618,0.570395250615139,0.779003668394688,0.98053525198678,1.13313418084093,1.2284430488987,1.2593436329329,1.27129746431073,1.21030422642962,1.12258489873102,0.966075588997665,0.772325890891523,0.556760013381168,0.336468425281895,0.0810137088775006,-0.164522995508453,-0.411875576781917,-0.619763250405725,-0.815027342264,-0.966695110248006,-1.06114748331179,-1.10172739508566,-1.115821116629,-1.05103544360112,-0.948144714698278,-0.811948716145728,-0.615277099967349,-0.390417142009393,-0.175072198240314,0.0723431980338664,0.323349326420982,0.581056875987135,0.790134232765168,0.95906340325214,1.12342179886853,1.22169406064261,1.26991801578928,1.27137594409062,1.22253458430421,1.12410969628319,0.967174100789022,0.793409034402519,0.563112020211828,0.325349340969516,0.0812229566022649,-0.173044610275346,-0.394992155162939,-0.611331753730306,-0.809792378918642,-0.956852036082447,-1.05869372149555,-1.1056181347611,-1.1106453957458,-1.0498233053978,-0.964627442175915,-0.799092979427491,-0.61750055659161,-0.403625204515758,-0.163472795002564,0.0820190715690839,0.333512056597031,0.574756846714371,0.791053543201467,0.977273720950023,1.11874048167392,1.21595872539581,1.27539889083618,-1.12636266505842
1.21130652063413,1.21028050426926,1.16196653135031,1.07764541572841,0.936667225786322,0.77402324859607,0.580996877227834,0.36082993794391,0.14330460339047,-0.0848191299693373,-0.301421559411323,-0.515530048277342,-0.671102109215689,-0.814611870678879,-0.914626569666838,-0.954720590486734,-0.971217907483974,-0.925054267056391,-0.829437511212329,-0.718876699253345,-0.536484149187535,-0.340622185348582,-0.130151618099132,0.0892493425415902,0.321992372135546,0.54372729188275,0.73992451450755,0.907740780256112,1.06931732096624,1.14512634971446,1.20198026331579,1.20580428243658,1.15767983063347,1.07489983861,0.943318710637747,0.775597322016747,0.5792004534949,0.367639648185065,0.144322247295634,-0.0800949025952404,-0.311984332088371,-0.499224873141778,-0.683790147553857,-0.80595994617355,-0.905384479194879,-0.969410383883261,-0.97439318635136,-0.929422608417109,-0.840881847057864,-0.708526009306937,-0.557160576442362,-0.355708642020065,-0.141127039393378,0.0904936094454608,0.30929565501849,0.522822471067144,0.735553463429439,0.897127925312936,1.04751989657978,1.15419013443375,1.19811783447325,1.20357803173344,1.15985374578129,1.0840097950854,0.936215018674161,0.792027876029133,0.583113765681736,0.360458404829695,0.137454980492915,-0.082012349695569,-0.289806604984773,-0.499380610729071,-0.668006539155575,-0.811607538730865,-0.908201720724049,-0.974651710818438,-0.974005245104927,-0.92977665451801,-0.843480288844484,-0.703010350460822,-0.548131065031635,-0.350068004326594,-0.144081797165785,0.0861717470557634,0.320975626525301,0.525391843001083,0.726330851912313,0.918117627223658,1.04151670553164,1.14739829534573,1.19622397828778,1.20425681619488,1.16340211881947,1.0801429240495,0.949420082224227,0.777853571546154,0.580687720725453,0.36650281553534,0.139724757230716,-0.0681408964832481,-0.292443959019832,-0.497204433411934,-0.668800968993296,-0.819722951727335,-0.913727661478727,-0.95540500806312,-0.970142098004009,-0.922987403464028,-0.846516656041656,-0.716122961273182,-0.54520471469519,-0.360441386193404,-0.139364737000019,0.0876232651390383,0.314189516253691,0.524998116026475,0.740995095857078,0.901530131324213,1.04376701797988,1.14748454409463,1.1924793305798,1.19868692700949,1.15693086027654,1.08706844853745,0.932976365345813,0.78309682743924,0.591090614716478,0.385209534669688,0.158064053213191,-0.0765430740330186,-0.28579572387778,-0.4999264836872,-0.667388830450085,-0.805935863393895,-0.922453529413518,-0.95249390083299,-0.969548963373174,-0.93842033269479,-0.843039085293307,-0.70975187104396,-0.565288993584481,-0.352894431206694,-0.15362826622713,0.0788472003376259,0.309039943735385,0.525292396543825,0.739680264780228,0.910512465677847,1.04209138397239,1.14659518956127,1.20520776727411,1.20201768450824,1.16928359100739,1.07985533853034,0.953528043470275,0.786528700620435,0.59490530735577,0.374210079155726,0.159236936238756,-0.0660426986653337,-0.292022631353281,-0.496604527572846,-0.651863645968211,-0.811487962906216,-0.907419997547887,-0.962102570792925,-0.970168540881914,-0.929066631868438,-0.849300676281303,-0.719904292493315,-0.551556753001416,-0.365673786048848,-0.135665211192644,0.0856147872684224,0.292713446715159,0.526002872060493,0.727843532650051,0.895606074242148,1.0501911213689,1.13807541982976,1.20697959365227,1.20825542307746,1.1645073586345,1.07058244243151,0.953937422849222,0.784678389310858,0.592325405510122,0.386018877840435,0.161537078426035,-0.0656622452590962,-0.292185601519278,-0.497786994974636,-0.662918785668473,-0.811826482618642,-0.921741064243372,-0.958864330863089,-0.975368240629876,-0.931385001108128,-0.843525705062842,-0.72107768246077,-0.56607584602477,-0.364274411008053,-0.145742909132551,0.0836006895084446,0.30262992203934,0.529500183560005,0.731283504983974,0.898603534796668,1.03429214751787,1.1500592253714,1.19613628975652,1.20377259618191,1.16950499277585,1.07941553861615,0.948874224027735,0.790600564712527,0.59944867679531,0.38457160098582,0.162838798149187,-0.0765522245485392,-0.294763852625378,-0.493337782983844,-0.666970456975397,-0.815058978535638,-0.911245856602026,-0.965583875113058,-0.972025462898424,-0.935137869002778,-0.846260460902105,-0.720965392546687,-0.545996891838957,-0.356601548398475,-0.156608164177479,0.0714878048369242,0.306261400925701,0.523232457358442,0.73695339540473,0.899495193712635,1.03657817327744,1.14014517332627,1.19787906586728,1.20098214351613,1.16831385748533,1.07683543262335,0.953376048005462,0.789043905735279,0.598578617338961,0.388700943098222,0.158683878278804,-0.0757316901647107,-0.282668272093125,-0.492288911803652,-0.66753039793673,-0.801898466412329,-0.900324659964054,-0.967766727442378,-0.968899014437476,-0.934462149967544,-0.84658500876932,-0.721833752232129,-0.55501441963687,-0.374096088413837,-0.142321750770715,0.0780473049302535,0.300047000582346,0.532682346164687,0.727379771630541,0.901221100605407,1.03614436594974,1.15238591210826,1.19869926095927,1.20671614261856,1.16609653721851,1.09319623586092,0.953629301446891,0.796764402012178,0.599235881279632,0.386195897679333,0.157522030490933,-0.0677146120809667,-0.28558621433904,-0.494803291954026,-0.667912556492827,-0.810847258482674,-0.918473473038606,-0.951679334119875,-0.963332586365818,-0.932853451641704,-0.846292690184669,-0.713155154944355,-0.554724925477032,-0.348191913463097,-0.144230981368652,0.0733137796872206,0.299308584654453,0.521973792517379,0.726613374683017,0.896141228101461,1.03263405662509,1.14649895922698,1.20173992526213,1.21449335505583,1.16002924627049,1.08475487153043,0.955540999025439,0.793031582004707,0.600240899749689,0.381782900993857,0.15148178014929,-0.0760635759819138,-0.283348347668086,-0.482017857025698,-0.66643808840198,-0.807938741261064,-0.903781497796986,-0.962166711349711,-0.97242424676351,-0.935238061671431,-0.845283554462251,-0.718958474599943,-0.561821007580055,-0.368094890995686,-0.14859453299208,0.062785546577704,0.289772139387261,0.52276883444928,0.71731611900122,0.896078572823561,1.04038532780351,1.14113355235743,1.19529227442676,1.21752803805027,1.1682857653049,1.07807659907766,0.953624332169847,0.796938578093566,0.597692268278566,0.384661017136528,0.1673634261724,-0.0593598516094842,-0.29004763979443,-0.48002352426215,-0.660925964355008,-0.802243345606529,-0.900933057801331,-0.954627224793025,-0.960651484462618,-0.933479994522892,-0.856295337477638,-0.724786978715487,-0.559466797676034,-0.358842665758917,-0.153363432521474,0.0735381985593935,0.297175286826709,0.526511523122754,0.728276211366464,0.892442873227898,1.03131472936687,1.14127574676435,1.19769129345963,1.2205619913381,1.1665389610997,1.08765975360879,0.962084107132616,0.788294594409232,0.602837751825533,0.386991230925803,0.165198586683458,-0.0695690557599153,-0.282795347156933,-0.478451813374229,-0.660660801509318,-0.794749017225122,-0.90336026493102,-0.971643743362083,-0.988443813575625,-0.931634015923685,-0.851221416102816,-0.713975703493293,-0.557178069025478,-0.362527989348889,-0.150381850631227,0.0780498979809497,0.295766983136355,0.525088037048321,0.717072011315992,0.892744793384887,1.04461470192143,1.14409336358706,1.19947727815801,1.19476306525772,1.16096039199562,1.08743223905577,0.970862960494387,0.793199076554239,0.612879337320034,0.390952014140304,0.168016935893526,-0.0623782965130834,-0.285376783580477,-0.495988499214084,-0.659524912757728,-0.807567666824702,-0.902835452942481,-0.970189133754131,-0.966066752269066,-0.94226522626272,-0.843766436979845,-0.721448294843745,-0.569488718006894,-0.371912013193504,-0.152827843612281,0.0623757745352026,0.299073245335412,0.5103771412636,0.722569772115602,0.89640353125386,1.0466935132462,1.14028810203119,1.1906651509484,1.19940650245576,1.15688172126467,1.08900978026678,0.957884975444835,0.794432505030617,0.607131520560416,0.380251394227847,0.158136139406281,-0.0693270326499402,-0.28233193352095,-0.486440634756652,-0.673346665601891,-0.812776481553639,-0.911911784986977,-0.962176153963051,-0.981817769286847,-0.925623771653716,-0.85932117157639,-0.722684964024198,-0.554533697200085,-0.373165929753509,-0.152230942059679,0.0766796057364321,0.30680342169991,0.531855073464211,0.716536417972563,0.893192536419475,1.05017904338709,1.14793887880369,1.19755388344439,1.2069842802845,1.170634563589,1.08447539243311,0.960359855982997,0.793353450952568,0.59350888513277,0.381456912553331,0.166527230816215,-0.0592039270583286,-0.28931205480702,-0.481773409671415,-0.65673887335633,-0.817923277316992,-0.906478969360057,-0.962254742141867,-0.968836131711714,-0.931215062785885,-0.851485386828703,-0.715898408978922,-0.564732232946891,-0.366098970778483,-0.149217496069726,0.0750996793410499,0.309925584259407,0.528815277952686,0.731014360966356,0.904284415989343,1.04867569720801,1.13917593660073,1.20223828323607,1.20879753442865,1.16386373636307,1.08380307242238,0.957237992818867,0.785476030149151,0.594399225831818,0.381641622720274,0.16404575237051,-0.0673291699242054,-0.296401103520304,-0.493442970405614,-0.650123543639151,-0.812015223062517,-0.906643332331103,-0.964785928099317,-0.965414360323389,-0.926950443622759,-0.849682132753669,-0.720043359844455,-0.557716260134459,-0.360795175431715,-0.145736655759987,0.0727627784847508,0.309481546462527,0.521876692442708,0.722535894561899,0.900931413983344,1.03086146004424,1.14869923636098,1.18943726770338,1.19491512264216,1.16661292671091,1.0711813691965,0.966878001564841,0.803843222953377,0.592644898334454,0.383858610674931,0.149557959820979,-0.0725632312443251,-0.289222166245003,-0.484937095061419,-0.668590994928607,-0.807930797552127,-0.893331780629121,-0.971231304720468,-0.968216685740914,-0.929634775234392,-0.850199157305078,-0.707893387030056,-0.556364079329082,-0.360151816024558,-0.149578425298062,0.0758202738831699,0.313376087188952,0.523327641011668,0.738272446657549,0.909257318599144,1.03959008188778,1.13515447409048,1.20146419094351,1.19664448766581,1.16807325047445,1.08881418604561,0.955647577500701,0.78886258047035,0.591318972622219,0.379569571070951,0.161927217203884,-0.0820208943773955,-0.293856086227475,-0.49673158262461,-0.666689552695546,-0.803723409575359,-0.911583934340008,-0.96279769160581,-0.969282764608685,-0.925811552341858,-0.850063765364966,-0.71865638294983,-0.559328973999637,-0.358146380631261,-0.137057082672235,0.0775835460062652,0.313485782746792,0.527691675825808,0.718470134928155,0.903238907377562,1.04693457972718,1.13427165393458,1.2117522578177,1.20041411852502,1.16918521941625,1.07403982726023,0.96021264336284,0.78768391836571,0.592366643129502,0.385224831318907,0.151046052666335,-0.0771241867537423,-0.284976536283621,-0.495772413986267,-0.660112352250274,-0.799371430041525,-0.912579213464909,-0.956072716182765,-0.967843558551285,-0.928962383110323,-0.841645111713998,-0.724518417115841,-0.562547243712594,-0.37016029355993,-0.140781060593493,0.0585407518767566,0.311136949255077,0.525807818597563,0.721165417438699,0.904385680053856,1.03380958887529,1.12859711501181,1.20224352815734,1.21475511301479,1.16049072108982,1.07385796578294,0.95161743888844,0.79121121838562,0.581358115067589,0.376429051139166,0.15879298068057,-0.0718637148597968,-0.28973070957998,-0.494045975647557,-0.680325793302742,-0.805409610354483,-0.9075189789841,-0.973062818909373,-0.963788464019629,-0.92481162153762,-0.836698929359944,-0.715491158497701,-0.556201373118851,-0.361525969956979,-0.125034971500016,0.0804360927293805,0.309932569818654,0.533133715976075,0.735839472451749,0.908465106824146,1.03861046212924,1.15710996205899,1.20014169863042,1.20181994286504,1.15952740721072,1.0723091593484,0.954611698117248,0.782239855062633,0.592286572727626,0.372475527888375,0.145236096117881,-0.0807655246524192,-0.300237584390037,-0.499449360505265,-0.67061495838787,-0.797981820146523,-0.90014261813122,-0.976621968593435,-0.986199349508437,-0.929640129255945,-0.851394781519984,-0.708345251509944,-0.553707366695853,-0.361166622829141,-0.136583699337673,0.087467461203481,0.31915271605183,0.53615168806601,0.725546009001881,0.913024775981177,1.03716542017674,1.14274340400101,1.19425094645768,1.20039542923614,1.17128502742076,1.07248805979091,0.942975553620213,0.789626798259697,0.589456950775285,0.373337165398837,0.145435890397144,-0.0819564186434248,-0.305607473663574,-0.498874011877732,-0.674099486726517,-0.806620507025873,-0.915378066592158,-0.968719933623316,-0.970071171865614,-0.926974759299757,-0.839408478346795,-0.704182123601882,-0.553157510147943,-0.360225838352112,-0.141903440722782,0.0892341678676047,0.322367712915042,0.536713067578619,0.731913882002785,0.905713670455216,1.04245414022183,1.13858495626407,1.20170937204155,1.20603150399427,1.16607197329684,1.06695791540259,0.948433900475048,0.788930648589244,0.579052201811521,0.354863750497525,0.142606201469205,-0.083769529211101,-0.309304799142987,-0.501586316225528,-0.676803153379634,-0.812017064783947,-0.910263048689076,-0.965336136057822,-0.966775644260114,-0.914336578477527,-0.847913621827036,-0.718066360494631,-0.54272443949803,-0.335039771649146,-0.123379342246142,0.0987496664162914,0.308290509808714,0.544073413800347,0.747932086986239,0.923509266085035,1.05444059434958,1.14726725695217,1.20352866962281,1.20678229152456,1.16140965020097,1.07971656608927,0.939092327661122,0.778346495476557,0.579243034237813,0.361948902537435,0.144897527571165,-0.0737319394557998,-0.307913411603198,-0.517599751975043,-0.674169182357011,-0.810520744253015,-0.915177615550429,-0.970317022672164,-0.974801751202794,-0.927458112062316,-0.843727363938905,-0.7138517694419,-0.533531991224943,-0.342940974282567,-0.135319044513691,0.109702134136452,0.321324075204088,0.550507360659435,0.738155916546178,0.915892226998157,1.06110041994336,1.14831322764098,1.2050013644412,1.19591699564187,1.15204047709525,1.0857645131626,0.945133680485292,0.774037921150032,0.570782729485899,0.373168908580681,0.136792784269859,-0.0895357922982064,-0.304352903931673,-0.504761424277334,-0.674021586119122,-0.816450908761971,-0.926923305167185,-0.962513853363692,-0.970853862481019,-0.92893871942307,-0.830999983084289,-0.700934025284557,-0.540045284310232,-0.351194110783096,-0.125230032972164,0.0918899705631047,0.335138434471966,0.536238705598333,0.738169256324844,0.92281141242212,1.04969896504925,1.15317467965532,1.20421271589715,1.21217806280579,1.15964678548264,1.07061362753938,0.94457466605223,0.776040802639121,0.571320393214504,0.360216474782305,0.121442521285969,-0.0912600811034718,-0.313177916300607,-0.510855608175059,-0.68174834069283,-0.807108092236846,-0.915867358196606,-0.964280910031181,-0.974963811412125,-0.930935424419582,-0.842423681436676,-0.706020938822946,-0.537045856879513,-0.334508076341694,-0.126231555246857,0.106827903069143,0.339425571096643,0.558223391489705,0.746342445415386,0.915129007883677,1.05660980920794,1.14478867145886,1.20603543730789,1.20203509046121,1.15260338092305,1.06472164078167,0.932357624574732,0.758127955153172,0.569836371507042,0.357866423789033,0.127668717326237,-0.106080253480028,-0.313059184508883,-0.510796588089484,-0.67245046929149,-0.814759763816004,-0.925417921288577,-0.960420653087687,-0.975753188075118,-0.920858809377615,-0.838099491812994,-0.700627119276069,-0.537482466060709,-0.330254071408525,-0.115831847511639,0.111134312863684,0.343747536795571,0.547778490231777,0.749677400046326,0.924637592561397,1.06171515207147,1.14895671778942,1.2005199101655,1.20374230380562,1.1433699780203,1.05899104881173,0.924130494151209,0.763810675184199,0.56795023052717,0.348887136156583,0.126842974618764,-0.109251908575961,-0.329719420850216,-0.51408702546743,-0.682330504481236,-0.819183885130028,-0.917752795013759,-0.960504383417496,-0.962147406520533,-0.91543208501533,-0.827892626060876,-0.697833053022596,-0.52295501710117,-0.328431722838619,-0.127977192665559,0.104801111948177,0.343259571740486,0.551248755030935,0.753440105654166,0.928472444379066,1.05611766430721,1.15763611774704,1.20001836596115,1.20589579736611,1.15953922156112,1.05394701843609,0.928480609454775,0.756238166363227,0.56357311659312,0.349046618566524,0.12548830059446,-0.0949740836315912,-0.315769153384708,-0.532371633290657,-0.695440902230562,-0.832456162777467,-0.924396787652658,-0.961891432456131,-0.961698115060451,-0.920605341085193,-0.818557888768629,-0.685198023057647,-0.53724919436996,-0.334933681370174,-0.104842182007301,0.116516538471159,0.338652401674605,0.553493201121977,0.754852780748727,0.934087036664632,1.05860935351619,1.15780787188904,1.19873515801794,1.20048894995003,1.1462124880046,1.0596367722876,0.926828910383001,0.761875953750787,0.55812579702047,0.342381866002887,0.114563355214032,-0.103784814419214,-0.334707704234804,-0.526607559297848,-0.691469885615188,-0.833485973992811,-0.924199862393154,-0.971592331473143,-0.957797520612833,-0.929409077348186,-0.832493193371854,-0.689115302621343,-0.524525196652755,-0.324282574509868,-0.0964671726114383,0.118730968580594,0.346158304923642,0.561324105124314,0.753175538430437,0.923785725827736,1.06971654294496,1.15452111547406,1.20926417700302,1.20147209999713,1.138706211302,1.0599173638439,0.932595913927702,0.749137523588665,0.567002484478368,0.334442583710818,0.116193511655424,-0.115195583892494,-0.328082674724823,-0.534387179418963,-0.697604086848648,-0.83387623207517,-0.92925252148933,-0.97178445933549,-0.968640891758737,-0.923352076498483,-0.819467024610184,-0.683464161812225,-0.51510025322091,-0.323870227075658,-0.099056869738195,0.121853071801549,0.349434515048478,0.560455719495784,0.754365991538468,0.930543326249064,1.06987139137585,1.15039829806538,1.2020870323761,1.20312445934265,1.14466007725122,1.06279281346498,0.921003910045866,0.753148898724509,0.557541614388712,0.336741930004856,0.0995110282624497,-0.12881166968394,-0.345131134763928,-0.540213320848985,-0.701683572619441,-0.825433140755424,-0.918607876260561,-0.974376930016055,-0.967869730682218,-0.920521980247461,-0.825492619996877,-0.693840113048985,-0.514587688903337,-0.328764604615793,-0.105647022612411,0.127828093743932,0.353035939461078,0.573317187059741,0.764904891521192,0.927556112120799,1.06260200786562,1.15690024605123,1.20621634627932,1.19518711799409,1.15283686032067,1.05626337740447,0.924785831006518,0.748291492102022,0.550099075174053,0.334779640295157,0.105412939879992,-0.11587824391955,-0.34034230422661,-0.525013510338493,-0.700027330484481,-0.832404224201491,-0.920694702818596,-0.963704136890198,-0.970651128537579,-0.91298691182136,-0.827813388134615,-0.683460000885547,-0.52536026303554,-0.313837463287529,-0.100601149220426,0.136133249425998,0.364471738326419,0.577228307613623,0.771866865319082,0.938167402902935,1.06221412614706,1.1541666725538,1.20663220313331,1.20568215886841,1.15875516463448,1.05362639130234,0.921973696921916,0.749204159056566,0.536952173245498,0.326566787263458,0.105450292583882,-0.128052447123115,-0.328694893327378,-0.540272702893597,-0.694449573341534,-0.846179029790014,-0.934856747474171,-0.9701040258089,-0.959685603543589,-0.914016702726724,-0.832815176531503,-0.683958021765938,-0.509439592509193,-0.301779518759329,-0.08378637532117,0.1203131975758,0.357139782536448,0.582528504491836,0.775203409540524,0.938414958522469,1.0621195540135,1.15588721395824,1.21023380865883,1.20439541423285,1.14134308460336,1.05453018543332,0.913975168172787,0.742815664692097,0.542594637325147,0.321748317458888,0.10418929964395,-0.122457094305986,-0.348505345465476,-0.542401332245727,-0.703623796494054,-0.830745318094231,-0.921310614541078,-0.967825094074273,-0.961060232301833,-0.917499833897735,-0.819874363819964,-0.682159261953303,-0.508340175025965,-0.313152677339911,-0.0912146878433972,0.136154729152487,0.364836555744826,0.571570415214779,0.774148191563907,0.929932118591619,1.0787306893445,1.15347107027149,1.20648707969467,1.20447391057657,1.14703464903741,1.05036364290934,0.90842976915878,0.7392682561283,0.538634460716736,0.330040704657346,0.0960928677282264,-0.125314049604663,-0.336498738245459,-0.54822520025528,-0.701108986984185,-0.836982277977479,-0.928487192340393,-0.965945095757094,-0.958159292276291,-0.913484445905654,-0.817287834437147,-0.674552979482155,-0.499102275591972,-0.313080499172637,-0.0976110118566906,0.137601646449619,0.365884561243556,0.580039851286428,0.770163971338764,0.945241711929352,1.07083501214934,1.15642340179233,1.2094244850683,-0.972908029106048,0.160544516124161,0.276447012777611,0.483520837681438,0.689331924995306,0.864285155944267,1.02769978875614,1.13075785445012,1.19717055501062,1.20845688879237,1.1692768520541,1.09773981251129,0.98205008339623,0.812241508916865,0.631619505793872,0.413923648017708,0.196066977391735,-0.0336385904772405,-0.24973304599927,-0.457456794192718,-0.640844029638018,-0.790185707912217,-0.888891008425616,-0.965869756532709,-0.97281659858117,-0.941491915085289,-0.86095497881655,-0.736491708450814,-0.587250589186861,-0.389403064351299,-0.183756330878641,0.0344632312337222,0.278060187586464,0.496720823712946,0.685177458677156,0.883393951458077,1.02913293855563,1.13445847706099,1.18402917599342,1.20454040011906,1.1809672926284,1.09899641506412,0.979949865860056,0.809425402141301,0.629636053591777,0.408141937743819,0.190571941852499,-0.0314764075566534,-0.259427508827568,-0.455923322400621,-0.63503110178574,-0.782683375108319,-0.899052094636303,-0.957252823405409,-0.96041622766182,-0.931693235940325,-0.857511750414666,-0.746852253715062,-0.579119475018112,-0.40032391008076,-0.179085688870986,0.048336915343646,0.265324556320329,0.487500333908019,0.688222253042726,0.864316689466649,1.00947621427159,1.11989947570459,1.17419095021285,1.19395601721832,1.16915919861381,1.08499450771394,0.968949653327085,0.808803636163901,0.618543474408895,0.413166293678893,0.197648945008509,-0.030028880880021,-0.262271037902934,-0.451416217217807,-0.629591211919111,-0.771743898482996,-0.880882745080627,-0.951665988559773,-0.969230111142073,-0.919616087618528,-0.855579546806863,-0.743692011914855,-0.575896283838748,-0.395962091723988,-0.168294612193249,0.0388183451644329,0.266427131679603,0.483290748079622,0.681348251573709,0.85637489677962,0.992254232276655,1.08689239856593,1.16734054309421,1.17370835783184,1.15153020823619,1.06724725348261,0.947564853430012,0.801469715216083,0.603829088680959,0.401182457815538,0.199490815523598,-0.0308970968647682,-0.251393412239381,-0.446169440348785,-0.614587728498733,-0.761129102490414,-0.85718806028956,-0.917555310609198,-0.944258827098712,-0.905124631790971,-0.829430753094491,-0.72157091986945,-0.57268832249435,-0.38124789721677,-0.185693354354116,0.0334977287468586,0.264248761150696,0.473535280914314,0.666821868330403,0.841528761357555,0.971176343936555,1.08582967620726,1.13105150622976,1.16285198331325,1.10729164637487,1.03637902746453,0.922917066424576,0.775827114551352,0.601898105371698,0.403674507067025,0.1876793473553,-0.0397904963338305,-0.232350787111632,-0.433038957544774,-0.598168985467152,-0.743005764791003,-0.856581644705692,-0.907570348614029,-0.901868355334848,-0.878025216454068,-0.806800853154639,-0.699453917074059,-0.563018693407079,-0.379736475380639,-0.171877383832293,0.0514775910877747,0.265076926787608,0.464052900392239,0.646619535964138,0.814743496313201,0.949979983153964,1.04433443087931,1.1002271680325,1.10450349668638,1.09156887235958,1.01233515983379,0.895450304890489,0.75464180108921,0.5857721090492,0.391219500067472,0.185128960379351,-0.0151002129642642,-0.228000112830078,-0.405496652791881,-0.578208660323219,-0.726349088675572,-0.824529823079474,-0.878145938627475,-0.87595556341671,-0.848613850470384,-0.7824866573737,-0.669302244815397,-0.515817599971996,-0.352404420291575,-0.15118297519758,0.0390671576480134,0.249224105473061,0.448940390274253,0.631039075543958,0.788593250439342,0.91164237130932,1.01493347557771,1.04967507136634,1.07966574799464,1.03793291102727,0.971917628863177,0.876824148911993,0.72871693191395,0.563138040933336,0.377707952263056,0.174650882957902,-0.0171259174329638,-0.20659994808732,-0.392292251840231,-0.552062352606549,-0.679222234806204,-0.775095675400726,-0.836909128082093,-0.833045940276212,-0.812603616799432,-0.735339221882976,-0.633056712811025,-0.490930149736409,-0.324530527094916,-0.141355638867531,0.057388339738182,0.24633905661784,0.435457164214638,0.605808239075674,0.755268968718343,0.884396394323687,0.965573326531875,1.01266179191569,1.03215093146321,1.00154318164905,0.932163218533467,0.828734933632822,0.69871940674622,0.540422312058604,0.35531983879463,0.1660845124512,-0.0219868364545447,-0.190316223082304,-0.351578821551724,-0.511252110125331,-0.650486747237262,-0.721421666367583,-0.775263243557755,-0.79203231587003,-0.764834362342838,-0.696158377356692,-0.595129075370677,-0.462777185398989,-0.303544712178877,-0.140136635821619,0.0587046613909033,0.253728388217242,0.421996571877286,0.56923774021938,0.709683229976269,0.82666258643911,0.907471777369206,0.949297266061632,0.96383213477569,0.940766532412051,0.875039082605537,0.781397952169105,0.650800260391085,0.509761802520801,0.352630539996629,0.17391171349406,-0.00635285899153832,-0.190344835363187,-0.353480853739905,-0.486198955584901,-0.586717738028783,-0.676446620630533,-0.721852304027956,-0.736001820366393,-0.696130721771819,-0.640286907307651,-0.549128398352958,-0.419580345232836,-0.28334298535686,-0.101211700586672,0.0605817601293009,0.236065043380769,0.398649857686365,0.548459786945544,0.670811740161533,0.773630447326643,0.848562120932795,0.906395412422197,0.904899869853615,0.880088518822841,0.822522167879649,0.737263675581474,0.624136162011829,0.482670428512257,0.332826772633339,0.170898785889496,0.00358619970521519,-0.158204098745951,-0.315431973988665,-0.43577707126493,-0.535871829502813,-0.617749197842796,-0.664506664355632,-0.671480284608674,-0.650614007871526,-0.582212808427116,-0.492352175427998,-0.378313569000718,-0.242136549998007,-0.0915071522949635,0.0830681823655749,0.226688724746881,0.371319530460573,0.519106077629803,0.639291268768879,0.72110719627821,0.783912505796416,0.832545554374907,0.83619460109223,0.815056198608204,0.756486563600073,0.690439449950274,0.572340750969407,0.440476762496039,0.297957647059691,0.15982266688269,0.00935859448133428,-0.145805465501799,-0.279433393029666,-0.393492794219269,-0.492218937243664,-0.561460163918224,-0.598655413405507,-0.603462502553576,-0.577299871528912,-0.536613537199403,-0.441664923976001,-0.334455184555127,-0.215971541219181,-0.0688713043239117,0.0767562835800073,0.208532011603175,0.34909603712483,0.478011391206456,0.579789802054378,0.652830371318166,0.727230864455513,0.758759415531172,0.768275618279767,0.755647532527809,0.680042686182292,0.614896321954019,0.521238384333711,0.397241205557906,0.275776711480202,0.152812031897402,0.0165207787286886,-0.111240027010585,-0.245155182833598,-0.343972676524971,-0.419821206569539,-0.487767834616112,-0.504594327704283,-0.535334766006313,-0.510131145768929,-0.460210307740912,-0.378161455919743,-0.278914409784606,-0.158181615061111,-0.0397117620723894,0.0941352974271767,0.217703297595894,0.325869192251867,0.441798222664823,0.517802424227106,0.602936239556893,0.655757368581214,0.673919670089759,0.69905900796529,0.658316411360499,0.627088612572789,0.560462349906898,0.469872313426704,0.361736186364959,0.258771483614989,0.132516859397203,0.0109911647401265,-0.0906558942769698,-0.201108405075449,-0.276139822632645,-0.374100215387631,-0.422454231401242,-0.438756764285474,-0.441495565928311,-0.433836715485635,-0.385214737094019,-0.319949140548178,-0.222394871769709,-0.124778488831449,-0.0318873436991142,0.08931870860639,0.197410627710439,0.29993560112559,0.397788706707709,0.461032300333262,0.528863655798516,0.576330847537836,0.591176025264717,0.590924166966233,0.580713006384327,0.539322818846843,0.481595689140558,0.412036817287126,0.318086534252134,0.226703119411849,0.142654515360504,0.0278954065640735,-0.0645288996750621,-0.159000333274916,-0.233501832134526,-0.300487035727026,-0.340688938932963,-0.356653387682875,-0.365043975103246,-0.351005343178749,-0.312269780271535,-0.248100914170554,-0.171882549632838,-0.0927693852011026,0.000392608738773709,0.098379966938453,0.200716577759734,0.275889152859377,0.35697422844862,0.405686923377358,0.465736560789555,0.49404190140471,0.501255160080834,0.515886306050385,0.491485885489261,0.467414543534459,0.41691418980902,0.350306476819113,0.285152392626984,0.199022986336225,0.11393907853105,0.0450645783407609,-0.0429359941148129,-0.113419109811736,-0.172064228830783,-0.227497194847878,-0.257912227968589,-0.274973111691549,-0.288337058122839,-0.26226998090781,-0.215177698994464,-0.17612965559097,-0.12274339606766,-0.0464198320101342,0.0304627798617688,0.109395196908659,0.186863849495151,0.249318213573907,0.294510651169766,0.350840651505314,0.384478915694267,0.409445879433315,0.430874232300599,0.41896755034509,0.400821835311812,0.370599887103206,0.323644770147484,0.298437100312275,0.240649263333932,0.175872213683106,0.100483544813418,0.0485783351551215,-0.0137921825748331,-0.0678588125319932,-0.112294175919786,-0.143543408728471,-0.1686404215957,-0.192429522671217,-0.190550763381978,-0.165455640348711,-0.154478949867721,-0.100542043357147,-0.052095013906661,-0.00283637508604978,0.0502280676653801,0.122239525861264,0.182499945246947,0.211295002652906,0.256398321754843,0.286120570927557,0.321673441901741,0.32379210220714,0.324693230521536,0.328270448335566,0.323825778897827,0.295692360068437,0.267664595346671,0.245089636591695,0.19379724282497,0.150504528459635,0.101260383922825,0.046116657596918,0.013967622806039,-0.0258349768284544,-0.0453106458823409,-0.091244210866935,-0.090084456768683,-0.0994079044105134,-0.0981609407341203,-0.0795397534514991,-0.0504322323281068,-0.029138551791579,0.00288679939160455,0.0453709058739975,0.0794422534441898,0.125811429993324,0.163768633322958,0.196044381677932,0.207839349184154,0.224527448361647,0.237612882506122,0.23985535581129,0.248016692755538,0.236113852115547,0.227533687435091,0.210644433325238,0.193049972740303,0.16220166341291,0.153383362924107,0.1081249708473,0.0856990328940644,0.0690012948589245,0.0336478652569282,0.0277940948216979,0.0074678898645424,-0.00340699517869948,-0.00753881767234838,-0.00372888503361069,-0.00503485308824212,0.0069381979413886,0.0170338520586519,0.0450865829779277,0.0695427715773886,0.0798821789995398,0.10989279021425,0.141909970295666,0.160093089888853,0.158819332015397,0.169483063857531,0.170290277906465,0.152500000536483,0.159239742251724,0.142290681543316,0.154143706721104,0.139579559850414,0.113198828747175,0.115628597869731,0.0981572973802483,0.100517566435796,0.0982212885742043,0.0786883167758611,0.0712330180679522,0.0733229214623424,0.0705627723472398,0.0656867938557971,0.0778438731132642,0.0770657444115456,0.0895768920953676,0.102373810433633,0.0967002691768516,0.112579529183084,0.1203698847091,0.126195250447595,0.135510573919934,0.15530892001312,0.155272189228872,0.136361731905982,0.127577651484208,0.114833253053547,0.104572766640816,0.0847149485116878,0.0683900774577413,0.0529043488681803,0.039393061468469,0.040491617613919,0.0453907696420246,0.0369973688588196,0.0406817767088839,0.0414921716398007,0.05158435692024,0.0715805373380323,0.0843359095828069,0.107261750817301,0.119804273925692,0.140363617416335,0.149151306177007,0.163762331923319,0.175753664958361,0.190355517894124,0.202973473931729,0.198318775792651,0.200241879815893,0.195927742149973,0.198065093102012,0.178033655199802,0.172963527947593,0.137622673959828,0.0976868959894374,0.0638709674809709,0.0390805890964451,0.00271252390577892,-0.0197159477448161,-0.0362842384497236,-0.0544504635576277,-0.0514806530381418,-0.0551481150503468,-0.038192242475178,-0.0256359874313935,-1.59840760241402e-05,0.0319115306047661,0.0686600053832097,0.0938434381887908,0.130991327408025,0.161106862346731,0.196681453892055,0.217826456682242,0.252913135329146,0.268162475471672,0.287038997465676,0.290178348091937,0.285618331194856,0.280972409750593,0.265973745037738,0.245275949935337,0.199475809792861,0.176094805125233,0.131657056717507,0.0631178057422577,0.02044758648751,-0.0214489118730189,-0.072137820416947,-0.104485327817828,-0.123975059740848,-0.14043731730124,-0.148341611355732,-0.137637700197276,-0.11591414939013,-0.0856533027817457,-0.0348694016122422,-0.00126233433590383,0.0539635740609504,0.105381385424069,0.157470894260948,0.214057720591175,0.265126789431363,0.300950237016915,0.333991086274273,0.359947526474814,0.378800248733886,0.376138393295448,0.373579827609361,0.350972383377185,0.317608192924864,0.284938769247288,0.241249736406594,0.174746080987327,0.121106394030745,0.0529507254401664,-0.0271974876868769,-0.0952665183138686,-0.139858170381071,-0.178820754492806,-0.216371251660596,-0.234285939378455,-0.243307793503611,-0.220123575919828,-0.200632879201325,-0.143157730013705,-0.0938329169402956,-0.0292899823932109,0.0366747676672308,0.107839316108481,0.184482284038555,0.257060818070226,0.316683260033993,0.387842460571688,0.422864592191388,0.459516680537639,0.460991352918613,0.47536400049717,0.461709017201469,0.420001335802026,0.382418846544227,0.323706473734718,0.264837102529207,0.20587084016779,0.117883662550664,0.00575145693709407,-0.073728723594237,-0.155346868458012,-0.22426302837919,-0.263975474455626,-0.303619723161599,-0.321057536607651,-0.311335606388895,-0.298155058361296,-0.26807092181789,-0.206632899502911,-0.128825566650369,-0.0554630246322706,0.0367716951146904,0.111441687723571,0.225147057301436,0.309267227819047,0.394796621971713,0.450847416261784,0.508965252538814,0.542938223322305,0.557690467719234,0.547198192130305,0.53593487353337,0.49226260019679,0.443719873798207,0.366616151573671,0.281364146307933,0.198082037587608,0.0989856330586063,-0.00417179013641414,-0.108668683354431,-0.194087262552806,-0.274787351035583,-0.351005668186197,-0.393166848506706,-0.395627930844889,-0.397223149864599,-0.368343120202036,-0.33068551563057,-0.26519411887038,-0.183596563445429,-0.0853315132956655,0.026295829433786,0.146221062455132,0.257033861364559,0.352401865045512,0.433854412369252,0.51174684842955,0.577650278419987,0.618255034065117,0.643841619265972,0.637306356865938,0.616582254524973,0.558326282873749,0.489032406634211,0.418976556544305,0.316778078744716,0.215842834501751,0.0996409549998028,-0.03366776160122,-0.153834139351374,-0.245972945993907,-0.356715745119097,-0.407727792404092,-0.47662256491122,-0.500623319810756,-0.477515978445694,-0.464268234694524,-0.394336803104091,-0.315555931959091,-0.218488521365896,-0.110029004181992,0.0176720488001156,0.134670822432512,0.271105866050946,0.385782476917216,0.488220667814994,0.581959237746022,0.653012831808326,0.70354523183505,0.718173815217192,0.722504056388904,0.687911954749866,0.628725460405799,0.551060606718493,0.452439603220926,0.340215730054069,0.214688684360486,0.0798223867697481,-0.068585852905476,-0.180792207257467,-0.310236517887103,-0.404189900415671,-0.490545491280687,-0.53748313866256,-0.560060565891797,-0.553056554543727,-0.521953528857316,-0.466584758785054,-0.364408704595557,-0.256586652764945,-0.125212074338666,-0.00560729164115319,0.145015232102634,0.294854512183561,0.435271890376992,0.545864370481269,0.638303832902554,0.732915285041944,0.77227130745551,0.794102038082018,0.784086077476918,0.756537595977573,0.693913180757062,0.605980365284512,0.491925928620335,0.366218788975877,0.222387046041479,0.0798245335988391,-0.0785357418339319,-0.224176067824245,-0.361104342698459,-0.472866596881165,-0.548007306872046,-0.610360483984568,-0.63441483702171,-0.632303251301339,-0.596165373021899,-0.50822977377997,-0.416678522363696,-0.29796830072691,-0.154381748231933,-0.00761150200238502,0.150054119960961,0.318409766140823,0.465321880742851,0.586019021936441,0.703240825848505,0.794578629646106,0.852588863820063,0.877951978717998,0.871594092211341,0.825151622207623,0.734618087615645,0.644890757978612,0.52847736372871,0.394323675624321,0.234994318591531,0.078374611932096,-0.104173075641738,-0.260179220750554,-0.393013103184372,-0.513016521247232,-0.603117783673178,-0.679778482102289,-0.717455763604308,-0.696397411680821,-0.640169674468207,-0.559527583749545,-0.456077640693281,-0.327904416800421,-0.178525508008914,-0.0116037334021897,0.168939483277507,0.320607830491237,0.489449232714432,0.638271902522027,0.756850380915923,0.843358509878186,0.909209394835336,0.938975468237397,0.933997931176667,0.87874420097431,0.806607468149698,0.672942622730186,0.551296934077473,0.406040809928618,0.234628042582353,0.0704441185670316,-0.111599785213139,-0.284973219813724,-0.443104985604249,-0.568979174580837,-0.668054075502459,-0.74877655652613,-0.762419024630746,-0.752424640574533,-0.695435604476909,-0.616083860739049,-0.506445813181895,-0.354200768243944,-0.194155839575832,-0.0102435903046461,0.172663064281626,0.343428483628277,0.520469620994624,0.677400057282211,0.812327952996655,0.901780438552279,0.968301600128949,1.00474415578754,0.985540491821888,0.939979747760702,0.84716860665274,0.736100023658723,0.584784499322437,0.436656226846094,0.255159072923836,0.0495566355000652,-0.13596487881179,-0.310596496893148,-0.479139931996519,-0.609871595876672,-0.716289075114663,-0.776901927813442,-0.8239386522192,-0.800932748146329,-0.743623298501446,-0.66196193907514,-0.53909188948114,-0.382994774756981,-0.210985047791431,-0.0236204192456825,0.17552000072716,0.369262726796191,0.54285478350234,0.717539116367041,0.854900681180342,0.966080141592232,1.01817537349688,1.04388364229048,1.03996189160936,0.983679036630186,0.90446492106771,0.766432112757721,0.610627971628349,0.443739487625977,0.246477875061341,0.0650415860549253,-0.151070826765121,-0.351181443910147,-0.508026803716709,-0.655028884635546,-0.761768114003243,-0.837357742632664,-0.846606929071414,-0.85050372258788,-0.792808719449942,-0.697308818005252,-0.573103535835552,-0.405259342071408,-0.220987473383395,-0.0191924472913428,0.18764929633734,0.382029435144504,0.570905597328999,0.740337925188358,0.878681811594498,1.00159865320906,1.0615112929806,1.09850895247842,1.08684395733909,1.02816036040814,0.923372635977784,0.798717973352516,0.627533393339842,0.450412098401292,0.269620517830848,0.0517167674456186,-0.152658240663989,-0.370019545470901,-0.524063871081157,-0.684940652643074,-0.805369094564931,-0.872777751506668,-0.898999345813779,-0.881594286663012,-0.829731077716881,-0.72590376538358,-0.588362478795294,-0.428882570633726,-0.233135475392825,-0.019647803157156,0.192281011166599,0.406590208070437,0.603501639705591,0.770382877724855,0.911240176535473,1.0265426131251,1.10216510117854,1.12426697108922,1.11471808363587,1.06465271916688,0.966086793298327,0.828770047146616,0.656741558896845,0.473476896091843,0.261609688474492,0.056609481863605,-0.172522068380533,-0.3676818827477,-0.556775485579066,-0.712413465000941,-0.824629818303424,-0.899320428454874,-0.923194324800009,-0.925327917168034,-0.868690813374747,-0.750821579578804,-0.607136646043362,-0.440663030806818,-0.233463623368317,-0.0348399386186151,0.194396929646808,0.408913628064078,0.61645772672829,0.799401569522159,0.940785119952002,1.06478950172793,1.12152773218175,1.17032696091886,1.14983974459231,1.0905905261832,0.990806671724396,0.84798568287778,0.676637369627772,0.484409802543601,0.266617772679275,0.0478140615261876,-0.173922207836123,-0.382395494110398,-0.570062659818916,-0.728788237023455,-0.841972393157,-0.920922600906035,-0.950757332299997,-0.92579417621348,-0.880338964064775,-0.777135934100063,-0.624544152705448,-0.446519530724369,-0.255803226382317,-0.0461713548999987,0.188365990523511,0.414217776118397,0.614954422394352,0.812614017822165,0.952970874611578,1.07400598835001,1.14920425745542,1.18710412325262,1.17617652740641,1.10370693944423,0.997812933822085,0.857612662839919,0.694744330862686,0.485626790230153,0.270304915419957,0.0433350898698959,-0.186563253433568,-0.391531460764093,-0.578562620230803,-0.741953052614329,-0.861289398659278,-0.937741455009273,-0.962632679071468,-0.946896425059101,-0.889615606432615,-0.784804818464662,-0.633178317295761,-0.462081502034324,-0.26063615257653,-0.0350477068207536,0.190187223778015,0.423755720375632,0.617125451479616,0.821069768156778,0.974457205843653,1.09136105153451,1.16601101111013,1.20259062481168,1.18385788157947,1.1179411646393,1.0170400718397,0.860179131557234,0.698851560825335,0.496862026154524,0.275317777581418,0.0414651433131001,-0.188042774451989,-0.389503367584172,-0.572874501862918,-0.747083907999402,-0.862075348750792,-0.932483607351961,-0.97451005092712,-0.950852812529772,-0.890047511278332,-0.793181106186494,-0.657068225073819,-0.459742296820244,-0.257582784464572,-0.0379375788387718,0.196523648666772,0.406938826929586,0.623452796288563,0.822666588430583,0.974482919067653,1.09943969950725,1.18436275153238,1.20564532087564,1.18849009955067,1.11960198584688,1.02307768271003,0.881232479626979,0.693053078822155,0.49719687132471,0.273306140189077,0.0860896257771937,0.152448692631176,0.133816418664515,0.145805386741175,0.156235231993945,0.165766546624729,0.163750106715814,0.160353260108932,0.172320858508399,0.160050607965918,0.147080675203899,0.149348841446324,0.128538141041451,0.124123711121917,0.121218588919014,0.10435787742007,0.0946406814788767,0.0889496334884458,0.0960027156669354,0.0758039271173025,0.0726047479093182,0.0703481785525406,0.076194256269597,0.075629429406068,0.0791876454046371,0.0872970637642615,0.0991676390690403,0.0987974005018262,0.114885558482153,0.111960752288375,0.134115891996817,0.129883775379592,0.15343582437113,0.170289775410703,0.198963634734077,0.234240184115602,0.248100066863073,0.244886695822345,0.254151627369245,0.253855045466061,0.237694515665256,0.224496048916351,0.211891161780953,0.187696636177191,0.162236220906598,0.139069753460153,0.107081730779864,0.084481002451744,0.0472419940786217,0.0302696561963345,0.00829065087920574,0.00673236417829584,-0.0184878586149473,-0.0150611386862884,-0.0227671202489224,-0.0153842899940486,0.00260837539578734,0.0275150634557894,0.0383161417922881,0.0765181493404395,0.101416986968986,0.133393523733438,0.1574918736603,0.214397532168798,0.260695969931646,0.28792004052937,0.32179703489637,0.328649632292434,0.336574886061618,0.34168329214672,0.334802271292019,0.325907865910521,0.28383233535165,0.247804805612906,0.209468764855401,0.170614718951905,0.116292666790045,0.0727630957176669,0.0140823593426677,-0.0275176127515544,-0.047754871311601,-0.0692899674891273,-0.101128774622995,-0.101886634857213,-0.111770190483199,-0.104470511893378,-0.0727928108401114,-0.0566005424249716,-0.0205292620343638,0.0205232607861115,0.0636798897637117,0.110587493849237,0.170090327888823,0.242853161916049,0.304126569086757,0.35858384352399,0.394855210667154,0.415650405544314,0.434243382941453,0.427359416885751,0.436661728366897,0.39475361048078,0.365001129727261,0.315166895571393,0.247760592926902,0.183807296689781,0.1170814982668,0.0541597610503019,-0.00613823922211471,-0.0666469502038939,-0.10494008868891,-0.153356353264174,-0.185631972705411,-0.2021834936191,-0.203633736766129,-0.190375111447962,-0.162518869322865,-0.129306040572986,-0.0852705957515211,-0.0338189920624121,0.0391555417900015,0.102466263167156,0.189680595085323,0.270395577346945,0.337517351423117,0.409101337763165,0.452015087572697,0.496397627711729,0.513165405844316,0.531177224867581,0.508206833186131,0.469112447224701,0.433992825501574,0.37302035821576,0.301561812197644,0.220981062108626,0.140410393688129,0.0402127985437517,-0.0391844508941945,-0.107768098135121,-0.179853400823694,-0.233121300192606,-0.26178393842716,-0.287886318813967,-0.280387241889989,-0.280391246078973,-0.249185063154799,-0.197650626993906,-0.139451836995441,-0.0559620117314021,0.0194568358170451,0.107886911417614,0.1850196644198,0.288102891950446,0.382160297153168,0.456965431811928,0.52748449689083,0.578048929526468,0.604595972336213,0.606411920336131,0.594590368585047,0.554736960395119,0.49576839935203,0.428638253011528,0.337035010606427,0.250829402838315,0.147236204705569,0.0494947011075601,-0.0530723389944518,-0.151468326417889,-0.223047079829929,-0.288234767688552,-0.342670634338278,-0.369666053557262,-0.381879321219138,-0.357368945536076,-0.317052964182349,-0.268420560310661,-0.19800794374666,-0.113448108980743,-0.0108543839763901,0.0858683973037394,0.203357646116196,0.321149169206169,0.428160225243826,0.514589604771812,0.601896080661702,0.657868480713274,0.687471266353501,0.697397672065848,0.667286016027724,0.623714787220528,0.567993833732848,0.482930654916528,0.385643016479384,0.25951525227298,0.156481955862003,0.031919710804794,-0.079618098730176,-0.188393742604507,-0.288638387496995,-0.364874377185684,-0.410433865716536,-0.446723579272257,-0.466331496850584,-0.439340785752273,-0.405840044147498,-0.327624022568988,-0.252873145211006,-0.161890251044615,-0.0433329940301554,0.0794981131761298,0.204902277268891,0.354504385338157,0.459083965161074,0.575151593805715,0.667659069613973,0.726041720836276,0.765529310939608,0.790019913144859,0.748530001190084,0.705775536436998,0.620497042095505,0.542094763830044,0.42203466493544,0.302097145893049,0.162324773137783,0.0225911309149519,-0.116067954847359,-0.245402724098509,-0.326240400157227,-0.42359152431999,-0.489135538673211,-0.529552797894889,-0.551808017186691,-0.523489822120597,-0.47369284421956,-0.403925456516222,-0.304088461387837,-0.18629414726802,-0.0678598241894725,0.0654299791383843,0.218069879165012,0.369254465942225,0.509780234068709,0.618535229002142,0.73451382085256,0.790980922824254,0.843363167554886,0.843084959622819,0.834979234026973,0.775961646682327,0.685673956933838,0.599831592910893,0.475561912919332,0.320775403915199,0.172810351590303,0.0205971007944909,-0.128913266754012,-0.264003662609326,-0.397786561268972,-0.490905228637101,-0.561127208706501,-0.60810836674902,-0.613519162361286,-0.599731017643073,-0.547137830331499,-0.468606942076221,-0.344351547801392,-0.230452659499624,-0.0874687180412509,0.0694719066719896,0.21958647028309,0.374138938392643,0.527042609728657,0.67210781765395,0.77689975313856,0.862868037316516,0.894562302914815,0.915524384082289,0.892486780523867,0.846047248046778,0.753234933868662,0.63388106975119,0.495565092370379,0.341217225300204,0.172375787706889,0.00755606404688531,-0.14979568634274,-0.307754829947456,-0.435804563712931,-0.536821296326909,-0.622612385470062,-0.664612287515424,-0.677565393202133,-0.65118713443145,-0.597621486470557,-0.520258377731509,-0.396894244618951,-0.26789994344535,-0.11042363270324,0.0567212923262819,0.213627072749102,0.407370648834556,0.556072190541777,0.705084843615188,0.831143428783271,0.910163395462822,0.97048149186811,0.983011827982057,0.954683512748712,0.896267390749342,0.791266971614822,0.662283170618009,0.525039807439529,0.36747601416336,0.186493636720929,0.00934517629747918,-0.169087185072602,-0.333240064748942,-0.468503953254145,-0.590006695599283,-0.678130728262382,-0.726023494639944,-0.748696913151693,-0.719966584323996,-0.665100771998719,-0.566620434073429,-0.45616050008915,-0.293401405435084,-0.130531849627762,0.0511644319817682,0.231418363756877,0.427891926687228,0.601163554789743,0.74631864577109,0.872446820960831,0.967769216986459,1.00847549215887,1.04184202032976,1.01939805693749,0.945749141500001,0.833887687705315,0.713937350525095,0.546783112041696,0.370960426146471,0.188110752574319,0.000147448913962495,-0.186160424273039,-0.362597387114305,-0.512527379444458,-0.635839515446505,-0.736124713683909,-0.789880450619044,-0.798583117388455,-0.777836644348037,-0.709759187046432,-0.607178773424015,-0.472754171004756,-0.329048735691666,-0.139900757881392,0.0381648734389576,0.232934985406961,0.434564182095916,0.623712813318105,0.794073017282841,0.909039428042881,1.00401076688977,1.06445670116773,1.08322843805595,1.04826377630649,1.0023991410118,0.881338111320945,0.748310468219196,0.582697554767267,0.393238797979493,0.199118210456604,-0.00361144598993343,-0.193800731688766,-0.386680630374554,-0.539874292341511,-0.677426159677048,-0.770631292700124,-0.819918292380799,-0.842126804311108,-0.811097833524317,-0.762022574172188,-0.646321574493227,-0.509872875336097,-0.344430100709019,-0.148863751478198,0.0357985165484929,0.248086767955759,0.457049463339066,0.636803617434113,0.809108305976069,0.937181418286325,1.04962120415023,1.10439284139339,1.12562846033215,1.10168510221677,1.03238640466316,0.917268767539518,0.770209321761596,0.599987784462393,0.398110103571784,0.202983701183916,-0.0014189933819244,-0.22392106615028,-0.39777346218907,-0.568844656286491,-0.710213237230639,-0.808373915400139,-0.868590949695352,-0.885974700524086,-0.859652202206482,-0.794875113759963,-0.670068394788586,-0.53658154250608,-0.359213605839634,-0.173334423808966,0.0427834012435224,0.235569490636092,0.46253392318757,0.658843428785484,0.830368734844811,0.982051507370558,1.08429506304176,1.13399855525343,1.15462352764688,1.12440251211734,1.05840003906501,0.941972385413763,0.795319787208867,0.61994123271873,0.415625533238939,0.201640414568641,-0.0176817421948182,-0.214907321800584,-0.414241602356246,-0.595478600872841,-0.733574991932891,-0.845774733109656,-0.899786774114189,-0.922128172168037,-0.895573600232817,-0.82091810029513,-0.70054812063066,-0.554860544532813,-0.388206280773006,-0.191437225952426,0.0300076947307858,0.253534372611139,0.468800125062169,0.663734674219706,0.851711825578449,0.985078725111359,1.09654963243207,1.16365412435605,1.18524365111354,1.15387230649198,1.08119949180761,0.980716196272085,0.818612523660744,0.623758896843844,0.425198100833909,0.213562039320911,-0.00686745627505641,-0.238098766812145,-0.4360377915079,-0.616442266267828,-0.751965434697099,-0.864270256823068,-0.935793760705197,-0.951746409557493,-0.911769428879812,-0.84452894186701,-0.733805155722629,-0.575233794310751,-0.395532190804495,-0.191462576563046,0.0298847787115034,0.25344713777434,0.478952387299813,0.686497013993733,0.866781124009813,1.00125466396474,1.12152175960559,1.1790384723101,1.19669791590849,1.16231299344285,1.08980223762533,0.970873727326092,0.819981358012795,0.632735583532925,0.427228990742023,0.195498690275002,-0.0179995860378746,-0.23679580191436,-0.446118962165351,-0.617503328110148,-0.774388751855733,-0.854664471104718,-0.948564962299208,-0.95549293633423,-0.936344556215938,-0.860238769383744,-0.737127365558633,-0.597114291261762,-0.39835720123351,-0.195978303385813,0.0285264337845144,0.250030662398428,0.470321430902421,0.679195748230774,0.874591452840397,1.01811447231854,1.12050696862366,1.19322340955093,1.20636849524948,1.1834884363252,1.09833152579369,0.985709528473539,0.835182578400445,0.64290651708269,0.439553530456523,0.204239275212286,-0.0169315554973763,-0.237612583234646,-0.446235990759477,-0.63533987263442,-0.775447296604933,-0.89149325632827,-0.957357912430767,-0.980816871054564,-0.954598563791568,-0.870057369340495,-0.7616228001711,-0.598161631642236,-0.405372195713649,-0.202237909301479,0.0301536970557776,0.268798380282232,0.468652311968518,0.683060790383397,0.861374995476519,1.01107371509391,1.1196678170835,1.18400055204969,1.20421488355136,1.18358621115217,1.09656696785997,0.994373297049723,0.834611851982558,0.649174148837054,0.438954611709971,0.205314137607185,-0.013854742780503,-0.23206813982577,-0.443303315358692,-0.631338820762171,-0.782858109077051,-0.893137550625668,-0.951981048619352,-0.971764191688397,-0.950392880843192,-0.874407894876125,-0.748213051413561,-0.603388371011682,-0.418875935637914,-0.191711616738722,0.0262530232447446,0.261185943322896,0.472675525644057,0.67688720887715,0.857604422316732,1.00100329676064,1.10731172901912,1.17624460313275,1.19783021871869,1.16156738987958,1.09286650296479,0.986731385378191,0.832789802682171,0.639713694798094,0.43382118492019,0.208211990717782,-0.00461953410736338,-0.235193402765868,-0.446660546599688,-0.626985912414153,-0.773958473176704,-0.881577308935686,-0.954269114715711,-0.971427857651285,-0.924875687554518,-0.844387851273969,-0.748729094260175,-0.587522885406386,-0.402102617409817,-0.195580235728755,0.0216189251975353,0.256714451481901,0.471683583613548,0.674392941652807,0.845698000624796,0.991823285304024,1.09278921060807,1.17082265156682,1.1932189319781,1.15771631078442,1.09752475684179,0.962210393450579,0.825117178623696,0.631646356694221,0.421904174422979,0.196016670611554,-0.0137334890514075,-0.245722891247099,-0.435347167046345,-0.619842172405738,-0.756553910190212,-0.863654556118724,-0.936737761401133,-0.94725149295454,-0.926726910808133,-0.837236740723567,-0.734657249089692,-0.581801701789132,-0.398692936173852,-0.19353124182297,0.0273177479308761,0.248624678370751,0.450721365272562,0.651223930825834,0.835952783966693,0.973036404140788,1.09076018392458,1.1409626473396,1.16029369498348,1.13115898100203,1.05634345111814,0.941552444003102,0.802152649200924,0.613892583349347,0.417097652641798,0.196292138528017,-0.015168100627338,-0.224684941609979,-0.42327955934976,-0.613443917317727,-0.734961646565887,-0.843214499615898,-0.908871904388161,-0.933888510761868,-0.889387991749591,-0.821086799780133,-0.714086548113986,-0.558575920028727,-0.395558963617837,-0.17473040862881,0.0418490157456864,0.236643004598127,0.448332828335905,0.652923931057683,0.811875019653176,0.944761126775974,1.05516892985915,1.11423350122934,1.11674438403234,1.09741927286816,1.03800347130889,0.925886469943897,0.77620751853203,0.603959866677742,0.410371244248664,0.210211218734024,-0.000802264150739321,-0.225786650867607,-0.406837735190537,-0.582765708126932,-0.720398264491444,-0.815963801769887,-0.884501276749683,-0.881502071986492,-0.866276366239239,-0.797180699312208,-0.679238516084989,-0.540433998346346,-0.373965944529309,-0.168411435569492,0.0259664016900891,0.248591806955945,0.428273779258494,0.627420361139396,0.777331838025891,0.921864919525532,1.01846667692883,1.07677916578836,1.08209878101096,1.06651940519748,1.00485650589889,0.892971205975305,0.753538009456733,0.581872096988865,0.396236487930427,0.202483856230924,-0.00336344645279804,-0.208816100829178,-0.388652031938391,-0.544815022197785,-0.677081033032308,-0.774361522641782,-0.839982239847231,-0.853841093984109,-0.824859445862164,-0.762404223786115,-0.646346078498709,-0.532665322992553,-0.362921729028736,-0.15702905380623,0.0452944911071421,0.249306541407938,0.425880384969075,0.605704428868398,0.748465169244177,0.878535524142641,0.96837973088758,1.03125589555785,1.04324269403531,1.01616453418051,0.954871279364111,0.856118417106114,0.725925073006447,0.566450776727424,0.384895531286458,0.202985341780538,-0.00417894465527513,-0.196633458253287,-0.364395456105257,-0.529174442021814,-0.639929079251436,-0.736311729457228,-0.798932482452834,-0.800030437639048,-0.787645817860003,-0.716234816581643,-0.608151829703251,-0.48613797612766,-0.332010929676236,-0.153197639500259,0.0390621505606476,0.232357958671929,0.415566489843195,0.577158625153011,0.71292814539685,0.839338052351013,0.91982188405418,0.966119385134652,0.988298690733679,0.977695316187243,0.893746414113324,0.807810241326269,0.682933619495727,0.538720989931415,0.363877460211946,0.184424089793572,-0.00355378410674429,-0.173571887495455,-0.337171052115434,-0.475746008803841,-0.597430447932169,-0.683909574499687,-0.739731483125616,-0.754740922551896,-0.730461967556394,-0.65412147238241,-0.564841118122815,-0.439359651832863,-0.304300385074382,-0.132945910084325,0.0401300344429817,0.229877734058055,0.389533417698573,0.545952401101298,0.681955321355672,0.780465711482059,0.869614020333105,0.910499838565171,0.920128588702335,0.906839182610658,0.848978736843,0.759843591472821,0.642630145442353,0.49908030592938,0.347994092441588,0.183763721178747,0.00732321115737521,-0.154794931016357,-0.305301439917334,-0.449452285467342,-0.543015733686532,-0.628185901358941,-0.680687132800654,-0.697723180914648,-0.66772287007727,-0.613040569372163,-0.512703607257988,-0.40910280753043,-0.266357820566058,-0.111258555870139,0.0546220919522981,0.217974107558287,0.369726557083958,0.511617180662323,0.64018777933556,0.718137234597259,0.804252308074382,0.849826010545631,0.853357376655103,0.848780698435574,0.78992424708661,0.715763267685796,0.593996037030437,0.469109708978454,0.326857993912419,0.165604641907601,0.0132685805514051,-0.131190803575525,-0.256793595601187,-0.400082489981184,-0.496850054814886,-0.567446584057564,-0.618326343218414,-0.632884925393941,-0.596986816370386,-0.563171555626332,-0.471219691872184,-0.363930555977602,-0.238640452509702,-0.0942207635465674,0.0604265335091851,0.199533870298105,0.354449871892713,0.473430482538224,0.580155252981945,0.674927423405334,0.748917227718677,0.781578908580035,0.804481841146243,0.758438319907351,0.71979413266996,0.649383887178392,0.558769589975867,0.430689192510525,0.306305843023599,0.169496135493396,0.0231391405163175,-0.112667637412094,-0.242235521950153,-0.352574500641417,-0.443490437111872,-0.509508795956304,-0.544963253477559,-0.562292287822654,-0.536231364519724,-0.500044721525663,-0.406367316090318,-0.31571190154514,-0.193693524520068,-0.0706395295964982,0.0738317503905881,0.201577659709232,0.326028512159327,0.4422525957214,0.53247436453392,0.610476460918488,0.672094331968586,0.693428175590068,0.708471331822957,0.686837486769622,0.65904355901145,0.592475887286213,0.492489285038645,0.386956097810392,0.271800811010112,0.145927512904072,0.0324253685984711,-0.0934511006558692,-0.203917205216587,-0.293565402924405,-0.372751266020471,-0.439560408496831,-0.470830956706065,-0.480001581637983,-0.4524139489057,-0.409273196754562,-0.353757980553843,-0.260254708860017,-0.165120476871159,-0.0519659781142714,0.0890257887789102,0.195027759990278,0.301360033195196,0.394907388180563,0.482101237947186,0.544126697526395,0.595861425816194,0.626444823797007,0.635693506680394,0.614967592045641,0.572459217960252,0.512889899887919,0.436821889509641,0.359672505597899,0.242692749517376,0.14330113610334,0.0557534163455867,-0.0631652030315779,-0.158032738038726,-0.243251458295865,-0.309893768537439,-0.356644275786883,-0.376512179157523,-0.393772693550314,-0.375391665915827,-0.334638635949961,-0.284961266094141,-0.20985817577822,-0.119237842969071,-0.0221903839158709,0.0934383223065564,0.181228007390591,0.269078370042274,0.350886852516812,0.417410532109657,0.478840719728194,0.520393949837717,0.533407308166645,0.544652379315998,0.529336155188227,0.502100004322747,0.458611299512798,0.383744419054488,0.308063013599651,0.22304249671854,0.139685783315283,0.0495672470342002,-0.0414293401436616,-0.113925442027272,-0.186808405157356,-0.2408800596654,-0.280838715471951,-0.317281348445404,-0.310763135141701,-0.30621081531901,-0.277219825660422,-0.207801201610212,-0.15397074413677,-0.0697374564036208,0.0168427090588151,0.0952238788739887,0.172425799018573,0.243454466786843,0.306810896765584,0.378401369860555,0.411161192742951,0.440623674573613,0.455795526878452,0.466098157469671,0.431198920894921,0.411938165437386,0.379836292929794,0.326163218984764,0.257052522333735,0.202919579852567,0.126429217116293,0.060592004990971,-0.0109750302441915,-0.0621281201342364,-0.123842297557697,-0.16717051853999,-0.197378249866195,-0.212408873374039,-0.22816606018034,-0.203215989798709,-0.17903139727113,-0.15073936524675,-0.0827385241858284,-0.023458562974738,0.0470407929846383,0.0960367476491371,0.167634241269734,0.215797350342484,0.254320458000986,0.303310768579372,0.327289162235085,0.355444247887119,0.361000408784712,0.352158112428158,0.354413659457758,0.344527917626517,0.316658801282884,0.268154852267273,0.21560955071787,0.159944822977246,0.113809371118975,0.0615905544215489,0.0226225646573235,-0.0321927858135177,-0.0553035606351457,-0.0989785277655731,-0.116007366504321,-0.131673786704024,-0.128330738546083,-0.102881601226368,-0.10125985491856,-0.06213655737429,-0.0302016981416238,0.00766622154308985,0.0595678599758035,0.110005945585139,0.175823789501232,0.184692606816171,0.212336604637673,0.231847680425227,0.263444674393089,0.266229641289433,0.275198424032176,0.267879754945381,0.271257030468155,0.241575245830066,0.223996110547742,0.190499026772953,0.17147987141848,0.14380371877607,0.119255472923367,0.081181581188154,0.056917550796251,0.021215516666301,-0.00557510389105316,-0.014697244946695,-0.0307700526572019,-0.0476780311612523,-0.0395774455561098,-0.0237710896200311,-0.00924267629714872,0.00766094274935238,0.0311834224369079,0.0636124652732619,0.0964861383340589,0.12075829393893,0.141957074969314,0.161167992534397,0.16751485031966,0.173161276628925,0.184393028928082,0.175657169879951,0.169555976957432,0.174155414430141,0.163085955511138,0.15665413658337,0.150929995862523,0.133904458937036,0.125960612491628,0.113201771394013,0.110253258626835,0.0874193495353814,0.0834990995927279,0.0667935073146991,0.0659396656231227,0.0523744320137332,0.0606824026106418,0.0447691407896582,0.0611528003297594,0.0558506969819537,0.0713101589505976,0.080806054908755,0.0984937677194574,0.0993004324663087,0.109006400970145,0.132214462901389,0.151439170995103,0.125876669413791,0.115657001168071,0.10659880134524,0.109501815269925,0.0981199718337499,0.0832308079212427,0.0799988885284091,0.0768114283222523,0.0753339064443307,0.0659697610563584,0.0760741795779837,0.0643368236230849,0.0892149479610605,0.0925433944157053,0.0900873801553156,0.0998612628753752,0.133265248781414,0.124465650386327,0.131632410135449,0.139925493620481,0.150045309818937,0.154704011994454,0.155555521658142,0.170259488569085,0.161370891061579,0.153632241486951,0.162829989847804,0.151873177301584,0.14060134852155,0.100415505044515
