0.018840135870977,0.00869431693840962,0.0064008460857186,-2.13688365617651e-05,0.0144495468083176,0.0142043500772897,0.00898666722822849,0.0112227912932379,0.0162108255976519,0.018469159870959,0.0150919369015247,0.00844051287002196,0.0167484084038056,-0.00355006678097008,0.00447434088965366,0.0109694835781283,0.00838329753323556,0.00643285752416518,0.00735497732414947,0.018641218902706,0.0138779874960563,0.0172840776568912,0.013232208505763,0.00622732197947204,0.0168761257724732,0.0250234683966923,0.0209078048512075,0.00204395757648984,0.00933332800086738,0.0134809650351032,0.00655395302138541,0.0109744579740057,0.0450948620653066,0.0557960848628988,0.0697828063307288,0.0814386546052537,0.0889918353486729,0.0944671042534448,0.0888425672988454,0.0945251719202666,0.0800723144012734,0.0772512689081015,0.0742852583432145,0.0443518202000398,0.0439416276476632,0.0111674608133474,-0.000203696405519815,-0.0154487091940948,-0.0344702634960162,-0.0497668888885219,-0.0475583443369085,-0.0667544398476266,-0.0806212487935823,-0.065275529408977,-0.0575807727109634,-0.0705406746102195,-0.0675326522112611,-0.0357092300604316,-0.0365182831120672,-0.0253849217888953,-0.00300389359319818,0.0284181052231061,0.0651806128014652,0.108350581617354,0.132261801649929,0.151719869753627,0.163368350171164,0.174889150141522,0.172787284063006,0.173019664224555,0.17069674017783,0.154205219968166,0.125183604667629,0.101351538686796,0.0658554939610285,0.0385143353117823,-0.00977662673826273,-0.0478729352577953,-0.0706302725345798,-0.104996073405203,-0.124189681094412,-0.145228428307905,-0.161585291034582,-0.157767675603884,-0.163260274578463,-0.147716175682128,-0.119084721159315,-0.108384006707347,-0.0720868486717111,-0.0428357470658824,0.000112613618637661,0.0343516730463904,0.0951092667070138,0.13255656086196,0.188635469809688,0.215624660014158,0.238402688371137,0.251031373083953,0.265264850043861,0.26319702744041,0.232105061048913,0.223708068568646,0.190866629154379,0.125664231348288,0.0827856191427596,0.0373852878378011,-0.0112935186998831,-0.0695883122867634,-0.1192132326622,-0.164372992583662,-0.185363889203225,-0.210282647780577,-0.243550884243526,-0.244878469125645,-0.239193888450286,-0.214493068796568,-0.200043244377056,-0.162211564844119,-0.112979705465518,-0.0675518276391782,-0.020315556088182,0.0481392749874292,0.116592881766793,0.182337315869411,0.237679219573535,0.277795753633322,0.312955518850294,0.337832135063217,0.354367855401485,0.341055639147744,0.315234775358455,0.284601146283222,0.242385246181772,0.186013605867739,0.115053911904659,0.0479853064863476,-0.0274537900123949,-0.102255828488262,-0.163673186007457,-0.220459472763796,-0.263048388361066,-0.299312158482355,-0.322693457761063,-0.323214437206837,-0.313517828516205,-0.299577197302588,-0.269493469118656,-0.22288011331907,-0.161291984786741,-0.097086171403818,-0.0173974237587648,0.0613455754804471,0.147805804390774,0.223340977816845,0.288679151537644,0.36132707984591,0.389190188080239,0.413344034133349,0.429303840086333,0.427048307657326,0.388007563279647,0.345534066826225,0.294973352325213,0.221573249367316,0.142620372519525,0.0513253799884684,-0.0285313126244202,-0.120651170847411,-0.190169436202617,-0.279982615957633,-0.322522161485595,-0.371390225931325,-0.393122848668217,-0.406141289858118,-0.387312378112366,-0.373828094011152,-0.327750233165331,-0.273816739897249,-0.194306333660301,-0.123445482267499,-0.0229728724088253,0.0671571693708189,0.154660747283138,0.251173370129267,0.335375555410517,0.400543681168602,0.460070721376354,0.489434019762992,0.507119216717262,0.488838132480823,0.46920094953556,0.41577178924105,0.337045132000759,0.268498338197432,0.166772852417101,0.0695371193270317,-0.0458215015291287,-0.13941647011618,-0.239073852658465,-0.313685252154425,-0.382120644286125,-0.423169767353582,-0.471653063746108,-0.484795733927819,-0.465799377047789,-0.439812565509773,-0.38849148464343,-0.310354045261442,-0.247371825534959,-0.141013948686813,-0.042427059755722,0.067029559845536,0.191889692558663,0.291609506901361,0.381702974637272,0.475128422794077,0.527385009349473,0.556112618574373,0.568521838417087,0.554505274228529,0.515833007001382,0.453067314985058,0.385236215939425,0.294616151016328,0.179433048622906,0.0621911624504599,-0.0456096742750379,-0.163306044968736,-0.276691032378949,-0.365853312280787,-0.447839317717762,-0.505705865455448,-0.540147448741722,-0.558497445026191,-0.540503799244453,-0.513934491241626,-0.439120877701205,-0.37547282404587,-0.275545489269908,-0.172030560562603,-0.0418010790783895,0.0750927363893453,0.203986618478815,0.326881472294907,0.432562985129426,0.525615079306176,0.586942684366606,0.636751808162854,0.647911579327333,0.632223862903866,0.588188756852042,0.519884876958656,0.430516205391684,0.31402382761917,0.190699690997942,0.0706740903157967,-0.0651525171828306,-0.180757357256799,-0.304580078879853,-0.411484862670742,-0.495649337999404,-0.57196795755962,-0.605393097607706,-0.616575164333178,-0.613623351865485,-0.575794605286321,-0.498910157330851,-0.409128607158479,-0.290823857025005,-0.185178906668358,-0.0600152954635615,0.0871937197722394,0.215586571672883,0.363024765870587,0.474821771386436,0.575994483520794,0.635227345614882,0.694428135480978,0.703994622071784,0.69281353308526,0.638002377961682,0.576563522993673,0.462746870551362,0.356474902164777,0.222110697279522,0.0918106005780947,-0.0642363083375588,-0.213353545713042,-0.337219560447477,-0.44410256950839,-0.555945352495728,-0.633380215965522,-0.668269562233465,-0.683936837652079,-0.673910726605475,-0.617258960335266,-0.552265506700742,-0.466319350822208,-0.340925687721914,-0.206105681390069,-0.0721242675826313,0.086121667048561,0.245905731697911,0.39536757643526,0.513383550779132,0.617260695486259,0.703490792452604,0.75263404564388,0.755567846497195,0.746275567164515,0.699122556429748,0.622816907258032,0.517600039485122,0.388864264808308,0.242062632992356,0.0862871208838011,-0.0646214502043094,-0.213648525681797,-0.364653586386364,-0.488547217703942,-0.599861009554752,-0.669501336418085,-0.714521525830641,-0.74490331436,-0.719426996300378,-0.669524275491186,-0.589554991837972,-0.491420973128965,-0.359788293985853,-0.226838784931695,-0.064283284061898,0.0994954530108732,0.267736538032692,0.410481356482652,0.54410848778344,0.66099199218171,0.75361392269134,0.797807717612943,0.816436713907752,0.795109859796525,0.746157919923738,0.664312111192523,0.550644509662662,0.409725620970244,0.275942489238602,0.0906092551712988,-0.0760631451066548,-0.225659086448076,-0.384008021480962,-0.530870846080993,-0.64396262941946,-0.728046782373667,-0.775888607579386,-0.793943716634943,-0.778572802820021,-0.716160695793026,-0.646900528525543,-0.535207741603657,-0.388414562345021,-0.243168002396757,-0.0617388422539035,0.0986482910532821,0.271336909025882,0.424877870892058,0.579302398232145,0.694863559482889,0.792021557471895,0.841063336532386,0.869468287514277,0.851959562129552,0.791912988183763,0.691183891355493,0.579737031596365,0.4409972753306,0.279946350793425,0.106561167946454,-0.0784256864161691,-0.256756548224062,-0.411017834331832,-0.5459853406297,-0.667555333918495,-0.768207643265937,-0.815638504970805,-0.841133812710478,-0.826638783190852,-0.761438859860257,-0.676103579039542,-0.560008070413835,-0.408335804688456,-0.246437105201992,-0.0922005529795661,0.103787999550279,0.296655094251011,0.449543416059982,0.606670503079154,0.731442706199922,0.830342402614491,0.879161617934777,0.891368269412836,0.881557459640443,0.824092402298015,0.728035708868776,0.608393087188392,0.455296563240135,0.281913327909147,0.10940958647042,-0.0883449390008638,-0.267070323537475,-0.432119186067475,-0.574514526416282,-0.711107835653839,-0.815925791259397,-0.862410680749268,-0.88195865470097,-0.867472222958763,-0.811340292769562,-0.707189973676241,-0.585144936125973,-0.424865727145441,-0.26284993037145,-0.0826179489546459,0.107606641944201,0.287048247475614,0.473376153995624,0.634337041516668,0.758840582756366,0.86167276959634,0.909141709673728,0.930581464081383,0.906875570128452,0.84870775901173,0.752490093159741,0.629311766812484,0.472508114877469,0.297878342919939,0.119614601177313,-0.0967050544354595,-0.285042432667134,-0.449018534721128,-0.608976691339029,-0.730910463120624,-0.830633685086006,-0.896404112546681,-0.921476003344835,-0.887553998730037,-0.83509830890143,-0.734917619221658,-0.613402567765739,-0.442076694752033,-0.28389361677234,-0.0937032323375468,0.11482803528395,0.298508486982687,0.487827041780669,0.645019400453829,0.785428572459035,0.873912105498935,0.947229349580094,0.964485113298429,0.944649869253122,0.883479109190778,0.779641583416469,0.645570083964408,0.478774190384185,0.307815357755681,0.107835644769811,-0.0809264945645531,-0.276238150405097,-0.456649455016367,-0.620978583111595,-0.755431647130411,-0.851914540857327,-0.918705664765857,-0.938722778310787,-0.918156811207705,-0.852101920742131,-0.758115309006136,-0.625885609654118,-0.462130708451129,-0.281546152678222,-0.0937834839172451,0.0960260911190636,0.314682942547595,0.488966886638186,0.662457838700097,0.788269580782688,0.894221498165697,0.953304831722601,0.981457776355563,0.952432205746019,0.897956518042974,0.790875566002891,0.653895502478457,0.49924018361949,0.31804516595601,0.11795084967949,-0.0972441207403064,-0.2861793712575,-0.488425090651213,-0.643975912097929,-0.772447454278848,-0.866819060474049,-0.935637946196932,-0.966291076122317,-0.924747685959041,-0.870014456938884,-0.771724304937853,-0.649587065382936,-0.483289262940114,-0.293807110802019,-0.0960547490046443,0.120815227029615,0.306934107555148,0.500802673944031,0.666459361341234,0.798671829181698,0.909219669632283,0.9730015860115,0.995715298545645,0.977811923129781,0.901291882853598,0.800050042357004,0.667792070218679,0.495485633538165,0.308055254886841,0.112695431604426,-0.0970467404784763,-0.302231830515618,-0.478486004297385,-0.646759718721647,-0.78275260251974,-0.884633235578711,-0.942972673512881,-0.966699555381177,-0.954047935174507,-0.879893881327916,-0.780562250148853,-0.636573963401668,-0.470303634112751,-0.278992013802756,-0.0939624172294793,0.107790186658699,0.317237327516443,0.507540649430904,0.667758531756266,0.810672076943593,0.908168877628387,0.969137440902387,0.998015361021669,0.974862116433616,0.904342977414538,0.799106765948122,0.661608047175202,0.505785088225596,0.317533943808148,0.113582439368529,-0.0928176854114581,-0.297200457047091,-0.483471039468171,-0.651909935784471,-0.783268655716435,-0.884280417406729,-0.956943702045586,-0.982450586114702,-0.948497021359529,-0.890015722924206,-0.784683063690954,-0.653637667939106,-0.491599546972951,-0.304803115308366,-0.0971725451748803,0.115674981755042,0.317294602618153,0.511427961884565,0.668258670142351,0.79822843903219,0.905246784023547,0.968673571528585,0.986204284012783,0.972168607089027,0.91178558140457,0.801674533250154,0.660537832843613,0.506666479160928,0.321450751246461,0.108080450938799,-0.0864026424363326,-0.288943248442905,-0.477073201899209,-0.642692921594231,-0.769850836000258,-0.893729243619659,-0.943387172480564,-0.978233275910661,-0.944608251122537,-0.897400437705065,-0.775697465120423,-0.646302723494237,-0.477784282898668,-0.284297667520871,-0.0993348689789399,0.118887458399173,0.313233265487691,0.492194064306229,0.661757900244155,0.789192528645703,0.890539314433247,0.965528264584179,0.979259829952689,0.954302128090126,0.900309051738758,0.792616526108265,0.661174816801938,0.492664968665435,0.307046110540088,0.101810422982975,-0.0916387316147243,-0.295089728835482,-0.474889860059845,-0.642617143747875,-0.771153087094962,-0.868782184957748,-0.935025162073585,-0.953377793762491,-0.915335244368192,-0.872013082127263,-0.767085565993048,-0.63571723327899,-0.477103368646019,-0.291489410404432,-0.082009788436236,0.107044865852549,0.308418580491535,0.484807388590221,0.651449620082847,0.776909453497046,0.876499345769783,0.922451893333828,0.968909665440032,0.934951191785023,0.876443585912095,0.773606397341636,0.650585796986707,0.485273281131881,0.294983380905909,0.120301629205988,-0.0938205926139743,-0.279801264884903,-0.470278854633906,-0.632988062806069,-0.745381850349235,-0.852538456866838,-0.914996827513641,-0.95068794087169,-0.924396098203012,-0.848413854854316,-0.759552743539364,-0.619154270113814,-0.473294183959658,-0.293453474436114,-0.0917614546235094,0.0981928674327162,0.298177488663321,0.464421322708743,0.622266400402063,0.764355219126127,0.856067162646823,0.910353943882975,0.940338162609948,0.912765022069216,0.84916859682276,0.763662573017899,0.628651101876124,0.463750368591093,0.290432914543519,0.10600081480928,-0.0854859217291807,-0.283884989630756,-0.441613787064508,-0.61213545037598,-0.737831754851244,-0.830821611142985,-0.895258195667333,-0.915480892890661,-0.891155431970603,-0.828175879838825,-0.735782089951228,-0.602862985397292,-0.464237679286585,-0.277159195498458,-0.0907114978822227,0.101495018601198,0.293358188087246,0.450142053523771,0.607813027875946,0.736706626844177,0.833259088421198,0.878978713186456,0.899139355251112,0.888018948510594,0.839356034234652,0.734173996973601,0.60997395621305,0.439016169621324,0.295410047730926,0.0979032883595271,-0.0743473909108072,-0.258669291729566,-0.434665754041126,-0.584805412765879,-0.703858860453068,-0.805488914409419,-0.85925550422079,-0.878619454148876,-0.862782278870688,-0.807461455044448,-0.709778427908765,-0.589032004799479,-0.418890353982014,-0.265291522344129,-0.0900236689903288,0.105650871663775,0.279000248417412,0.434674539223758,0.577323384406234,0.699210544610196,0.782863142403851,0.841042651674126,0.867873226634512,0.832055805520646,0.782779827266086,0.71444346472115,0.575800327500591,0.433999799821071,0.283351713865265,0.108984916166517,-0.0715430085880526,-0.240609424672707,-0.409692946011283,-0.564019137002007,-0.67678034391208,-0.77019405686606,-0.827297960440159,-0.841750720681553,-0.821587464483407,-0.762941754928519,-0.681355779843388,-0.558569941972574,-0.41623721723761,-0.245450490872772,-0.0856669423441286,0.0974464126244222,0.247311184227903,0.418642180905739,0.547542161164778,0.663538530957061,0.749951965439827,0.799328504905437,0.814819858205007,0.799030889778655,0.74207878131886,0.660443921680621,0.541716856161163,0.403209545600184,0.258430978756116,0.0945722015487937,-0.0702407932494857,-0.244696354856813,-0.394173214203624,-0.529307821886059,-0.641385375915437,-0.729129032423537,-0.78046538078964,-0.807940375286658,-0.783643794775837,-0.73292718000731,-0.646349754737399,-0.530155149523977,-0.388487407481957,-0.225477256929253,-0.0767055650507386,0.088866475547791,0.2406126662716,0.388208241124308,0.521240255618338,0.613772819810461,0.708652659737173,0.74475342960631,0.75938289091999,0.750071869747162,0.697393452308584,0.60962907044,0.519978252959283,0.403623215433825,0.237376300656868,0.0870054855274918,-0.074446426888888,-0.219403283114381,-0.361011296010228,-0.491379257155792,-0.599046148833221,-0.673375243011615,-0.715730246038231,-0.745463861552204,-0.72642052569452,-0.677510387068435,-0.603791145786983,-0.500307239184208,-0.362258495562605,-0.219379920719802,-0.0630475912297424,0.0743927391109533,0.217969400055507,0.358523922305324,0.474551390503832,0.578971753938303,0.646165241968176,0.679417909869261,0.708417732693845,0.68943065489106,0.656142829865311,0.574941754034029,0.478155781985484,0.35850830121144,0.228709138978466,0.0879471147879023,-0.0696430150283172,-0.21018219846314,-0.33515406474927,-0.446228374676604,-0.557648386760415,-0.62924150183259,-0.657287565809629,-0.68965747180204,-0.669310990559712,-0.610568860858759,-0.549839852445834,-0.448070370658619,-0.342355740533301,-0.196450838515347,-0.0522032011440725,0.077920545427354,0.210599315798903,0.322203116089969,0.430582432770992,0.524839464098002,0.586452104103405,0.630669097565044,0.644784437870865,0.624944198161979,0.597010513382634,0.518785479848823,0.438168250281486,0.332774259558805,0.21857318141637,0.0833536704219922,-0.0527692453864263,-0.181006495168502,-0.310207049291948,-0.414319288720805,-0.514595931349069,-0.563260150297051,-0.617815416542583,-0.616841514921236,-0.609363501154094,-0.579297835414001,-0.500360333111219,-0.412868644283249,-0.302025891475166,-0.175734437603735,-0.0524989135708422,0.0762990150517953,0.198929083793489,0.289862591512372,0.397662240462925,0.462366856443798,0.521161393571656,0.564219847264643,0.570704545153121,0.55077754211096,0.52596132404621,0.466644935139452,0.400375486368352,0.287460544978294,0.188941211781859,0.0801304142636967,-0.0454973451505329,-0.164765371258269,-0.263458182789683,-0.368935094667668,-0.442398858590711,-0.504260867205469,-0.541814285074637,-0.553086934126415,-0.541043746819214,-0.506511378019228,-0.442422772648509,-0.358757241444159,-0.277874837086106,-0.162992491899311,-0.0442674792900877,0.0683072295134429,0.165139852490161,0.252546238153966,0.333771692707876,0.419724387039,0.453167799837418,0.492018683199513,0.513579710425938,0.48975529922992,0.463337269069566,0.412961100844112,0.336950847587749,0.250235830398473,0.164460382071483,0.050112169903021,-0.0467021989978695,-0.143796527418509,-0.236074520325464,-0.316483398307044,-0.390896440968058,-0.433206416962529,-0.466766416914346,-0.473651921603127,-0.474163510173653,-0.438581993400138,-0.383156469190724,-0.30807794476974,-0.230853595786293,-0.141169884371501,-0.0455273874193653,0.0484964507691409,0.13931008352713,0.213694939901685,0.278230767520253,0.343914697367413,0.392351774071394,0.418823206227175,0.428648794735184,0.411980684065366,0.38069422109201,0.341309105326481,0.290541937917305,0.216265902393772,0.145581429756653,0.0410827414157602,-0.036774062203959,-0.121499298291392,-0.198678366413407,-0.271964679163605,-0.32530035580968,-0.36983884421418,-0.398559955352678,-0.403324491325492,-0.397198833863985,-0.377306475406803,-0.316953990617515,-0.259220578243773,-0.199868404162472,-0.118689271424515,-0.027793977332355,0.0480388169487577,0.108945093958926,0.177593652543853,0.235722887532644,0.290434931779335,0.3110585053669,0.347990691611651,0.342698980004487,0.3260871967041,0.32913825770066,0.278307302796986,0.237837485790382,0.182882864338775,0.118207609375834,0.0548295151309864,-0.0249116598866261,-0.0885090556367539,-0.158328818393695,-0.21224567230272,-0.266267166706077,-0.296266219358697,-0.323082510223903,-0.33116961731807,-0.322292692151425,-0.289590162338946,-0.264167168124409,-0.211861821889426,-0.158577414812821,-0.0985265667080986,-0.0181449195517769,0.0319086258989254,0.0999269339207464,0.141023257644585,0.171544641532562,0.208902081743135,0.249700653780905,0.265784726352667,0.270026334791308,0.251176387133879,0.245363437700509,0.214330245099386,0.186575705726447,0.133434915318101,0.0881527328689703,0.0278113659459852,-0.0168941530114197,-0.0760721970614389,-0.118778476312484,-0.157535051998283,-0.202959142980176,-0.226561246156087,-0.228674607873515,-0.242261214817577,-0.241167086374664,-0.219105649963004,-0.188232272485787,-0.154105951726088,-0.10775968909304,-0.0649916113613466,-0.00889390730036097,0.0324195241865134,0.0663989725949634,0.0910344381557307,0.130055689107827,0.158736850364507,0.16771649343419,0.182299277269341,0.176009512753243,0.177029297187026,0.16409409078466,0.148097408350545,0.120232528217681,0.0922238294680482,0.0641118584258537,0.0164461841225808,-0.00747636005482362,-0.0448988714087491,-0.0770923978262393,-0.108151328474681,-0.130569310212841,-0.145116788533231,-0.156319000078941,-0.157244020369628,-0.15318979566205,-0.147522951009026,-0.136536789910851,-0.105394071414195,-0.0710965016266357,-0.0346352725045406,-0.0110127944151698,0.0197333833631778,0.0278253686935237,0.0557923045789844,0.0678521198526609,0.0730883500670831,0.0850480217983563,0.094539536431778,0.0972394254869538,0.0861059960282931,0.0845536699428625,0.0828972901765914,0.0597415186157324,0.0486880604394685,0.0341549218077563,0.0239153895128002,0.00422863410987192,-0.0158227166278818,-0.0303669108131814,-0.0455905696154824,-0.0575622385401117,-0.0683593396452231,-0.0738746310365384,-0.0659376861372136,-0.0621719637461364,-0.0642985111212089,-0.0532423495039056,-0.0446872465920598,-0.0369720976865241,-0.00942096686775825,-0.00316763191942337,0.0067823966851653,0.0180909336354035,0.0136350362336288,0.0198511853939079,0.0141588319011237,0.0168655977058205,0.0152195255144128,0.00857183925297387,0.00100419613451888,0.0107608020604164,0.011926424072784,0.00627670131209735,0.00809288796750309,0.0145528348068652,0.0102013515610013,-0.00526608030035527,0.00212144535532101,0.0129412597010558,0.0158979260793788,0.0150352312222005,0.0112937087500373,0.0128396890495787,0.0165710171830425,0.00996344414797705,0.0133495408149322,0.00506700215798014,0.00489068885909524,0.00727841855272992,0.00581139437756303,0.0134865888101579,0.0140397562934431,0.99383060739931,0.995235787046919,0.941940683517176,0.86018238094097,0.738350696731347,0.576849981792037,0.419577729189262,0.220270788433342,0.0116406364497191,-0.18636027960373,-0.393013748613875,-0.567982278897807,-0.717160607821406,-0.846429935543446,-0.924076806271514,-0.956246293648063,-0.9660587808494,-0.924224153807246,-0.85140161857655,-0.729077750213373,-0.562491057572726,-0.385865809234576,-0.191499026793522,0.0112766514518597,0.21765391723159,0.403111058298418,0.588052575330777,0.739731491012538,0.879565565972051,0.940981439995299,0.984134367791886,0.99905632567881,0.942991790741665,0.866493476233246,0.738074479744795,0.596367182180752,0.404547183016001,0.216339909331191,0.0095143268060751,-0.1987996469503,-0.382685659680603,-0.56569098973211,-0.721540156519727,-0.850841987713022,-0.938317766545709,-0.981793118712884,-0.968106884310282,-0.924186216440447,-0.836898104910643,-0.721396396239481,-0.552358840392444,-0.388714138127515,-0.199289052687825,6.04898108124332e-05,0.21421231470339,0.409889097910823,0.58096084891283,0.74256375128011,0.868432940154955,0.942490232183908,0.985077975769538,0.983340624037659,0.946685478367927,0.86796486200616,0.734804180300106,0.586322432589142,0.417183530455552,0.213887814659175,0.00423868098193677,-0.194225683263423,-0.38843493403621,-0.568901826645277,-0.715101627101318,-0.840194303567066,-0.917156081053691,-0.96323596697234,-0.969548674351183,-0.915282862124375,-0.830977904834809,-0.718889607342186,-0.568043004932902,-0.39177710702459,-0.186309704331091,0.013383178711837,0.209773681655906,0.409296360903313,0.600706937674857,0.743390642216932,0.864331887514913,0.945283584188341,0.992773971644018,0.995077463098767,0.948412033566931,0.869388623229366,0.751202826840662,0.589942583698333,0.403492543607564,0.221593561469449,0.0103668891299369,-0.193418095385361,-0.378980432738704,-0.569462580975807,-0.713314850830521,-0.831535935569976,-0.933560661968402,-0.981278475571735,-0.973077662146133,-0.922733687624551,-0.844159971236844,-0.716767878094032,-0.565123436869102,-0.38395146740525,-0.204598623594991,0.0102691890833118,0.220399979164923,0.41899526736059,0.596220983838332,0.742598512597347,0.869296317593834,0.935495525474004,0.99219888272748,0.998336726380404,0.942307721737667,0.854742160262693,0.731382674154533,0.584072077362395,0.406232765565496,0.220712422767503,0.0146596120659407,-0.190709422173963,-0.392356929070253,-0.568582575108254,-0.721489078530323,-0.838267093641035,-0.925701636615952,-0.964144899420226,-0.965371158685582,-0.928380470989878,-0.84378020179641,-0.72996916761601,-0.559982513759569,-0.391743702619572,-0.200939495295887,0.0129215962756108,0.212074675793285,0.41690141661237,0.592378459717019,0.739320836807518,0.865066122288546,0.946632427818765,0.98682301963041,0.987156004684227,0.950245780632292,0.863586299247829,0.74512394288939,0.594075481342013,0.406474333752197,0.212023471658903,0.0197136786654912,-0.201561077990315,-0.389165677501109,-0.561654433827774,-0.713342567651611,-0.829472339713795,-0.9275320435542,-0.975195195311433,-0.959169024652427,-0.920258075908221,-0.838956269259139,-0.72627430782022,-0.567887863823412,-0.386075759495479,-0.18519847610955,0.0210629717556523,0.214030273280033,0.406646090879613,0.580381281347257,0.740981685727323,0.859126762952743,0.951138762714993,0.983295932537179,0.984445137525192,0.943885512232669,0.864666637775453,0.740005685633799,0.5893270296264,0.400888802960236,0.209341610529242,0.00404983556712384,-0.188331513970166,-0.385712668840119,-0.57234906310723,-0.729470576296864,-0.837954917549316,-0.923557919641776,-0.966381258130003,-0.965755832462209,-0.930637865284015,-0.843604814246975,-0.723764043302343,-0.571509394658303,-0.394350756961121,-0.183259528462752,0.00812112172322463,0.19910177847503,0.416234699856941,0.592253808151476,0.735805444039567,0.865066138329023,0.955405841011385,0.988068727996994,0.994689819410127,0.959826520018424,0.869165406374691,0.748457873005209,0.587758414017556,0.400968524608435,0.216234041495654,0.00842004845096549,-0.197688601868368,-0.391402380415804,-0.5689342609888,-0.721328541962987,-0.84092752660203,-0.927271976601025,-0.973679692695481,-0.965062954231454,-0.915643750493644,-0.841520584398616,-0.717602836163501,-0.576540077409182,-0.390649170674012,-0.19787010731964,0.0102307963793568,0.217110913995139,0.410589235164581,0.580782899583365,0.745640816214532,0.857669451721431,0.937219943606493,0.989061912966234,0.989349997502271,0.950707508772933,0.877251794769421,0.751573038034035,0.585689278769295,0.400872551519803,0.211553153331921,0.0090732529493776,-0.196432618913078,-0.396646368449233,-0.55539812896456,-0.724626229710903,-0.839799495466317,-0.92329643267156,-0.984325046322727,-0.969354029642691,-0.923825426937971,-0.852353141134257,-0.723084989389735,-0.567365280076017,-0.383637212248089,-0.181585855603668,0.0169439883537525,0.210550140097295,0.421753506321431,0.595347658533523,0.743205039663882,0.853281852215725,0.944818272173851,0.985357334637299,1.00059732884131,0.94131976200875,0.850356966142166,0.74415192857916,0.583719693291366,0.41311850409775,0.200819963559806,0.0206320666329889,-0.190133937323028,-0.388335599854521,-0.56438274329324,-0.719363252353746,-0.841717465145856,-0.929440765987478,-0.960319941898595,-0.956353505505442,-0.929669439564892,-0.847797302517766,-0.723732075506417,-0.560973129720489,-0.3888113885547,-0.193151069876404,0.00574813162678345,0.208601616304968,0.412620417037965,0.586739029126366,0.746836554029862,0.859529385975925,0.937230560497374,0.991540269580863,0.978521001181619,0.949732830100081,0.860649575482174,0.736557844266003,0.588127543319454,0.401824409333921,0.204576049969063,0.00994276879908936,-0.201934783640589,-0.380353310711701,-0.567289280789779,-0.712135518660124,-0.84518856886084,-0.911537033218428,-0.978325932673585,-0.961273632947935,-0.925874052464952,-0.840083827211032,-0.724722551698976,-0.560909043040366,-0.381564583651909,-0.200839527932116,0.0216832696690669,0.216789237673658,0.412391738332546,0.587178396394518,0.748849391818377,0.86487121940674,0.950495934104322,0.987727666206614,0.979242829952874,0.945263916692546,0.869592310248201,0.738197458350469,0.582589766590627,0.423846359452532,0.220935047694033,0.0130276306346779,-0.18756772348282,-0.385274560556903,-0.580294805619175,-0.723369215961224,-0.847665984918307,-0.923515583274469,-0.966951395190655,-0.965224953124875,-0.909684469735793,-0.849585959555638,-0.715443549310004,-0.557857629368739,-0.383925324066797,-0.195318532558974,0.00991706801451563,0.221466875671758,0.420514018097962,0.590339622097736,0.74109135176325,0.855397495877113,0.948010146759589,0.982388813174104,0.991064291810292,0.953768464859348,0.858958814374835,0.747874853999569,0.581416449333999,0.409384997265301,0.209631047483892,0.00560489207950018,-0.196491810182645,-0.387789995812899,-0.563119730480397,-0.717152758366004,-0.84272833290181,-0.931967826267277,-0.96238225993701,-0.969152950192006,-0.924887727247805,-0.844168776546843,-0.718640663052915,-0.563273446932853,-0.392165728337679,-0.19716873154735,0.00525636252080379,0.213534304880795,0.40569579188152,0.594256533979334,0.744583395345765,0.864172779055151,0.939312123114043,0.988406459954039,0.986871145185786,0.945656834008004,0.857225669382862,0.727256142438002,0.595922913273037,0.40960958357933,0.218147689496022,-0.00215760793660072,-0.192684160260294,-0.389195258109172,-0.56444454743016,-0.726544011986378,-0.837719852801445,-0.926000210824756,-0.968275502296103,-0.960540898985779,-0.9331325748478,-0.843132554199851,-0.72706044451883,-0.565674241308072,-0.384996305473871,-0.188234385976212,-0.00709036003777693,0.210210485898221,0.403902444751207,0.585022490653374,0.732183592580936,0.857177013576164,0.963113892335042,0.987152689740612,0.990742639513461,0.947657493536088,0.85664526144039,0.739454251800695,0.602661066339935,0.406910954314823,0.217902025338179,0.00921925520150393,-0.199089771451186,-0.388486501277174,-0.563430868939664,-0.723202768675948,-0.841780712704264,-0.922917426096452,-0.975363808126437,-0.976252713111116,-0.918225855736317,-0.842105352368557,-0.719100995442827,-0.562205014182513,-0.387537963081377,-0.198394526866913,0.0154767615177352,0.218250321010603,0.416330138124944,0.58761709590651,0.745774654440121,0.84986471243052,0.948118024851438,0.980253832355265,0.99185286550016,0.953740119344806,0.856151334647155,0.743451890148095,0.57462802997841,0.413016829215687,0.218395736534931,0.00809363691068025,-0.189894545421705,-0.389323301671014,-0.573251794331938,-0.72877748531989,-0.845669480089038,-0.919615493198293,-0.960982858743581,-0.972599841241123,-0.918711650693996,-0.838049479003204,-0.726080920958385,-0.564293029286441,-0.387434715508155,-0.190812166610502,0.0069626881923545,0.210379925562138,0.403224531555273,0.59298579671187,0.748272545806963,0.861015340723143,0.938379070080473,0.992696326365467,0.98846429679439,0.955637768173541,0.858770289302645,0.738379148499667,0.580698079233859,0.416347522629558,0.223405049087411,0.000881065416919647,-0.195053372278817,-0.395539167998513,-0.567763284034655,-0.710450349900736,-0.839018187655208,-0.922102616727468,-0.966129453514001,-0.976184421855447,-0.921647114413252,-0.840955596019903,-0.723181876725395,-0.577396698164602,-0.391763674206798,-0.190914205715961,0.0126860678726251,0.21243478244703,0.408792583873428,0.586236426331133,0.743017009666993,0.860706698789969,0.943985708520993,0.982936980613046,0.983028940391503,0.952337701162916,0.859385714061941,0.734695014596877,0.589086547132677,0.408230289875634,0.21915391634272,0.00821644376971123,-0.190390925805485,-0.401856575397484,-0.564017864780265,-0.713526750186147,-0.829413934047735,-0.917250034395142,-0.966307297752007,-0.961373741976249,-0.936735989574972,-0.857556760097672,-0.712245883356234,-0.564111164978189,-0.382348805274266,-0.189386897892677,-0.00091007654350889,0.215646422527315,0.412059789723689,0.581492539255689,0.737847305948188,0.870901778209635,0.942022682663946,0.99176508367776,0.985522989648409,0.941839187668,0.85248684193089,0.741520158494918,0.591562292272287,0.40753322417714,0.215062255475964,0.0026951251395728,-0.186546785781529,-0.392781934712591,-0.566251430491241,-0.721497483828534,-0.832806629041791,-0.926490197613824,-0.964638381886106,-0.965242345200141,-0.929773254660168,-0.838147594474166,-0.730029489515612,-0.564800552781351,-0.388112571763497,-0.194931547131526,0.00777428518684384,0.217882607729767,0.409402685084415,0.591123495001497,0.747540932543751,0.861637124281778,0.944709925981397,0.98563847158032,0.999734271326287,0.945191204057042,0.871533482352414,0.745942998212677,0.5967071428995,0.405177058976819,0.225047704941152,0.0197745553328963,-0.194919868824322,-0.383912005264219,-0.563507094498313,-0.72479176567204,-0.834408534370373,-0.918964872963235,-0.962496622203713,-0.966179101327643,-0.93193959463629,-0.841885459932625,-0.717932334817976,-0.559277713379585,-0.399418818845548,-0.198905150330187,0.0107437985304884,0.22405961586366,0.414793350819074,0.588724737393237,0.750194747752416,0.859865578862753,0.947096702283795,0.98550397970476,0.997071451572817,0.946613856050992,0.856370707711446,0.73849079150401,0.593183229343963,0.407990143047761,0.213849416675924,0.00960625362405709,-0.191283384529832,-0.406086516658252,-0.570871185887251,-0.716346830523992,-0.83195743771037,-0.920588959735994,-0.967455821633586,-0.97061571743976,-0.929772949460908,-0.837871468809818,-0.721417397566421,-0.568280373201081,-0.393655004410577,-0.195248300517864,0.0156364063565077,0.214216487416863,0.412248242810728,0.577407746718625,0.746889200790265,0.867121207339937,0.942644649377245,0.993875956428914,0.988822516284625,0.941822961859702,0.863345531996439,0.747855271285116,0.583683869259314,0.410952697740632,0.210183128670603,0.00343602010663686,-0.188720394002919,-0.400204471172297,-0.564875066784349,-0.717029991579294,-0.858582604397314,-0.930588058793163,-0.960000602692288,-0.976356217469531,-0.916237819373219,-0.846600537515189,-0.712253384297127,-0.561534868953909,-0.390699190234343,-0.192539939503117,0.0158354444753009,0.22048355240579,0.406684058598929,0.587585812714353,0.736368489993787,0.853360100873831,0.945930823446615,0.986938126979099,0.999112851252124,0.94697511814849,0.856257712870857,0.741217181300641,0.57851566538198,0.423509622369068,0.208670778081405,0.014088164096231,-0.182427875217108,-0.392540299867249,-0.565619476941638,-0.728492578072003,-0.854430783400968,-0.920927924677288,-0.970024307044726,-0.969743936258837,-0.929625843787701,-0.839542526159835,-0.723327838664267,-0.561846681560126,-0.385317468213911,-0.185171722006819,0.00869002925064656,0.21436522665476,0.407124022619441,0.593290309136467,0.744421646890994,0.858681982177721,0.961527265581796,0.980478080943835,0.988558561283065,0.936234347980818,0.861736587648714,0.730367828850687,0.580550145125939,0.410541749821091,0.21248733562234,0.0102424100111086,-0.197138058738006,-0.379954536209365,-0.559127711996491,-0.72650140210922,-0.841663957714732,-0.929393198790721,-0.971430239976692,-0.97223290353559,-0.922307794808093,-0.841834199713292,-0.722554624032942,-0.567928169060141,-0.390829697621387,-0.184696785855828,0.00950245779162437,0.21346448615268,0.410288629934655,0.59906661007825,0.734338272263783,0.851808783342392,0.94149895286208,0.988044268154129,0.993120726261998,0.944336510951218,0.865058357177427,0.746433558009487,0.597441903211114,0.408268633977022,0.213924594542085,0.00967039441582931,-0.186592582668626,-0.393917011195181,-0.567807028106539,-0.730127850167347,-0.848247880672731,-0.918088908894063,-0.966673748508431,-0.967085401956046,-0.926977116487824,-0.850879327842358,-0.710527125199368,-0.563166372385226,-0.380111135732268,-0.189469723879581,0.0135358763961723,0.215527984109067,0.414371528543859,0.58416659181184,0.742497822142982,0.864971528005142,0.947140323474159,0.989245612041695,0.988408922495076,0.944317053174262,0.847443967507935,0.729225077585811,0.592719098609809,0.425430532889105,0.216664636664854,0.0107057807856989,-0.191868642170309,-0.388919815905365,-0.557222715976808,-0.723248307039374,-0.847972142911397,-0.918004391621448,-0.969699675744135,-0.964947487733549,-0.936601287051874,-0.833408346001917,-0.725632542010822,-0.563683907028759,-0.39016346158136,-0.193334500985025,0.0267687647564311,0.21692750393863,0.41611025206673,0.592229995119481,0.738729900008064,0.862807759902158,0.937002500375715,0.992194754703356,0.9764197664615,0.94487895122132,0.861633276816946,0.745573487345562,0.58053396899499,0.403646290372046,0.214922683193465,0.0176912194227805,-0.191471641513404,-0.394689943010522,-0.564142525306569,-0.714988234806782,-0.838390322309155,-0.921477972748109,-0.971393046911026,-0.963469324904259,-0.932450991067499,-0.840376971744323,-0.722965590603162,-0.569374992608453,-0.382640700372876,-0.191242761260195,0.0105784232142197,0.21060020746997,0.403850417502174,0.59617355283227,0.737031419300077,0.865006812660751,0.949206412386757,0.982948208506935,0.988280240461556,0.951877065333168,0.854710527711197,0.748509882930657,0.587345388039344,0.403280913835395,0.213279100286312,0.01605366157447,-0.187711108296047,-0.38188199950958,-0.563029387220989,-0.729560921145456,-0.845532764688703,-0.936500392376556,-0.963096574713828,-0.968670592630531,-0.91914333756589,-0.836113248424203,-0.718652153086436,-0.559730974717882,-0.389781153637463,-0.181570222559597,0.0147077904143473,0.215679911362738,0.404777652035317,0.580488102432597,0.738406620190353,0.858806134670109,0.943374018348352,0.976666211292557,0.992260264457414,0.954363691474255,0.865359230210894,0.740722308426406,0.584779059615421,0.416684763084072,0.218287647223511,0.00888030614828851,-0.202974913719255,-0.382256928434518,-0.576216235296715,-0.722953753343486,-0.834898988362994,-0.925970457002546,-0.961512540764374,-0.969170086953146,-0.915797555639109,-0.833833832356645,-0.726389915412179,-0.567309036939759,-0.396602799828255,-0.191254366698295,0.00341863285027025,0.214806175832814,0.39924270018236,0.589189769024985,0.736896044977738,0.862850106520953,0.945135305620582,0.995562762683783,1.00247960000702,0.945869197735502,0.856421787493579,0.750308253772178,0.594759103302354,0.409456965506637,0.211799875150216,0.00930199407946738,-0.183963479731069,-0.395474258515399,-0.571978269408236,-0.725135440748544,-0.838672266967194,-0.924723002628532,-0.971574119889577,-0.969542948031359,-0.917701877742931,-0.831891066110965,-0.71928908296524,-0.56877627900808,-0.389542532636587,-0.192904108865392,0.0161374782145886,0.226793705912438,0.417259766105714,0.58118162623914,0.745186792148636,0.84918986550241,0.950547741207014,0.992151950480438,0.982621417646104,0.945725550147494,0.870344612478135,0.743854840569358,0.597275334468899,0.408762274654646,0.207707208089957,0.00894622141790848,-0.184947157314882,-0.38552322296972,-0.565046851923912,-0.733323835936871,-0.84564694655431,-0.923553090897505,-0.973982832690514,-0.9670237475849,-0.92138280808179,-0.842864284279539,-0.725245002100723,-0.555833331483196,-0.392717630599424,-0.190974022651019,0.00581207366191702,0.210605838843883,0.417240983852828,0.580470618954409,0.732212023564712,0.84611549545021,0.952875560353631,0.988825851984662,0.994710232739062,0.936557974617064,0.855398954666681,0.750822234997258,0.600397816236518,0.397684935307066,0.216555293387611,0.00791005916640124,-0.189751574540508,-0.37777984355512,-0.568353344919954,-0.730404564506488,-0.843911924750252,-0.922548519448493,-0.968180483454718,-0.974383451794729,-0.913578307490048,-0.833786241994857,-0.724677700279216,-0.570525282927337,-0.395608906958259,-0.195462042333568,0.00986326843229723,0.212812836777269,0.427031852891943,0.581333747895043,0.745029282544905,0.863862965776004,0.942632052807192,0.982774444125116,0.99536851098135,0.94630274617175,0.857098739799465,0.739950670088516,0.593654031869205,0.419571654112237,0.226553459943932,0.0228102027253546,-0.203438943301349,-0.386554778948266,-0.561231818690403,-0.728452478722438,-0.833552675631198,-0.926191080032452,-0.96358073145063,-0.96977164277534,-0.927035077716074,-0.83491194893591,-0.72507209593154,-0.572422626705026,-0.386900365873663,-0.196046652337815,0.0130312961130745,0.219623789039424,0.418033494522667,0.592507029088634,0.741774742355822,0.863380494361091,0.941762562966571,0.989788657033121,0.979847578101231,0.938180037916002,0.855451578832452,0.740741824732891,0.578867240203114,0.413507796701453,0.217124025796005,0.00791310862154453,-0.18848213060546,-0.377167716399346,-0.553761625386045,-0.721050937737092,-0.841914622143786,-0.925097192329011,-0.974103355286932,-0.96440234657225,-0.914431469312065,-0.832345291595043,-0.726319042334939,-0.564235937276017,-0.396343967099077,-0.192268963905259,0.0152071531280712,0.220843790322415,0.398180477540565,0.58904535678285,0.750443452285848,0.853465146750506,0.939266402861187,0.988585799888878,0.989505510003735,0.936040287817174,0.862174103757928,0.730961770830411,0.596604206511428,0.408518983353302,0.209236947120592,0.0106037950776139,-0.195126174192874,-0.387733352289521,-0.570008192170864,-0.732117061340826,-0.829395777995318,-0.928584837000529,-0.963791444403984,-0.964647691428443,-0.930743783126193,-0.827970096860189,-0.719471034955797,-0.574913301663661,-0.390849474527145,-0.199904537236456,0.0129850603144702,0.215431463374928,0.407985841182253,0.59247320281995,0.749430758585156,0.859373312603614,0.947475234800403,0.997876344550959,0.986723362095902,0.93543546485611,0.858793454179449,0.73854938940364,0.590182442107027,0.414261561604146,0.215110980436071,0.00424389346208488,-0.185966673888478,-0.397706210195187,-0.574395940696892,-0.719130696601273,-0.825359243408537,-0.924014273567343,-0.971722466196436,-0.964839962550713,-0.922439187684597,-0.835717314091555,-0.704538459236018,-0.572528294521639,-0.398320398005445,-0.189657267902094,0.00554762255562179,0.215117071439547,0.426248342192185,0.589418066561117,0.742772917656274,0.86306211525298,0.942560857189265,0.986339027426142,0.992873904672485,0.947787204279103,0.869136330334441,0.73580751534637,0.576400669336759,0.416318910869747,0.214495046615004,0.0131556782759761,-0.194359877646185,-0.388499092400186,-0.559582738735997,-0.714668764599116,-0.834493613432401,-0.925008275436945,-0.977375398191872,-0.976582997629539,-0.927197302259878,-0.832990628208359,-0.727596324912326,-0.576730233858005,-0.385558572516594,-0.204376384968497,0.00465114753244838,0.221755801072867,0.408826370371874,0.589171192079446,0.74351867487374,0.853496724066935,0.944842764026139,0.990095101253286,-0.961819811223115,0.0164452659237554,0.124882835492018,0.319658842117874,0.500656498284321,0.664989328679719,0.797641084023057,0.906758979020921,0.978372549032788,0.985338169112706,0.974362475378181,0.906845156039688,0.805467281091636,0.668591110127328,0.509285014919236,0.311444860694093,0.115605858050109,-0.0923275492754326,-0.302935924977254,-0.490368065811015,-0.641696597226101,-0.793860464263013,-0.882942220641576,-0.947951298914978,-0.973047150619338,-0.942099462188532,-0.889329801140647,-0.780804235362949,-0.65535164385437,-0.478809461629236,-0.290730287060917,-0.0905759359954461,0.11705456494076,0.317152446212253,0.494065189583819,0.665774301706405,0.796181900517528,0.910219492191956,0.957726181216358,0.986567288496951,0.959010408244137,0.909846258075373,0.804242602323277,0.656626338332908,0.503721032909373,0.304415233841351,0.102818520906206,-0.0958727934462318,-0.295106255299974,-0.472844231142229,-0.645282328409897,-0.788159578587122,-0.88562612613327,-0.950908383885644,-0.960634523947059,-0.947354306389593,-0.88154525777677,-0.784334632618378,-0.642140010993444,-0.477292716261463,-0.282111161280015,-0.103634149343015,0.106643725209167,0.304300089132398,0.491407137210145,0.661813455062007,0.804182991351211,0.903965303164916,0.948256922786202,0.978861466157286,0.957562013009087,0.898075004380426,0.795383598233284,0.652251765735622,0.493009806464439,0.314364120130211,0.107996422051678,-0.103503098051077,-0.282223201917646,-0.475668603512849,-0.635375711198792,-0.776702844594533,-0.87248994499626,-0.93399886988674,-0.96438527132566,-0.936436042178816,-0.873346475171758,-0.772794989368934,-0.637523756612475,-0.476732598985098,-0.28406954258179,-0.0898020097984907,0.101493408895603,0.30364690447819,0.486004466994237,0.65102763070278,0.780130763535566,0.879257058716338,0.941602906154675,0.966521072145419,0.943943268735376,0.883953075408274,0.783011242493543,0.637468990590171,0.485854460203155,0.313278172552885,0.121296875699004,-0.0851103222542671,-0.274286952214068,-0.465359299336246,-0.619275499457837,-0.754972687502051,-0.84462633335043,-0.917149988867243,-0.9431686689079,-0.912487742515702,-0.865003354498949,-0.757007821008235,-0.626218122831769,-0.473883043219028,-0.281370589568502,-0.0856411438806558,0.0930567709935077,0.30361839978915,0.474449279090582,0.63407722872184,0.760335366774835,0.8528733398375,0.921478281895651,0.93340843245572,0.916000273004308,0.855306939842131,0.753090684822696,0.630165469402974,0.474908480362482,0.298765476203346,0.110591114932863,-0.0870932692754984,-0.259321084906096,-0.462695446389153,-0.615485993111343,-0.743280178135267,-0.842183903105736,-0.89469285610012,-0.915826327679772,-0.895342418134746,-0.832489739355699,-0.737625959075544,-0.612936890092083,-0.444952685601228,-0.270528477131124,-0.0857166886873144,0.103549284935542,0.295147398522945,0.454157009834343,0.594068240396231,0.730421098009505,0.83563958838027,0.875578545378051,0.896524924092168,0.883526189271051,0.819506666975397,0.727010049442285,0.602978886385214,0.461175253850685,0.285649658948142,0.108382642888685,-0.0784144080319514,-0.266861570571783,-0.429466788506703,-0.584825796902165,-0.703986132434479,-0.814047378538855,-0.856778327828624,-0.880301200211245,-0.856528012577371,-0.801284381475131,-0.711110307616638,-0.587390860206644,-0.442089312288057,-0.267097703468934,-0.0802767014508068,0.102911048726128,0.283222912860518,0.43091008193082,0.583806651393297,0.703521084064199,0.792655455144209,0.836349994886988,0.863402808205816,0.849862046372532,0.792678612364423,0.694501527085338,0.575594167417397,0.449436300332418,0.274454001664673,0.0980436203725696,-0.0763804676567102,-0.240349886580729,-0.407257925756601,-0.558083864297739,-0.684971808036283,-0.773307693459632,-0.812747624275574,-0.84815968710902,-0.823455988863679,-0.764848590077465,-0.674062350881735,-0.562549849656083,-0.416156450187376,-0.244757571450801,-0.0785119293252845,0.0827598848530879,0.274414615917637,0.410026594312204,0.544478495475693,0.655633830416012,0.752893717442444,0.794890466146582,0.823504584500571,0.807923523328712,0.745999966127674,0.65425120102231,0.558521976496593,0.411207926320088,0.265368635702267,0.0992748322533222,-0.0678565457678361,-0.240245320058523,-0.386076905083539,-0.532222295640331,-0.644871817963288,-0.731588697408827,-0.776800356396259,-0.798351690639344,-0.779354289827272,-0.728228657840979,-0.634216553113867,-0.534951547598972,-0.385724181182267,-0.244381256556535,-0.0649264234952247,0.0958532265165836,0.248641834812181,0.382849622453799,0.520683169600564,0.621670048771846,0.686309239997344,0.741293558208616,0.773283896696209,0.741153499945079,0.697786811530004,0.61959007657691,0.503194055954444,0.38376088404856,0.248592955363778,0.0786547564123479,-0.0608562174801502,-0.222364249879128,-0.367749094398544,-0.501733322934206,-0.588959135314035,-0.684548472414967,-0.72926888558353,-0.74176849114701,-0.722180066845243,-0.685867046392967,-0.608733561120214,-0.492195761304796,-0.375472331810862,-0.217991459080717,-0.0748415360312591,0.0753493950512125,0.216288295156356,0.353664930341206,0.470124247076775,0.576676865866388,0.639661615757321,0.695187427158934,0.718909136350116,0.694676914406576,0.647655133577107,0.563269268044054,0.47525466796791,0.355166035272856,0.22397435028666,0.0837671760214423,-0.0603036017064627,-0.210235469423213,-0.336170720275512,-0.460390047549402,-0.556118009748558,-0.630761284556672,-0.663861061495964,-0.683914316116961,-0.673747865595745,-0.620298487870789,-0.55036976219258,-0.457872611032703,-0.348592506306451,-0.210097313772179,-0.0680837615838125,0.0738124608410515,0.204015657587635,0.323649783272027,0.433863339913146,0.515762791525591,0.592465089478864,0.641006727952746,0.637430567447489,0.625707813461753,0.58700324348395,0.52234347899193,0.429129243266921,0.327924861387051,0.207627734207323,0.0684611201835363,-0.0432310772469904,-0.179523411610449,-0.310663336798358,-0.421496820208217,-0.502121233497037,-0.572983677610988,-0.609351967979355,-0.620659569314754,-0.606433712814168,-0.571402695984171,-0.494019021038981,-0.410355234279889,-0.310141499877023,-0.192435730724574,-0.0583120355051108,0.0709941381646713,0.17789965771121,0.292912037464152,0.384745593845164,0.456517947477922,0.524103356395986,0.552382906745861,0.578753660517054,0.570901730781654,0.53387960424333,0.471300775352268,0.40003289286922,0.298367150444854,0.187546422141306,0.0758649796136194,-0.0449929718384371,-0.153523257805489,-0.267536953437323,-0.377217116258119,-0.450166592409814,-0.50526951009922,-0.546482899512135,-0.56003760515676,-0.546102781799128,-0.501430287525304,-0.45419233701756,-0.36713544355696,-0.270443539646229,-0.147697487525025,-0.0430419821993157,0.0594171476579317,0.152055289720606,0.250733580658232,0.333387368652719,0.417396677018939,0.465089908786218,0.489901744340951,0.499169898411633,0.502823835912616,0.453601899520755,0.410744185679604,0.342660343831638,0.250865755165995,0.159495527498512,0.0488838533302432,-0.0394548907305586,-0.151880916640069,-0.232542930133429,-0.32430685134149,-0.385169780009279,-0.435226842010093,-0.464925686575291,-0.479366587841415,-0.476754444590966,-0.449661253432835,-0.390358418688617,-0.320179408395498,-0.232830604573789,-0.135632669103212,-0.0347740871796408,0.0491226893824452,0.143373795696477,0.215988315280561,0.281224179547755,0.337695552302849,0.397172547530602,0.414538919611663,0.423523649269052,0.425982134154375,0.392128593668592,0.358484754555351,0.292106972412699,0.218850696424531,0.141393727055224,0.0606313148445432,-0.0330375728223584,-0.11190607744326,-0.201582010915816,-0.266291980602231,-0.33042949471123,-0.371923976759077,-0.396037657155339,-0.408486304374306,-0.400787593383697,-0.369233381523867,-0.334879154383478,-0.267898355466368,-0.193514247006814,-0.116871193785201,-0.0426425174933854,0.0472227540915729,0.113505537237955,0.17806619490121,0.241022093236687,0.272380291198981,0.31909404346313,0.345216093906061,0.342488354028355,0.33773237222312,0.320398419682716,0.288444800387854,0.224476779331969,0.185008110599755,0.114896671721335,0.0350893186483463,-0.0202599857199775,-0.0800643933472009,-0.154774075551991,-0.217577138751784,-0.255724495223737,-0.293097661392023,-0.322209686535928,-0.335247208933738,-0.318488351481916,-0.291908761370351,-0.253204875989987,-0.207814477604509,-0.161141488445819,-0.0909705690966359,-0.0262193414474063,0.0424402952996384,0.0839039685264023,0.142075078717826,0.186274376762087,0.219141651849295,0.253664597631413,0.256911337601699,0.269117980104335,0.261482900306049,0.238415286240045,0.208771712231561,0.192784803449979,0.139741458380411,0.0977525650635444,0.0271552580440825,-0.0109428556788225,-0.0721075223778493,-0.112208912241114,-0.147924989070337,-0.19589415413239,-0.21704260773176,-0.239296102647304,-0.248776548503806,-0.237451134872973,-0.220940208460665,-0.210044209065831,-0.157203091944131,-0.110413977331239,-0.0666750233640155,-0.0173289249834586,0.028075267307483,0.0745077913611747,0.0820268830516748,0.117120898475071,0.155082214031661,0.173507950194941,0.173536239987011,0.184304877351346,0.17467482194307,0.17354538116574,0.157511315816302,0.132453019155577,0.0978388560690639,0.0694721866415142,0.0293734348938228,0.00188954809203259,-0.0371218423030795,-0.0758107359650354,-0.109119531756675,-0.123386678047263,-0.151288334701797,-0.154689170119572,-0.167166376412969,-0.16299293827533,-0.133785640147232,-0.131296696408944,-0.110340487926726,-0.0830924821938298,-0.0358828789216655,0.00261158285024887,0.0142742438435398,0.0452543718779275,0.0530201468326055,0.0705571409348044,0.0742753710082675,0.0876750363105226,0.100721039089597,0.0974539847818303,0.0949786541340003,0.0946496247352107,0.0870635785167393,0.0679618342819504,0.0536783483388848,0.0404739163056098,0.0210836970644289,0.00354893872406936,-0.00520336274259835,-0.0338205058308826,-0.0469324667668732,-0.0554948485239564,-0.0727848406924988,-0.0783730691240816,-0.0665368161302448,-0.0788043360370524,-0.0552524953868591,-0.0671082637229472,-0.0557679471163924,-0.0170346867289976,-0.00366027523952874,0.00399637640805898,0.0117523672838516,0.00539136521545583,0.0039554408132328,0.0138929555229701,0.00564012766125071,0.00535480212955124,0.0117912710702595,0.0209899083032265,-0.0108094350825826,0.00910103368868321,0.00654666867738508,0.00731724643093341,0.0128386490068777,0.0191600456805725,0.00352996775234069,0.0138455151927385,0.0209356284465395,0.00738442664713992,0.0124584405425125,0.0148760254715661,0.028924245936124,0.0146983124555409,0.0146886334843839,0.0128170955921276,0.015835439573905,0.0156286288170306,0.0153080010087358,0.0211239784693775,0.00365747572431705,0.0114568856677816,0.00648749194399611,-0.0232004648397084,-0.0363067580404444,-0.0488937257797959,-0.0588602494704531,-0.0725647137833297,-0.0682824210179456,-0.0744610464340833,-0.0710407270659962,-0.0716203785097414,-0.0612614047039198,-0.0400155242721599,-0.0333925040932433,-0.00764450903874396,0.00460744317574686,0.0326846719835943,0.0280961342904586,0.0406186543025668,0.0566618049599639,0.0757664065086295,0.0840614446224387,0.0966641455993876,0.0976168010472916,0.0964532711268438,0.0937670442821707,0.0658516907681516,0.06940504583308,0.0580709216751944,0.0340651948666782,0.0158112913793141,-0.00943726929491925,-0.0455395619522267,-0.0814440684958388,-0.0988110606415908,-0.141335073127989,-0.150686244244248,-0.151887339007819,-0.152905108494831,-0.149785336449442,-0.141740620468716,-0.118223631443168,-0.115384951126048,-0.073814802631613,-0.0478720241590418,-0.00757267330352286,0.0288325055848652,0.0558759266513305,0.0916924918318668,0.12034196527645,0.146536605661623,0.163025339396728,0.176463734099937,0.179757361375248,0.164248497307841,0.159542046927012,0.152066941961362,0.116510393924521,0.100686183995432,0.0607907744345,0.031549393660639,-0.0199645729668545,-0.0678369253280276,-0.114908192517512,-0.157677428553522,-0.191364161471769,-0.221730114248864,-0.232080441857169,-0.25724001531761,-0.224753849127339,-0.231084599607585,-0.210814065822156,-0.167872001620959,-0.11848472999753,-0.0674829568509252,-0.0154639922577278,0.0353728839422561,0.0829933897335075,0.135454805717001,0.180161399311923,0.220297627430388,0.24802204706809,0.253778838465384,0.264979479349418,0.251203400540388,0.240675583119194,0.217875535428183,0.169438162690793,0.130812879839534,0.0835354431399174,0.0381282807247555,-0.0262822170999626,-0.0918773303786102,-0.155052692322812,-0.217453742093364,-0.259322926888915,-0.285041249666747,-0.326774320977214,-0.333692576882201,-0.318508875841836,-0.296126894913035,-0.258729276326257,-0.219707749307156,-0.153639207301833,-0.0930061659383779,-0.0264749908600596,0.0494096872084236,0.106043716751112,0.174659809505485,0.233848469935961,0.282085273832592,0.320471407886971,0.342477973444547,0.339118971661038,0.334927037384379,0.31714715004497,0.276549202222683,0.233932451869651,0.173535858373142,0.122515758750899,0.0439681933972685,-0.0432148452834023,-0.104169878114755,-0.188971792888951,-0.276067435527825,-0.323907280352751,-0.370535152089547,-0.395344524383246,-0.403326814778457,-0.39054682102588,-0.362632546493145,-0.326724874582808,-0.266062130349154,-0.193223184803367,-0.117492924740451,-0.0291779264116718,0.0510899471838175,0.127989573139905,0.219333277310668,0.2960172802777,0.351385366207664,0.379744313929553,0.411225003114139,0.42562492897615,0.412322525052643,0.396774421829532,0.342524834225166,0.291696995787824,0.224546613388456,0.130247121712942,0.0593377871945402,-0.0376418390172508,-0.143111745269708,-0.242574042555227,-0.316848742641046,-0.386001313330293,-0.432916766308886,-0.473824672078484,-0.481425658372065,-0.468273598629559,-0.432585222787176,-0.391424213963516,-0.313508234770747,-0.234071639595852,-0.145275799059796,-0.0428641677587979,0.0616405491036311,0.151089934965182,0.254625989322872,0.342491225313411,0.408779969064412,0.465143574554794,0.498104198191641,0.505404995098875,0.490817977417402,0.458962149920766,0.413580471777098,0.331280001192516,0.257690621077306,0.165426186259245,0.063502131946483,-0.0498368787041326,-0.171999297363897,-0.280573381832443,-0.364213833781588,-0.448355783845797,-0.502566583747621,-0.543597932020274,-0.552860348110858,-0.538670079746725,-0.496767721827917,-0.451381855742686,-0.371517457233617,-0.270995896657631,-0.170268415199121,-0.0540270698250196,0.0767720843097939,0.184900105991034,0.302969967745127,0.38409485512962,0.473541615622892,0.526947317681134,0.567120996170895,0.569448322325952,0.570017757132891,0.529184942665523,0.467178603615161,0.389702858388685,0.281558544378817,0.179277542368271,0.0602414037760921,-0.0594469487219096,-0.180953913106864,-0.308925962105075,-0.400671663309179,-0.492112812061508,-0.5683591984215,-0.596128071804934,-0.62123241170835,-0.605690470729594,-0.571510146477126,-0.505117610349063,-0.411824429485521,-0.301393217664795,-0.182045354025825,-0.0569262271200429,0.0746041099497013,0.198971122492483,0.319962496389413,0.429402886175744,0.517537568048062,0.589883308101528,0.633685865141782,0.642137323636041,0.642802219962545,0.586836813529315,0.520262411943687,0.432633228828544,0.322326768727644,0.213924949677969,0.0597675942220437,-0.0560279944090062,-0.202907764778954,-0.326108473178923,-0.463271362763472,-0.555340844621826,-0.619895976693365,-0.665159620356725,-0.686123847640287,-0.664730791842839,-0.617151753643025,-0.554898963673566,-0.450325196199098,-0.326731392241398,-0.209270530878511,-0.0595151735979752,0.090284551971924,0.216215287914814,0.353905547352076,0.479498678896381,0.573549681129181,0.642668643047202,0.691828180366726,0.714762162512088,0.68816208215644,0.631865693057921,0.56469041524155,0.475585860491639,0.353591584824875,0.213269365074065,0.0816748071012915,-0.060197806932128,-0.212865394048294,-0.361568424263795,-0.497525302630202,-0.601809939362537,-0.679027720477393,-0.732911393561368,-0.746424572207296,-0.726699132197076,-0.67899622544102,-0.590143809552549,-0.499885377549574,-0.351839836979385,-0.221695229595282,-0.0770749761677916,0.092743780366969,0.252167671920789,0.389136581137575,0.500839140280474,0.625265827726063,0.696078670617427,0.752197024169367,0.771451857403866,0.749938150565542,0.698649465523665,0.62629702624382,0.50944344969602,0.385256234229413,0.241889502468947,0.0891820202873175,-0.074564076086976,-0.23660559231655,-0.389100475685771,-0.526078797720264,-0.634601284944816,-0.721847798940302,-0.779524891510867,-0.800256597347698,-0.775371236961583,-0.723832149109012,-0.636109322144463,-0.528082305116066,-0.380299825049165,-0.225068659342588,-0.0733888865651705,0.0930129439358961,0.259234666114881,0.409282320538576,0.552034426292607,0.655345718973055,0.757273191789278,0.805804177183959,0.816205998903873,0.800373727893478,0.757704182452272,0.666799883465897,0.547051682071697,0.407776673393374,0.267810916161497,0.0924103001291329,-0.078285279609363,-0.256777596467746,-0.425227018098997,-0.559727682351616,-0.669870086603871,-0.761847767940386,-0.815188822290165,-0.835408713580154,-0.826941466614542,-0.779890309178216,-0.68338926709822,-0.571005409021391,-0.410052164663283,-0.252594802841417,-0.0755517406660693,0.0936949379786311,0.274582647071846,0.439826373319838,0.573245126985629,0.691361929076418,0.786587555856448,0.83775139222021,0.861019674426322,0.841860512490227,0.791461754721841,0.699860490296525,0.580099088510558,0.433076729046354,0.278344974142903,0.103007802798205,-0.0928295277410468,-0.271542777123197,-0.432924559543889,-0.579620363603155,-0.702886598089893,-0.82334937076136,-0.86410230958143,-0.879909650179073,-0.871302642412041,-0.808779375107238,-0.707657061709267,-0.576331487620013,-0.43079037136268,-0.259149075412587,-0.0881599279968262,0.100853680741483,0.286916419525711,0.457725081489422,0.600889872807155,0.737993313791422,0.828576757547064,0.872121889616201,0.897337194961957,0.878618772338329,0.819435567232788,0.734190969984687,0.605507339657018,0.444898239677281,0.291879953892948,0.120624543557933,-0.0868806688264056,-0.285785302536532,-0.455683831381429,-0.595121641616351,-0.738419969739325,-0.83196859822281,-0.893422133160648,-0.918084297987361,-0.893030186838896,-0.836918481629321,-0.735234434982792,-0.616209838922423,-0.450366225070249,-0.271992415236001,-0.0930706537775021,0.107288988760734,0.290759286239992,0.470518948271709,0.640717561413369,0.752617621441338,0.862657768136497,0.920920791882068,0.926600298859257,0.906996769918292,0.851778849590863,0.758321304154585,0.632663361481159,0.47490191739418,0.282081996596193,0.105859936375753,-0.096465947866343,-0.28785787329595,-0.468567298316584,-0.632657483964927,-0.748129000988378,-0.859586484822726,-0.914955511853314,-0.943402182387215,-0.924463012838103,-0.862298422470292,-0.7582693527344,-0.621100706265167,-0.466988455381646,-0.285417715166216,-0.0960057125957621,0.103340340617532,0.311036880171411,0.476685550223571,0.639305977339668,0.76979576931396,0.871514601285826,0.945613854361464,0.947901519396492,0.936280844925419,0.878672153240175,0.768730527628129,0.646724972849776,0.482562528980237,0.303166884853052,0.1047362305322,-0.0813553126917818,-0.288243999431918,-0.472706882957174,-0.629696270310343,-0.772399488390563,-0.874400968304857,-0.931143677599499,-0.951658850314944,-0.938398666334752,-0.867850498285204,-0.768110623547797,-0.64579219757444,-0.461402740490748,-0.281605090974676,-0.0872249880891536,0.107293136895121,0.297562993979754,0.491289559809853,0.650252757492,0.791204714317423,0.900703047097747,0.959123263380513,0.97760014349879,0.950956119653568,0.881589709796824,0.791840956569528,0.654251875401749,0.48962612696005,0.309284904423597,0.112754963866161,-0.085562062342427,-0.290417746424613,-0.482540715031192,-0.647102948410392,-0.777843822940507,-0.878489232929777,-0.945892509296885,-0.967184019662702,-0.943969507868238,-0.885950140168259,-0.778891271511208,-0.633287446098692,-0.468456762197869,-0.29137896754454,-0.0876988345383056,0.111674781013299,0.313770522316282,0.503697715611551,0.664709367551236,0.797901092465234,0.901221512626439,0.965429204465847,1.00258586570739,0.97109231362776,0.914677431744246,0.795399952507773,0.664897867848515,0.498391594863183,0.313157129641996,0.105470184097908,-0.107396859128095,-0.290282150680712,-0.47755180450981,-0.642810238421595,-0.784537825391718,-0.89267844215452,-0.957942326121007,-0.971475689419628,-0.94888156284943,-0.886656532812686,-0.787787106269688,-0.639441138633701,-0.466645611530952,-0.295371442610638,-0.0886987317209054,0.119746020848251,0.312150113837588,0.510482270069214,0.673387551176598,0.805096209472993,0.906964567037434,0.977232467244978,1.00091159980203,0.979337964304564,0.908220473397677,0.801884043012138,0.66171364977309,0.500237946887963,0.316048851543133,0.105074736063384,0.022781843532142
0.121871043389071,0.220771578077152,0.407928189252209,0.589579208170309,0.730935552033389,0.860899215197063,0.95758909323025,1.0287159740623,1.03228102125378,1.00155450055643,0.964643826808206,0.869974799439611,0.7460265837379,0.585334700402901,0.404842514902162,0.210577897710418,0.0357497034004846,-0.161102335680297,-0.329482499715263,-0.491404903277897,-0.610600163193282,-0.713964645516068,-0.77060069147332,-0.787509320215772,-0.758584931001532,-0.71883001978615,-0.617624616517693,-0.490816913393177,-0.338078865488623,-0.160938792812655,0.0296736880301345,0.205531595249036,0.400307263608928,0.582020643418643,0.730841314989259,0.860779281844851,0.95189148906405,1.00779286535716,1.03475856228543,1.01023402861157,0.957778626560665,0.857811466708069,0.714275452879922,0.571024931983835,0.410239502381435,0.211085232348086,0.0305567496639531,-0.159569432813735,-0.31592672849395,-0.486238565632076,-0.612447768382843,-0.708343158412774,-0.76673984680536,-0.790051863159483,-0.75892720790472,-0.706387603936251,-0.615502161672986,-0.49508082950454,-0.321945842545073,-0.147709023852968,0.0310036138285466,0.218181355083554,0.388102487976958,0.57210642500665,0.721989666800628,0.849839597301833,0.956785094315124,1.00058472794531,1.02614426271502,1.0040496236887,0.934647294730061,0.84057001519001,0.71968977048435,0.578988627940463,0.406748653390687,0.213484029333473,0.0261333604953278,-0.172414181951702,-0.332890070584281,-0.478836130890694,-0.61050206407322,-0.69679867418764,-0.754036243317922,-0.770515750716225,-0.760602484265993,-0.698415958810821,-0.598267891177423,-0.480050200518098,-0.329704406920594,-0.148673088526275,0.0164376567661126,0.211283576651692,0.392962262804743,0.567967988786525,0.719515003493821,0.845125288280501,0.927513004372607,0.980032857276587,0.996804455988341,0.977665310264227,0.922569232595538,0.831444056073372,0.710347453977959,0.550860616202074,0.39045843023631,0.208733311043128,0.0235427183381363,-0.15827194481956,-0.32147524544404,-0.457292509753741,-0.585332448566254,-0.68208099197621,-0.74468189539798,-0.751251629976669,-0.740782513914082,-0.678225312513578,-0.585320761788095,-0.473126142456373,-0.325651216198485,-0.143945726244441,0.0271777369108087,0.216848033682586,0.385536873085512,0.550923017908067,0.692897693811831,0.818444210623733,0.897557547110088,0.954357316257734,0.965784587910007,0.958086753880693,0.896871305290215,0.810275408357993,0.691627751200741,0.547160192948797,0.365652068506268,0.221862879813115,0.0329126054904618,-0.142392725575833,-0.299997906731093,-0.445214541945131,-0.565829228445733,-0.65071520458386,-0.714203694376356,-0.735657844819074,-0.711989038193961,-0.658186578143528,-0.558534837387273,-0.448107640316043,-0.303822308956888,-0.128311904960919,0.0387433637596248,0.203737458823628,0.370217928283624,0.525537311147144,0.665066214248964,0.782573701254535,0.874519810606952,0.939736525539973,0.944421881045497,0.925384838867362,0.866352047857756,0.781291979093181,0.672064503570699,0.531475882839495,0.374816648971097,0.201893540584452,0.0360011103929124,-0.125861369090809,-0.28123466631174,-0.419627075255458,-0.529675642707045,-0.641716595865537,-0.692749044980221,-0.704090389824282,-0.680276412918466,-0.62936747962189,-0.545207653172811,-0.421203970875813,-0.290532912382801,-0.130159083624996,0.0337136027168808,0.203140896284629,0.360319979188565,0.502074846581595,0.651660424092255,0.747834969123489,0.827368467149582,0.885145066342858,0.913759701459382,0.884024247070479,0.831465195612744,0.748377620037035,0.657902921507807,0.517506100394941,0.36379026995874,0.205474178094542,0.0368325583623525,-0.123290008193874,-0.26959656304896,-0.395622964205011,-0.509725276841252,-0.584793380320546,-0.641820602383492,-0.65980992394276,-0.647122170974669,-0.601760726370295,-0.516750611855571,-0.405313282696884,-0.252948839867372,-0.12130497630046,0.0377641125480399,0.197793663319821,0.352489800919753,0.484936329786553,0.602395398308263,0.72037138261413,0.804544273048616,0.844342039179581,0.859625583612563,0.83716304865838,0.79612165146819,0.716063603235294,0.617892179176083,0.499887580846798,0.353999367033999,0.196772687781521,0.0521556015990378,-0.104038774223531,-0.252986399802593,-0.374867553051893,-0.482534306731064,-0.53890689577805,-0.593811561520484,-0.618956492426699,-0.591973155815936,-0.551639590229537,-0.474416929002246,-0.372551008251726,-0.241988353959766,-0.104823294916902,0.0435399974955957,0.188329811724701,0.344528247157317,0.45717596105757,0.572902188506971,0.683171286535486,0.743140420969209,0.802833664865151,0.796301474313905,0.791341299663383,0.751698360691787,0.670664384788367,0.590979760246292,0.464045033549054,0.335822696936844,0.19186601644832,0.0519711930007203,-0.0799973070650067,-0.22177177563129,-0.340909961479662,-0.420503453793886,-0.502685723120949,-0.539092341582305,-0.564833797076481,-0.541027254437781,-0.506605254997579,-0.435059973197645,-0.338476534575096,-0.224031869195064,-0.0842250003690985,0.0543611038451322,0.190941100660549,0.304968413321472,0.453340485969006,0.544208454902446,0.631870010108655,0.696627210677481,0.738362754914721,0.749307260370201,0.747967694537685,0.689806501995769,0.639778810026115,0.54912560002583,0.442366898337254,0.318303260843407,0.188910842514457,0.0509486711090813,-0.0838917458973614,-0.189390288924097,-0.285263614238318,-0.386915573843461,-0.448838840936481,-0.49556178855555,-0.514848695529257,-0.502026714362925,-0.450230890090945,-0.393658761974235,-0.300221518667042,-0.194366268409946,-0.0800412815403528,0.047306938001933,0.165525655101545,0.295015651381702,0.406775357159207,0.505704073454734,0.58088336963036,0.633478514676973,0.685637821219923,0.703431788884172,0.68149706987791,0.644295066624328,0.57790203296684,0.504906957075604,0.403492222839701,0.303028490779331,0.18488429118926,0.0589883795341857,-0.0599240499716337,-0.164839378644787,-0.261084249084782,-0.340245883759498,-0.398929950609815,-0.44083085548333,-0.456744993866945,-0.444875717071735,-0.406307626097371,-0.34107620674537,-0.257647830851159,-0.160435198749116,-0.0515762592947023,0.060586082501973,0.178718013720444,0.281734923262909,0.374552554310941,0.468726714411328,0.515572587017599,0.585968080021924,0.618353124072785,0.626570895555717,0.619974649935284,0.595873481574608,0.533240755963862,0.460964861481253,0.38218437071477,0.273427644387018,0.176695937822859,0.0753619508984388,-0.0303847564897864,-0.135176725894023,-0.210322461906444,-0.284950108783765,-0.33769300535956,-0.376355110641509,-0.382569106775569,-0.36983444111817,-0.340192467891726,-0.296153186353458,-0.214613886826622,-0.125488565631241,-0.02512670038206,0.069940300942553,0.16476645415592,0.258462866108875,0.347337035524604,0.425345764704837,0.478815447129643,0.524202353773843,0.545861352300315,0.565360318102121,0.54512795952769,0.514208547360715,0.469143882681514,0.411496713886132,0.340908529764837,0.256449712082206,0.169651607431294,0.0855493149194359,-0.0197854089819058,-0.0983223003700762,-0.170319209091371,-0.237230240833372,-0.280891292986685,-0.296924907673445,-0.315427540920479,-0.311498335668975,-0.284560141696006,-0.226354136016284,-0.167665284108985,-0.0871574210910179,-0.0126537150040873,0.0795779547527783,0.162746007277987,0.224404569009224,0.309392104816197,0.368711361730356,0.419181792011069,0.453772586925703,0.484388774817694,0.484473805375364,0.469486897834193,0.455538029952825,0.419973652341508,0.362118860764959,0.298617632578672,0.235658516285339,0.164526576069043,0.0814451101661827,-0.00161405825294323,-0.0527162672054489,-0.118222632207057,-0.174453675916998,-0.202724868443621,-0.235402193685596,-0.254902009471265,-0.234148962584374,-0.214603239271852,-0.177620201346663,-0.123117667294495,-0.0660611466989796,0.00440334709781866,0.0876986259769158,0.14876136318318,0.20845453724832,0.255325483908369,0.320064565021731,0.358444116129009,0.377748706907918,0.402034483424909,0.41769524263104,0.417179395485837,0.389065079321184,0.362583029529633,0.320195876407618,0.262289408827867,0.209651623831008,0.144929512818926,0.09408379743832,0.0273486784798799,-0.0234519423667712,-0.0699760657286668,-0.116973129256185,-0.148990319352937,-0.157118636130973,-0.163901313827674,-0.161230246201776,-0.149574876958432,-0.118652379208431,-0.0674767553931216,-0.027349236675606,0.0365016590479607,0.104205727388598,0.151191476454995,0.184099850684344,0.225417994643293,0.265728249899702,0.293178010343578,0.315866898843972,0.333005486124668,0.334706609637194,0.334439765153484,0.312107165538513,0.299276505539733,0.256812479492943,0.225994271073222,0.195728140022396,0.150200396314143,0.0995406364998148,0.0595299445779161,0.0159406016728219,-0.0217622866338012,-0.0611759805378993,-0.0814440719317521,-0.0953591028960233,-0.0955548052852436,-0.100782441139312,-0.069240594932817,-0.0442573471730972,-0.0263130030902932,0.0175585169896585,0.0521411968990131,0.100524197457798,0.134704738463783,0.167642538632721,0.190658690362836,0.21704597772993,0.238579943350437,0.247793985189037,0.258145526879878,0.253135465496034,0.252790148190717,0.241858867213526,0.229976248045081,0.210726946276208,0.189914925166137,0.153788098531035,0.141823277223504,0.108885916169278,0.0762934013578057,0.0646276095763306,0.0282496378132279,0.00281921044886076,0.00427172330557703,-0.00892241018176895,-0.0208745606170503,-0.0118821948112115,-0.00595330523059778,0.00721670379324079,0.0268513961054021,0.0564927536608972,0.0795338081909238,0.109327996587771,0.120476241979601,0.139304504612259,0.139303366998568,0.158296853746811,0.17419770118305,0.176354054521194,0.171811811106359,0.169731207513499,0.176039505550046,0.185725497384108,0.165795224644431,0.158833926462288,0.150425623625107,0.128277201840738,0.133393082898386,0.116692520647634,0.106558730205174,0.0825553257664797,0.0942217008049958,0.0712474862100257,0.0708582992270911,0.0691426932922977,0.0666527063278143,0.0620368102519246,0.078555606292611,0.0779054495804709,0.087873066864554,0.10359149917138,0.105487368734004,0.120192964606963,0.126482850827651,0.113403533281906,0.10488991541499,0.103271742170895,0.106163587967435,0.109478427628347,0.101959704538177,0.099197908359906,0.10571245754764,0.108326793576628,0.106858015176826,0.110329014614212,0.119570182273021,0.116572053286354,0.115730654192288,0.128519030326443,0.129859642720447,0.121664970044155,0.145067811348224,0.136110942748794,0.142907825789729,0.139536541204453,0.146723924565933,0.142300205960932,0.140032209396421,0.131446756315953,0.13007697140601,0.133015078615663,0.130057930236178,0.121179141054919,0.101145606505067,0.09499268312675,0.0710937121430145,0.055554953317882,0.0336115561170942,0.0367716301214474,0.021795846337381,0.0226287533463565,0.0272429201221888,0.0366976140739089,0.0377268311328759,0.0586916271584087,0.0802865575191675,0.0872977604876497,0.102544325427952,0.124530346299134,0.148037123746579,0.174182162187716,0.19395594330298,0.213008133186933,0.205436457315778,0.215496051061621,0.22104331249538,0.222662826775943,0.21900233348494,0.207628676329789,0.190494020776911,0.160072479491687,0.150270446023018,0.131140663350956,0.108776900242134,0.0687968674750025,0.0269457521226044,0.00958271286756264,-0.0296028193632781,-0.0458627853262278,-0.0554265688264421,-0.061394343756116,-0.043904406495214,-0.0384114208706552,-0.0237111167792823,0.0104336577302457,0.0317069144868007,0.0664912198303624,0.106445043611633,0.14060458978992,0.179518890452428,0.218083681363974,0.232668808837122,0.264197655822947,0.277872755702582,0.299906114238671,0.307120746755063,0.312179719767455,0.278805704291222,0.257860312745113,0.238320683826177,0.210335334347956,0.186690016894373,0.144020585733293,0.0923464990853139,0.0445424539571561,-0.00747545229995843,-0.052688661529012,-0.0780924160846007,-0.1085783442915,-0.116714931294302,-0.145022443732847,-0.123427468943085,-0.110739054130602,-0.0923599551286368,-0.050574240099786,-0.0141537896447821,0.0432299862180131,0.0977674325671211,0.137401653442274,0.207669295064215,0.256732895464542,0.295571187149996,0.336486680439406,0.348939263867561,0.380268077622951,0.380787863600667,0.374026068734345,0.35746642604451,0.33646253699313,0.295142193810607,0.253127167728703,0.200353904239932,0.155069601807526,0.0855129160274942,0.0310038174831434,-0.0347616627762518,-0.10134281778545,-0.1456713697439,-0.18425821091546,-0.207605057835867,-0.208022725024872,-0.206429191012569,-0.172451758667365,-0.151339372762134,-0.0977181900691566,-0.0528773629492012,0.024727340019586,0.0833658728416429,0.167997580442646,0.222913552283375,0.280504028649555,0.349989083676458,0.385474141967108,0.423945646605359,0.4462783203468,0.452530101512009,0.459190782603974,0.42165964303651,0.401259168789325,0.341273832691639,0.290397352542502,0.228686020233399,0.159317124153029,0.0852578565772379,0.0038496676384886,-0.0829297668261962,-0.152905357544759,-0.204333173711736,-0.249408949888085,-0.272327674809701,-0.280243656684017,-0.276342222566398,-0.247914172925703,-0.213104285364086,-0.149860731220104,-0.0738542965522993,0.00178308308595135,0.0770571454604716,0.158936309784712,0.2422854509429,0.329679358610858,0.395511953635888,0.455111818129532,0.49827102124305,0.522470155647189,0.532760103488422,0.522246167962752,0.489252775711339,0.445471366636313,0.398560413137773,0.334547800171948,0.243722842513329,0.164926630828765,0.0712143476852926,-0.0160058571129812,-0.111492293367823,-0.199340450455999,-0.263983060100213,-0.311401803327475,-0.346816130567784,-0.346789937673189,-0.339638071220832,-0.313802780415903,-0.260456336636545,-0.204242265574499,-0.102794497935888,-0.0089794311626785,0.0637394887277369,0.172541225348619,0.264518528270748,0.363084712894427,0.442134913427571,0.507666021005359,0.557338978137662,0.58895153706755,0.600942402660833,0.598447512591856,0.557065748953099,0.505617050478787,0.439118991989985,0.353775231879187,0.27358372639456,0.166097650302621,0.0632987657807517,-0.0474273850732672,-0.134897291771409,-0.23555763606438,-0.318427841122261,-0.37163494667416,-0.412829598875063,-0.419103757559347,-0.405035506471931,-0.37790406950356,-0.319754495488982,-0.233133914183083,-0.143447694266093,-0.0460646600280827,0.0586619885099041,0.174166477216622,0.29425110961114,0.400207172178576,0.482550152827883,0.553130738846939,0.610168839218922,0.636742670466293,0.653869411306826,0.644808543939679,0.610932838368492,0.559628395056547,0.485577962801113,0.400277790219972,0.300355545841179,0.1767638500789,0.0656725298574723,-0.0658493682745898,-0.185647859316138,-0.287026476910709,-0.368030047665508,-0.431770082064056,-0.470736729067049,-0.482539883014535,-0.463254917708236,-0.41572039082755,-0.370415935180988,-0.293845300127294,-0.172085042609743,-0.0662391994750944,0.0682438827983403,0.180689928767172,0.303795943575178,0.422785731454812,0.510148267233107,0.609684396179413,0.673059140191446,0.719064561879275,0.739714065821385,0.715794885188056,0.664849449785199,0.607087311184467,0.519992059362531,0.425877679512732,0.313786222043205,0.182110301701858,0.0480734774449476,-0.0854286580135745,-0.217475219043403,-0.310389648705697,-0.415769420481342,-0.484226993084669,-0.526893938407557,-0.536682201075297,-0.530263555598075,-0.479499022237855,-0.416140791343622,-0.315344846036737,-0.207450864088726,-0.0889503799600728,0.0430877612647885,0.195974658665202,0.331897558849496,0.454405420433918,0.560682694497146,0.656340430021725,0.723912008570943,0.762983686399107,0.78514575620849,0.771980947444455,0.725892587121561,0.656250159902763,0.571999103277224,0.453584981773165,0.328574355319055,0.196636991670835,0.0432007768820401,-0.101845949033444,-0.236333061430415,-0.356204230528536,-0.460477746760249,-0.538961992362263,-0.571054024402829,-0.589267625383944,-0.589623830214337,-0.522458021929378,-0.459051473673692,-0.357002646482026,-0.229017043358901,-0.097933154657556,0.0404962708420235,0.203091329381965,0.329279440125227,0.477498112201528,0.598753109292805,0.681032098294343,0.775556924781592,0.81957524201785,0.837344774356934,0.82253796196225,0.76660147769599,0.699447226671923,0.608691087210853,0.475161879058953,0.337206244272007,0.183387976831881,0.0374108276292796,-0.113750079590193,-0.257091150782048,-0.375784718561425,-0.4911243030888,-0.573366316114044,-0.626092574045804,-0.632130520118211,-0.63154655687856,-0.585787584055566,-0.494640270834008,-0.378544369267142,-0.248080210392395,-0.106116328666866,0.0416347757205266,0.201590090937191,0.360293112002623,0.495704764289096,0.625851005849709,0.747921211272138,0.80881856721379,0.862419112018276,0.892612233241269,0.862862337946443,0.818014880509783,0.739350253330768,0.629303126706179,0.509559815228373,0.355074719106301,0.194309870520625,0.0546578135167458,-0.125334983365909,-0.270702200555542,-0.411267164924713,-0.535790017694238,-0.615186840855395,-0.660014599176566,-0.684559092755949,-0.656953386927748,-0.621714868363776,-0.528937258333523,-0.42199999515279,-0.283271200663197,-0.132901593742414,0.0437662260571753,0.201654916921638,0.367211430884882,0.507707637284651,0.649708125367992,0.777920874696314,0.855795590778935,0.891232497521332,0.926161703804645,0.908534963039433,0.859515855421135,0.772126336607269,0.659573470428515,0.535381470413988,0.36046879286777,0.210570823497954,0.0294253566082968,-0.129204473722065,-0.295271239074105,-0.43850221590485,-0.556217648043068,-0.640103528800007,-0.69948351101637,-0.704671563609655,-0.699463165051743,-0.645291797037712,-0.557388084741224,-0.441329790104529,-0.294729478604179,-0.132690097239534,0.0283317378361709,0.213685018621429,0.374266682267025,0.546405289429856,0.678828315064644,0.805774628900762,0.888036546652049,0.947018772528635,0.955786535932265,0.9478016281199,0.882406621141904,0.797506831502282,0.688204316347387,0.533912009408358,0.380740733240039,0.211048185790031,0.0244210864307677,-0.151301586640479,-0.316771636383623,-0.456829216615997,-0.584030602703364,-0.673575362301066,-0.728195312068871,-0.742760822311167,-0.728449188888064,-0.676169240030971,-0.576775406181792,-0.459171346831123,-0.307135659713387,-0.14221205637253,0.0316977258441904,0.219172036134407,0.397518604631882,0.55984595924343,0.705439252549852,0.821952580804371,0.910240912655602,0.956878447463477,0.987669142935056,0.973038188640864,0.916772869761549,0.81841308667561,0.706972623654135,0.5502445237212,0.397172866122331,0.21315060028753,0.0327548917517153,-0.156607021131114,-0.324168545107525,-0.474868083853451,-0.600255288439111,-0.681713895185002,-0.746910953397427,-0.763474505560815,-0.744996607746455,-0.692678915627165,-0.588020623271483,-0.473691085668558,-0.317859579153275,-0.142740469891206,0.0310683743744793,0.218178775613499,0.399299174406524,0.567042114741241,0.718109487754105,0.840193081956587,0.932234929799645,0.992017218999473,1.01209164474134,1.00022221755879,0.936819622052823,0.83997148021714,0.722353053918118,0.567898910289498,0.397076871605583,0.226960816497321,0.0163574562367291,-0.15507938807418,-0.322259564789453,-0.485899679899258,-0.612374865341358,-0.695689443956885,-0.768487913114174,-0.779619532644351,-0.772078115356815,-0.691188557661089,-0.606923230550651,-0.482169216034716,-0.329755111822691,-0.157481347695971,0.0345687202688401,0.223655305754901,0.400019079077742,0.568504884488438,0.729222524001504,0.860882085045718,0.947044538352064,1.01640787745269,1.02555012500878,1.01402757041567,0.945099838671608,0.857863450696937,0.736178489552447,0.575771725510585,0.398329538260245,0.222420011147145,0.0384962311867266,-0.162799513069908,-0.331586429401695,-0.475417476043187,-0.615765819525442,-0.71373519092185,-0.767033280311906,-0.789342887587943,-0.764389378599635,-0.707678355566698,-0.62829113441983,-0.478604728005322,-0.337937039749987,-0.161845054402649,0.0200195480107103,0.221940845169317,0.414439175573666,0.573336097295939,0.741619968870525,0.865855007657339,0.9566929124006,1.01464035538377,1.0332950145207,1.01868816056321,0.956542003653795,0.859420366855501,0.729774069936347,0.575850316308853,0.394543220320902,0.227483347456242,0.0255637444580126,-0.160473431541143,-0.336418631611072,-0.480375787615243,-0.622449479040909,-0.723214729612689,-0.775891031469553,-0.795737533896612,-0.779595130524134,-0.725722099736899,-0.609751884644141,-0.484535445155422,-0.347971195112011,-0.15421356733911,0.0289949839962208,0.211345956753049,0.402607931661374,0.572839673107438,0.73014075167932,0.852148664847613,0.963348907467537,1.01415230380409,1.02979599536883,1.01994962678043,0.957288449271855,0.859242061506227,0.728795241795126,0.578359454720354,0.389121483795135,0.22441916008116,0.113433282329077,0.0944085537501956,0.109028674910418,0.09805278433491,0.0983535691012377,0.120050237701876,0.103684875633324,0.115886127278322,0.109738401519084,0.128877886035519,0.124013525648579,0.13010934598602,0.127304020268245,0.139819919836032,0.135977687422521,0.146104335271483,0.152699068402816,0.139557561211771,0.143283114276825,0.136827402028623,0.135045379800787,0.132684149440547,0.136981991354422,0.131080123289146,0.121319181668531,0.12097032237216,0.126223774524203,0.114822103039288,0.106202943074411,0.0958258843455142,0.104253698844037,0.0991911810517115,0.10464764491315,0.110566276842698,0.142590193731213,0.164996735053235,0.183467797374085,0.179577755433224,0.196742233957629,0.200335527180565,0.197484671638525,0.201282809588231,0.190250253078439,0.195182755255171,0.186368423033776,0.159265608928726,0.15521111153903,0.132974839557072,0.122260116148708,0.0887178977185942,0.0764755858115638,0.0661364380827759,0.0539871762857547,0.0559206786373508,0.0377621662324291,0.0324824164808709,0.0415747142508302,0.0492912633092385,0.0459815205903146,0.0672702109828276,0.0694460524315271,0.0880171754118158,0.119165902629664,0.146117223780699,0.189182875473124,0.218423394755851,0.23935310418937,0.257242508446108,0.275542547106744,0.280689692143883,0.279232866309838,0.273717528552856,0.260702969338125,0.245186836752466,0.222663651265315,0.192872796018687,0.156643491616609,0.135577433961035,0.0901127816292023,0.0480880457295326,0.0395942516794048,0.00866856505964832,-0.0220619764872388,-0.0360525672615287,-0.0428408886253817,-0.0374606077297857,-0.0390401317396564,-0.012646718633547,0.0135806956675536,0.0102548005533745,0.0514282282353712,0.0852234721687623,0.130525175317579,0.186254656909608,0.20826972795195,0.263783425393464,0.306304837172618,0.32097325200785,0.345730747401286,0.3642220910328,0.358542103167126,0.351502775007469,0.328405358079817,0.301688580578581,0.261240213947407,0.207304127869345,0.163655168575335,0.11736153847136,0.053692343043223,0.0225018946100709,-0.0187846198355557,-0.0593665174455809,-0.0874059920218005,-0.0925973766822905,-0.118001606460059,-0.111680790503106,-0.106963957326534,-0.078918367613986,-0.0576560187339617,-0.0159262603795698,0.0327136208017772,0.080967383206316,0.133914066712449,0.189672068011447,0.260826023675789,0.312197604202829,0.359720289442675,0.407891016108388,0.428108109349834,0.447351536739189,0.429110373703338,0.423382484722496,0.372488756729708,0.337349534142916,0.298275817988725,0.242211035504125,0.166266545634423,0.0988969983465385,0.0483708199496713,-0.0105095754757207,-0.0640171701800867,-0.118944984801497,-0.143520079075969,-0.180613323884638,-0.193618793764053,-0.175317618379242,-0.170158690062713,-0.134833929129319,-0.111055662137005,-0.0552775217333511,-0.00459062974779586,0.0662750805374042,0.151288988857304,0.214263113715114,0.303167883860402,0.362006254216576,0.425588405938355,0.462456708475895,0.494644099330177,0.505976390328605,0.50311555181066,0.488387127905233,0.440371558950749,0.388089622666035,0.328146509263967,0.255897158126072,0.18943017546689,0.10146135899031,0.0314946418284056,-0.0488496455635084,-0.119111250227592,-0.170071965802518,-0.231897386637254,-0.243801715375837,-0.270759295585624,-0.25804093927377,-0.237934021185407,-0.200699774598653,-0.153933546334366,-0.094536881272799,-0.0163882943805572,0.0593405707270569,0.148591260204523,0.245334037197543,0.323116240201221,0.423726693023112,0.472728496744023,0.541582950802031,0.564203600246451,0.584867332626414,0.571975266169089,0.552566697361902,0.509768063279146,0.448570420067207,0.364278828570371,0.294322709334031,0.19989769475791,0.0905005865711622,-0.00540210190434421,-0.0808041517811606,-0.172758105887997,-0.235062148619848,-0.290091978834999,-0.320892347868672,-0.33108127294436,-0.331353092934022,-0.305286213154475,-0.26144170777146,-0.197787939734242,-0.123804809718663,-0.0319808084357521,0.0488524447113811,0.153722008158119,0.265145191205231,0.36331729883822,0.459185907630839,0.530359652827853,0.583606095526889,0.630357739119319,0.653545975049426,0.630640435506787,0.606561058956961,0.545763682415734,0.484739673279147,0.398696142027137,0.296234490342041,0.203066922764026,0.0889929724590526,-0.0251547412116018,-0.13042256839206,-0.21876227251625,-0.276194635476823,-0.351296831350299,-0.389203699493893,-0.402103127148707,-0.39884957718795,-0.359201892840801,-0.320527959414372,-0.24689181275761,-0.148685094918503,-0.0629391903284015,0.0497334089178184,0.15356077354101,0.276931336130639,0.391838136854943,0.502139090073566,0.594122629992739,0.655000056789725,0.692875772202515,0.704682206900533,0.701326663240298,0.666460557691256,0.611832919203828,0.527615977337614,0.436622913968644,0.318456694803058,0.205134448890225,0.0795797234940703,-0.0504850944563499,-0.154420675235247,-0.237181398508108,-0.338696928306231,-0.406541439832777,-0.451331411819047,-0.462779610397969,-0.461535347086814,-0.41416640559982,-0.375048042941524,-0.291681164198695,-0.187539742843277,-0.0823626572678526,0.0397160018744068,0.168878592248355,0.294176119593568,0.431662431154205,0.548056208378664,0.630837851616366,0.696953117417639,0.761418176798701,0.769993902377438,0.761233683173653,0.724032554588293,0.656087483690195,0.570975351992755,0.460150475321119,0.347398467252596,0.210693217671165,0.0736482156162186,-0.0481640198896045,-0.184544766203456,-0.290923275814598,-0.395271196890616,-0.459110659808724,-0.511975588903925,-0.520983822368239,-0.526154523437168,-0.471335181839084,-0.413133739562527,-0.320804713633732,-0.21617537908023,-0.095914822565454,0.0368619140395553,0.180244684799526,0.318888930643642,0.450004150374385,0.574787950442475,0.674271220758886,0.753433501602355,0.801843798396017,0.818240697519823,0.816480289384711,0.77253933436994,0.699771852788821,0.61188238001721,0.487793511856841,0.355209860515795,0.21608044498306,0.0776781322919533,-0.0755534136375067,-0.203797824141202,-0.333265024808416,-0.440990206074075,-0.501825391895148,-0.566078212835668,-0.579329277446188,-0.570464061843824,-0.5285346569717,-0.454852703501953,-0.36292091789502,-0.24701444348108,-0.11049958137448,0.028969211194163,0.185197926556652,0.324615031049267,0.475649558486088,0.603922361379358,0.706192725748788,0.801446425311462,0.849495190163629,0.861819735729878,0.849509230783813,0.815211361874701,0.737922680228992,0.639828881022322,0.523198133358259,0.370601166890836,0.216826084824897,0.0725496542247644,-0.0820280044062611,-0.226334051418787,-0.366721121777422,-0.462299979982325,-0.553219063345028,-0.60742541446004,-0.620028256847489,-0.608701954902327,-0.583355164402225,-0.495803422066984,-0.398361198151595,-0.271967326778454,-0.124774505172076,0.0262960919128907,0.187599610465685,0.345612988044392,0.496838375293742,0.638356721815805,0.759935422812435,0.846388941831146,0.88529702875415,0.912296955893402,0.900718519809488,0.857030072397082,0.772505471994803,0.668082774603241,0.545441586124003,0.372788222279465,0.235209969409436,0.062490931486547,-0.0990022549333189,-0.268369575602774,-0.392359725075728,-0.501814642236337,-0.587036348848196,-0.642375045941969,-0.668332427101195,-0.662894010967092,-0.600312118285978,-0.533255140537744,-0.422240969779287,-0.285252978448284,-0.133541135418684,0.0159826352617898,0.192773877203025,0.35562257413198,0.530202250730283,0.659346570546288,0.774364810753665,0.874100937656497,0.926495126333439,0.942643086841405,0.953304561049295,0.881636295915027,0.807904435903917,0.688219576187856,0.566052851087008,0.403472605312777,0.229589854243555,0.0632411681267653,-0.110394143300825,-0.268209217495852,-0.404258218109531,-0.531231004296061,-0.632497275295261,-0.682368661774429,-0.717133841800909,-0.694254361214063,-0.631922934866039,-0.567151173929432,-0.441562925337442,-0.315130086103716,-0.154283646895783,0.0114549727637214,0.196454499107572,0.371523408530466,0.53092734330211,0.686377797992096,0.809013041389466,0.900605839205842,0.947115616592345,0.983935083750403,0.961120197015567,0.916986118106879,0.84477278756551,0.718842471915938,0.571320326742833,0.415161140864674,0.231393934026254,0.0594835964801023,-0.124887794901427,-0.287092026868946,-0.431929851015907,-0.563213756196555,-0.66003042512388,-0.713518652553077,-0.74021989119503,-0.722729836399705,-0.675547339555934,-0.593276872814026,-0.457241743141568,-0.316480803227036,-0.164345552654303,0.00197463391749108,0.195308373617862,0.377057641030136,0.541090038083849,0.699479866782705,0.815698915977159,0.926842063843996,0.981022922168869,1.01177273174401,0.992657067315166,0.937639262000219,0.845649623389887,0.734295730948951,0.584986172917026,0.425888929604515,0.233141575125057,0.0502828245375329,-0.125283963571817,-0.299629891090147,-0.439594211228478,-0.583974755873837,-0.677038234737963,-0.749483499845812,-0.769746775908454,-0.756409551871897,-0.695176781654005,-0.619146375908369,-0.482608830450997,-0.349356327445342,-0.169227172900018,0.00937857448598327,0.193895230286588,0.382722184764207,0.555200280377559,0.723896292779479,0.844564235802853,0.940214953491022,0.989177921061814,1.01851225145079,1.0123753515814,0.95837314698916,0.851215337078334,0.741323162509812,0.60229455963393,0.411110649128395,0.241893320135532,0.0490328764663636,-0.145789043886103,-0.305670487035832,-0.458486227149801,-0.591551689448794,-0.685839739074582,-0.739846620439148,-0.782713872403975,-0.752446541390129,-0.69990897360679,-0.618377158708258,-0.494659947917908,-0.333755423064867,-0.168462664069662,0.0064196154554575,0.189939166963333,0.381125716091705,0.561125682918813,0.717895586626854,0.840423656940562,0.955392565575382,1.01032889482936,1.03397933409134,1.01324335202149,0.964719755078505,0.874277328762181,0.744873692502051,0.589471075933483,0.428377462452747,0.23975055603507,0.0488163868832194,-0.141994511206668,-0.317974332599326,-0.474901883956776,-0.605009786933411,-0.689604597411835,-0.768282473121976,-0.778744936880226,-0.78477441221831,-0.725163605762263,-0.619983755089755,-0.507764392496549,-0.361215741419226,-0.174680012244411,-0.000635718038827436,0.195306018357049,0.390503853685187,0.568859860167525,0.71516379232417,0.846384085081875,0.940973983075226,1.01591705719443,1.03738271923334,1.01502418930949,0.959929268747959,0.866579253910157,0.744919842047109,0.601554881738613,0.414465314635147,0.242789481196227,0.0529443221454738,-0.141618508124609,-0.327384173630051,-0.477489023870809,-0.613912116563096,-0.707642978137697,-0.767548876929581,-0.794437653691927,-0.777630627589448,-0.731099446634346,-0.626890878003934,-0.506854255063218,-0.352748992654854,-0.176940340419373,0.00397528783985818,0.203854898655887,0.38482882011838,0.568140572492152,0.71906179900353,0.846420336037166,0.941606596815264,1.00351974893999,1.02550384761373,1.01575228627306,0.966480679228972,0.872307955379024,0.744769613642946,0.591768836827243,0.415449102231307,0.243546757800158,0.0482789559918025,-0.143115639225552,-0.318488069329746,-0.469318956418732,-0.59728653757227,-0.711807071570545,-0.757608542234551,-0.790135683641778,-0.776096247506747,-0.713051854177508,-0.63486168560725,-0.502445204250717,-0.349065755920862,-0.180464095183043,0.0102895402609853,0.201052666207286,0.38991559670902,0.547331034837992,0.709794893848595,0.825957909939057,0.938503896392106,1.00176878108324,1.0174031448065,1.00958583949531,0.964447207363068,0.856405208255825,0.729780826919679,0.594610908847908,0.413231147617019,0.250988251310562,0.0553526869642419,-0.129084918764329,-0.315077286026962,-0.459529642628626,-0.596246191880417,-0.691608134222775,-0.750243061116689,-0.774326442795582,-0.755924809502345,-0.705179296044724,-0.617355969638435,-0.502181123131153,-0.34271780776021,-0.176428386130004,0.00196252885425334,0.194027810079469,0.375716551872876,0.534397983683439,0.702815822982026,0.81494148365408,0.928649785797232,0.985723838651314,1.0068678985012,0.980451907810358,0.935021814696812,0.855331589131625,0.737198352438192,0.575933229356627,0.424280130916215,0.244207649411271,0.0465989896134403,-0.133170352153195,-0.308547639933057,-0.449503628778533,-0.585814107065343,-0.675736486277659,-0.731963383641805,-0.761430058660509,-0.747079149835178,-0.691954769437614,-0.602416893643994,-0.482228018154925,-0.334962217688018,-0.172909842129633,0.0111087270097268,0.188691277841503,0.37363294636405,0.535530448277531,0.680985906362119,0.797718974523303,0.90408547872204,0.958752520172718,0.988813157419007,0.966405862993026,0.921738333369821,0.829325072067286,0.707308798600809,0.561961922597545,0.410540477103421,0.234411563123284,0.0545597063231671,-0.130116002691283,-0.280547750480322,-0.427223970771513,-0.555130845770366,-0.645293389731716,-0.722975603926572,-0.733100043250413,-0.710028275493235,-0.662116374664238,-0.58171550915068,-0.458395852378219,-0.324281432589808,-0.162734043967184,0.00415914171042175,0.187066045193992,0.364683990439937,0.513649775743021,0.669263241011286,0.781420585369513,0.870869501174218,0.929065139819937,0.962134814737361,0.946567208239555,0.886972693941709,0.802341327816292,0.692521004518746,0.556213996276389,0.406331669742571,0.231504604437475,0.05130516593573,-0.0981407129076804,-0.27042761869565,-0.419660481678079,-0.539620895380667,-0.628948322605161,-0.680085816449782,-0.6990512696774,-0.698099883453348,-0.63817510044501,-0.564925016269454,-0.451136838175073,-0.308942401191898,-0.146449995422654,0.00971494368064842,0.186924525030866,0.34672506747492,0.503991454122387,0.630853715995291,0.755221989509028,0.829408377184116,0.89982959483931,0.912460382047118,0.908128493604514,0.860305485655735,0.773775904935333,0.664890599899924,0.535935250133094,0.37678857371445,0.230403165418987,0.0586347315288967,-0.099751826894639,-0.25454520087143,-0.392161272954322,-0.510371071314725,-0.587223748463249,-0.635700058959185,-0.678577556671694,-0.658429716572585,-0.60682514693359,-0.531040243839129,-0.428138312826575,-0.291444833728959,-0.148910859544833,0.009080997530822,0.180628951432586,0.343263503340053,0.483968685344226,0.610086683920733,0.72615492148486,0.798816230034286,0.849951763510664,0.871607240573105,0.854307199495478,0.819574737236823,0.746874074012592,0.640878459742713,0.513986138050448,0.366976826373271,0.218793107434274,0.0633024885205333,-0.0870117204376333,-0.230357865482994,-0.35529774822733,-0.469146136439882,-0.553830539236318,-0.607859913307956,-0.629558042066651,-0.621083709112952,-0.569592192537141,-0.494368571549645,-0.396444928388027,-0.280844687367357,-0.130356724339449,0.0215948613864678,0.173985042825644,0.322909875781854,0.45539551979626,0.572881335442069,0.677653328382316,0.758053084210211,0.799013072358257,0.820239274256343,0.814809066974572,0.7722246802438,0.695282583633961,0.609914520852602,0.500329662535614,0.365304993706761,0.217231730187503,0.0646923988536979,-0.0626183030474889,-0.208564609586886,-0.337198782950685,-0.438052191528094,-0.503388520743301,-0.563353697961756,-0.577279893872363,-0.567032570818186,-0.534750076006067,-0.459146782774876,-0.358649768924222,-0.244907263086422,-0.12180105495853,0.0131429560194448,0.183300742271385,0.304784737207625,0.419842520393488,0.538298417392889,0.631960000365557,0.7085827714616,0.742066398451759,0.769887322068098,0.765071699641018,0.715874463402745,0.660976926323211,0.562779701290757,0.466515319822479,0.33912930795332,0.209215890312092,0.0725603194170048,-0.0537183973422576,-0.186004541711462,-0.291417534303358,-0.388473859949196,-0.453987066296512,-0.507882064706732,-0.519809256185236,-0.509069245147045,-0.480595123311458,-0.416741066476595,-0.335010015925758,-0.220217498957732,-0.104153061669201,0.0393953640805442,0.158163955607608,0.284548066432615,0.395986000295022,0.509922319713762,0.590533298803888,0.654750068270848,0.687329130055321,0.723544701246886,0.69753720398316,0.66233158211646,0.607522861909604,0.531520213613587,0.430484336187217,0.318025452798777,0.211453941228577,0.080787866119293,-0.0342120411855875,-0.162683345624805,-0.258337678529653,-0.341841247773205,-0.407432951434015,-0.442414153679812,-0.463799622269719,-0.452889517697962,-0.419402237619801,-0.366092828106798,-0.290398023256287,-0.19035592906049,-0.0703789962831768,0.0409497109223421,0.157819957387916,0.266583212225977,0.365933091820588,0.455839752157159,0.543576295155399,0.584293678939113,0.635152945115936,0.64496820374733,0.645970717442809,0.610133181040939,0.564152191568899,0.492502306824696,0.405438869204183,0.297609168537475,0.199603447269061,0.0873790622029065,-0.0205998516429988,-0.128279974642414,-0.207003602121077,-0.295514043533188,-0.344526760398249,-0.382813293755815,-0.393403243504586,-0.387010462232064,-0.368158892272553,-0.309114980968467,-0.246383192413477,-0.158012472275309,-0.0569200119999493,0.0430364627740252,0.147035154861894,0.236319729601526,0.333792587729083,0.405182406373074,0.48129315968248,0.528033738802074,0.558868561958362,0.5841009174989,0.580601773728245,0.554222839633791,0.507513136973984,0.4438657728248,0.369205787996862,0.270287298021228,0.192408024303309,0.105631808498884,-0.00308747827620919,-0.0830989245086921,-0.167535095809431,-0.230170168751142,-0.290649328560386,-0.319118708554145,-0.335820097149683,-0.333674516482706,-0.315467442225581,-0.262659375830615,-0.200668977285778,-0.127656266143042,-0.0367759813151543,0.0575770265331919,0.152771731061019,0.223159750839424,0.286870078344153,0.361488230794334,0.409797252465277,0.467860536662249,0.495318054670545,0.510246581141085,0.498187900215132,0.482255033720772,0.439701885615958,0.407211938199447,0.333426220103776,0.259931623042981,0.181706258492009,0.0938127867091712,0.0219627399202806,-0.0472529177733488,-0.127694926093211,-0.17872068662874,-0.219377137155638,-0.244223578101218,-0.264028297081724,-0.264170282516604,-0.235172666892095,-0.197437207658841,-0.148711643894836,-0.0884904590957988,-0.013483100331616,0.0689861198473048,0.142401076379729,0.183117237813535,0.255706793751617,0.314454880973013,0.360382040520018,0.396065259371218,0.425864522266542,0.420278276050391,0.430873459288551,0.413731615975204,0.383958305485815,0.345398563423291,0.292306082014216,0.237795209478398,0.177322250423002,0.10766273254157,0.0404175556715816,-0.0180313270290908,-0.0730038554221087,-0.121527313750926,-0.154920458419842,-0.1836673841949,-0.181490664112333,-0.183971265208544,-0.176770266330697,-0.13835301339639,-0.102039762888524,-0.0489721051931371,0.00686190641946979,0.0744930561038805,0.130692179337108,0.178636764332122,0.220756085855486,0.261285624005104,0.285553241643677,0.338270618468347,0.340718176474399,0.356067245815153,0.356038361211276,0.345358157145461,0.326219341922954,0.29737211691004,0.262362505949397,0.22250605348133,0.15585796222061,0.12389553642495,0.0769331469993693,0.0335149254126413,-0.0194794418001694,-0.0563587437509953,-0.093578529114198,-0.104751147130302,-0.117648994770161,-0.112130653058461,-0.0975247130645394,-0.0844450523873024,-0.0462625054157244,-0.00500105734003973,0.0181935270486242,0.0683301337865437,0.117613453488321,0.151424003228941,0.189669652501375,0.208046478637068,0.233954924144607,0.262659263785628,0.27176081841091,0.278232060713507,0.283069606361961,0.286616969285086,0.282111419481652,0.241668355785533,0.218923202738332,0.194335429001124,0.172588495731424,0.116055829624681,0.0930527765806229,0.0673589669365983,0.0407890812284612,0.0131599205630266,-0.0123409009579561,-0.0292829609262986,-0.0372249450578895,-0.0328145478139163,-0.0275849793929615,-0.0229413031429431,-0.000849294210246686,0.0235018285589812,0.0571799990687314,0.0876748112689087,0.114135103756546,0.127233047413144,0.131144801751455,0.158348813808197,0.180055358105445,0.179655462755353,0.196304309360208,0.200717489256919,0.210907663132424,0.211419959742524,0.193831120503395,0.19624539898939,0.171962356411722,0.163859558502933,0.152555858743976,0.139760915187697,0.119779825689787,0.0952365017093967,0.0814850898842133,0.0692919847097781,0.0625674344398547,0.055003537205496,0.0300790194126104,0.0334711134238624,0.0376432086025973,0.0473486450249364,0.0463648694716701,0.0562097079882124,0.0730052161709741,0.101133731116236,0.0974966773053081,0.105027757551554,0.0965381181603906,0.120808917869011,0.114305793814228,0.115627862305683,0.106866826057471,0.105646873416055,0.131734653558734,0.131884107553242,0.13062137508924,0.131680340318458,0.138078903363524,0.136797329226282,0.15307610492969,0.137929129823891,0.140985622576644,0.145727159186152,0.151903690973128,0.13089669094174,0.12913511445593,0.123715203811402,0.130145237052866,0.11582748599929,0.106621175749314,0.109392663763482,0.108318106106407,0.100913704612794,0.107745596401359,0.0947771632243654,0.138498635605382,1.04096502243499,1.03088741248115,0.97804858552172,0.912827645051856,0.78123538387779,0.635468224545616,0.480594897417791,0.283260399261645,0.0946729454184784,-0.0855096686965599,-0.280218674673088,-0.426770593202687,-0.5694145918306,-0.677314134839057,-0.755794115895377,-0.793632875096052,-0.782444631661707,-0.744422128492386,-0.652569622798214,-0.543087830271982,-0.396429181362539,-0.225502544864852,-0.0413951767803026,0.15259753707365,0.322966750300505,0.521224814010085,0.675142899524219,0.820355473070378,0.931979349130627,0.990375612940919,1.02996790018732,1.03904921991882,0.985725996424749,0.906330578787362,0.776935246278034,0.657838773190515,0.471594582311959,0.294558877342213,0.099526429218547,-0.0847834954550967,-0.278960856123223,-0.431393054868281,-0.564234280160196,-0.671265405520485,-0.766198478327175,-0.795074440733418,-0.786291474125155,-0.734433969604632,-0.647567944861965,-0.545595447383262,-0.40672320120093,-0.223064759023738,-0.048527664188427,0.149126059901033,0.338669124933069,0.497449510152257,0.680922174162753,0.820247533604203,0.931972397795692,0.989702747226133,1.02894539361408,1.01841278201564,0.982052326213834,0.903027249214207,0.786720247735267,0.636835351563414,0.466588089993248,0.286056100250893,0.0990219481667818,-0.0892335854511916,-0.271928828221676,-0.435988136593104,-0.568383401705612,-0.68670200919402,-0.748755246499865,-0.787886564541719,-0.776622935600993,-0.736151185205735,-0.668941950786088,-0.552677533268327,-0.403559709029508,-0.233492245263945,-0.0523202999523687,0.135739035613378,0.328174634068589,0.507694335047521,0.681219229066882,0.814789094650479,0.924809014779394,0.993894269638398,1.03924007165774,1.03439571988734,0.975839528316893,0.906315727089559,0.798455613960465,0.642374037433416,0.468792300304834,0.286412999734525,0.101764179042747,-0.0894360732920124,-0.261809738111692,-0.421876964723862,-0.563111031983558,-0.693477355350153,-0.758075855801567,-0.794081401314154,-0.795285993900388,-0.740542003336889,-0.660230395535917,-0.542915632923482,-0.406918990394906,-0.234431419469277,-0.0427433795987749,0.14189955434757,0.334685275274787,0.508386300037697,0.684250757983497,0.81590617775464,0.920802591816588,0.999554393242857,1.02872197248069,1.03257513342018,0.978604353480086,0.894061114456651,0.783785066170413,0.642293760992958,0.475691168892775,0.295160687048044,0.102612095983524,-0.0875563251743729,-0.276469315093233,-0.434318796699119,-0.5800823709435,-0.689566596867968,-0.756625048461745,-0.796224358975232,-0.786111550487557,-0.744105267316182,-0.65580245654322,-0.551743335730366,-0.405969167935746,-0.235186918549797,-0.0471994954528666,0.13290695675798,0.330568540077589,0.504497435820576,0.670023236164203,0.822767648059147,0.922804822015205,1.00444556214005,1.03230531779201,1.02487196675948,0.984231092300395,0.903105421887218,0.787543948612694,0.638646062890398,0.46949180704106,0.291827523548327,0.0998137857804541,-0.0865842531390106,-0.282137511448025,-0.428237408611396,-0.578940974075227,-0.683675112736939,-0.751235836858758,-0.788952486754363,-0.779653052124115,-0.743444652204389,-0.661249123113911,-0.549489211225447,-0.389030341041651,-0.233940712931563,-0.0659810247987976,0.12665534093194,0.333884845522137,0.506409157134544,0.671216242649761,0.810214543451957,0.923052994777391,0.986570004719316,1.03986385322852,1.02840289338784,0.977800391573348,0.913175536794856,0.789567793614225,0.652032218578835,0.468562730751682,0.31382354319604,0.0990791152238663,-0.093781953507234,-0.265306244921985,-0.429465157940019,-0.579335113027701,-0.676907042796171,-0.746179682418798,-0.789947961490424,-0.773983212735294,-0.744005645753056,-0.667833115147217,-0.538484627668742,-0.400943006260033,-0.228605060702078,-0.0550836090618494,0.134188436535439,0.339225793765266,0.499539034021999,0.668519028391278,0.814772200822598,0.910263363687566,0.99908030239909,1.02634664053515,1.01689444077892,0.987667971461245,0.911188159832393,0.788124477334754,0.649982601684722,0.482658544167943,0.293571865158078,0.0952085498668783,-0.0831281510600846,-0.272986186651605,-0.425336821465794,-0.567456498315936,-0.670726039825016,-0.75412365399386,-0.780296301203502,-0.785891559642035,-0.739564424392268,-0.658497493581619,-0.54468593829154,-0.399990432689427,-0.225833047843501,-0.0521038455622532,0.143568411608325,0.325027105457563,0.517805785434882,0.676715547727534,0.826374993896217,0.922318388849466,0.986523318850971,1.03742619339891,1.03106179946314,0.981859536205406,0.910808634554714,0.791415459154295,0.64347322971331,0.475157430873376,0.304076286530528,0.111894494724087,-0.0745887301017502,-0.258883500635354,-0.425493948007732,-0.575602773247036,-0.683881637367975,-0.747313695941753,-0.794383680238611,-0.786613868577729,-0.752061421559357,-0.654300408530259,-0.548682950774881,-0.399898957678809,-0.237603689025265,-0.0567585298303558,0.1483417437551,0.328196133906885,0.505616296297798,0.682526360630848,0.811936671392422,0.920501559833034,0.993833619508822,1.0222396940434,1.03609396054631,0.990885577095625,0.904093863660467,0.802986459700823,0.647798685172312,0.468829512037607,0.293877178395101,0.110428764983656,-0.0818048213565182,-0.268741426712439,-0.433407501861217,-0.565204450178984,-0.671503649847496,-0.751968844123085,-0.786943613552752,-0.778133170595829,-0.748995166841907,-0.662449766372867,-0.551669200100529,-0.400645946259403,-0.240705265381282,-0.0544394234581809,0.138128302707453,0.327823455840235,0.497710176686807,0.668101174209556,0.816714641343427,0.922181543951678,0.988462393970755,1.02556061457935,1.02792193220891,0.997858338997914,0.909501300542366,0.779001358322012,0.649852125848575,0.477844279789161,0.294223924917951,0.101027344030809,-0.078330611345131,-0.261204986204092,-0.43134259319182,-0.57787942893888,-0.677714857916418,-0.751523150816883,-0.786531525428653,-0.779735261426879,-0.747909365962245,-0.666344285639442,-0.54679553585892,-0.406865716970176,-0.236601040521521,-0.0527255160863677,0.130085971662409,0.319837407153057,0.511412463163623,0.673944759281096,0.808741083129641,0.92110688531698,0.989610858415324,1.03063830200021,1.03082870328267,0.9765587993657,0.911463987916057,0.792018050230106,0.662077520798076,0.487562353004089,0.284938635777357,0.112374935339985,-0.0789195240231997,-0.250069925928793,-0.431732078392118,-0.562778968032207,-0.674779950720288,-0.759855765556667,-0.79105579557896,-0.782378168735296,-0.739211013991451,-0.662854100781317,-0.542392651888126,-0.413296197680212,-0.233184022307253,-0.0587422817883722,0.132509005261077,0.328005418908741,0.513387687844816,0.67815968361073,0.815337772770571,0.92255027952566,1.00349301900487,1.0324058425386,1.03653539249827,0.998718858622623,0.91801558596252,0.781313650841657,0.661386512232802,0.485153735046674,0.306669293835635,0.11363878130115,-0.0766310419706819,-0.25662453912804,-0.418798314992559,-0.562673584712231,-0.66914326606183,-0.74781689456242,-0.808896069351701,-0.787710067010094,-0.753158555791697,-0.657480488619017,-0.555003740285332,-0.407269889364737,-0.240882378452463,-0.0617019884798378,0.134643143204874,0.329463155976129,0.502130705088023,0.67603370013454,0.818340611018424,0.915306146638915,0.993547652876346,1.03442846239897,1.03084797756168,0.993120652576998,0.908091071618822,0.79077422027433,0.666042378767792,0.479037832656511,0.30538110829949,0.114244956103533,-0.0916299768811399,-0.25530465381071,-0.417088255874039,-0.5639554948262,-0.670467396925162,-0.757166646723722,-0.792457257580719,-0.794996991673039,-0.747633226940357,-0.662140114482655,-0.54247706823066,-0.410190510814631,-0.241533948202445,-0.0635043549766904,0.138316308873245,0.308015626151672,0.500851069804942,0.669932456292413,0.808459349984359,0.915248712207606,0.996542313205578,1.03568046836092,1.03042605743979,1.00163273901226,0.917473915720582,0.803231050750173,0.6513301041652,0.493698155226272,0.306004627853256,0.112923973862148,-0.0796324798945831,-0.257700259335424,-0.42155076795837,-0.554627474257709,-0.667230352906313,-0.735902563132828,-0.788826322843735,-0.780727346438629,-0.73476043596467,-0.672239438540784,-0.555446314101934,-0.41573014619215,-0.244748972393239,-0.0548435735185166,0.134982436147319,0.320027395032585,0.50355004854265,0.662963694017455,0.806753841162092,0.908752991662374,0.992234494409095,1.03683825187459,1.02863845635628,0.992859128543464,0.91444500079533,0.78961697424984,0.654241604556079,0.490853360602771,0.311374072511124,0.12393843611564,-0.0655371141941226,-0.245492293879908,-0.419252046255568,-0.55920455388767,-0.669391008370159,-0.742528482315666,-0.793208587654253,-0.794607580865618,-0.739935015093007,-0.672102194961448,-0.561557214031252,-0.400630880258413,-0.238066826004183,-0.0683706171558902,0.134386894774141,0.318257603475394,0.509224736509205,0.659943096968154,0.81296605408897,0.910010357077905,1.0004313169684,1.03516971348191,1.03586321646032,0.984411321911933,0.90541829178411,0.807667371709467,0.659124367681464,0.493342528007692,0.307236192224672,0.121231148992402,-0.0645746190623857,-0.250188614909193,-0.428541278019939,-0.564145380994005,-0.674252930709001,-0.743649591656955,-0.790603883281025,-0.790960351964198,-0.739292838497272,-0.663426226608837,-0.555895935080003,-0.424168679407445,-0.248327085057592,-0.0661199907004697,0.126395771328282,0.322406645334209,0.496063492687447,0.663910362897021,0.803439708776784,0.915689742657159,1.00142245725094,1.02690852439005,1.02099038284016,0.997420275141849,0.916107023021343,0.79691298535856,0.649217637647697,0.494555764204766,0.323454952580955,0.126202438266505,-0.077381122114645,-0.253494130281835,-0.423798775727987,-0.567051025358877,-0.664002976921184,-0.743143996459264,-0.781542498250061,-0.798160099180957,-0.748622418430247,-0.669890850869502,-0.552289246142135,-0.414011931273396,-0.265095175881844,-0.0666995879089538,0.126953062573639,0.318213719006526,0.494722694899022,0.654397809685206,0.805421625666765,0.908534973983674,0.992122810108881,1.02511662526415,1.03592100211061,0.995970289000245,0.912804096221877,0.801156552018089,0.653210219101967,0.481889722068697,0.314013215691076,0.116288211996509,-0.0719597762508514,-0.254480334853169,-0.419548987159198,-0.567547638305653,-0.665130462959923,-0.745797544289611,-0.788581711482996,-0.78460465168301,-0.745625011410598,-0.663529306109696,-0.554145433620431,-0.409416429772085,-0.248796566369739,-0.0749461230499573,0.131893256546366,0.315706578604885,0.496985477712559,0.6582039333779,0.796432555179982,0.916908373014056,0.99418958155865,1.04071093369968,1.03207083214799,1.00340923001854,0.92492097960747,0.792208300793977,0.648403078473597,0.489103410553968,0.312384378616811,0.128734807616434,-0.0709010129518455,-0.252656890210835,-0.400147788644728,-0.554238595357482,-0.679036242370769,-0.762844934044039,-0.781444858716556,-0.78193204703001,-0.757286327379739,-0.673900410946881,-0.557678403235858,-0.411641170764125,-0.262132750407035,-0.0717642815008959,0.118401126045179,0.312879552203623,0.502565938592436,0.660279984872658,0.793666671712182,0.908780568660246,0.991997990474342,1.03257904244482,1.03659011897913,0.997315672551308,0.912876961603254,0.81068288002507,0.669457973090341,0.494113363515448,0.311025231666829,0.124579865353881,-0.0642262347052293,-0.243229370341482,-0.401035694186033,-0.552058031811389,-0.669460948111551,-0.743771251328547,-0.778679085449052,-0.795128977170043,-0.7457722978211,-0.671750277169618,-0.562158175367277,-0.408420242852063,-0.254972775225338,-0.076124920750167,0.112215163845473,0.307114942747576,0.480829177014997,0.659473092706405,0.783834115875185,0.920622701177991,0.985602162853118,1.04192468458652,1.03502692261025,0.978646660506493,0.913360614376306,0.798885289692822,0.66920325435622,0.500608302026908,0.310797904892904,0.128374620360518,-0.0635507212313185,-0.256571724135491,-0.413423124284596,-0.539137819269291,-0.664245369781973,-0.74499908815124,-0.778129385459243,-0.793280644180448,-0.745945467511482,-0.682740643726969,-0.552580436593061,-0.420876375591715,-0.257566409516494,-0.0670854575757963,0.11070485557317,0.296539908032878,0.484014712205122,0.64758492886909,0.802352156261939,0.921574115620473,0.996113760051871,1.03006255786651,1.03098517090158,0.988846945399812,0.916607304576335,0.811617065368588,0.654338206407728,0.498766689079149,0.318396856720283,0.130780446274234,-0.0523428193334397,-0.233087557509835,-0.404488228675365,-0.55471857519056,-0.67088860091884,-0.747510844711631,-0.792280986604188,-0.775776177039788,-0.75979149520978,-0.66927397253733,-0.559955954346053,-0.418833577021312,-0.259314056608058,-0.0758223383460579,0.112305686965701,0.303004962671379,0.484809439636613,0.658481722642264,0.796597357014633,0.909871967701083,0.983765348806064,1.03150337313257,1.02271490172989,0.999744730748331,0.919544261482467,0.806841296185818,0.657392725837763,0.504437551306238,0.323107650034032,0.140580485862472,-0.0683232777608607,-0.241346698570006,-0.411286577940635,-0.55777545262191,-0.668421455206835,-0.747160626471498,-0.790491576295092,-0.780488136703458,-0.758941458327012,-0.665409115896122,-0.567899886365274,-0.41725437747813,-0.260401255275492,-0.0703829476255321,0.11464252412821,0.313827473680185,0.497499354036549,0.649138158191038,0.791526906534089,0.910890850909425,0.982981793546214,1.03358849162489,1.03042718904165,1.00978405748949,0.922179663402464,0.807467132059726,0.655174348930569,0.500956958226973,0.312696792581259,0.140266599038901,-0.0601542234095115,-0.237688422089275,-0.407500762894097,-0.550440409016896,-0.664894699014803,-0.744782766762975,-0.793554099156181,-0.785979664854156,-0.745769666539184,-0.671419404890936,-0.572946570272146,-0.424190363177533,-0.264892814704996,-0.0832038442934199,0.113015209143489,0.298662506917675,0.484687880830757,0.648913321733952,0.799645065278814,0.906921596484697,0.982915210711721,1.0252333460176,1.03999279572002,1.00221787689505,0.917444248558612,0.812494947904642,0.654624277547576,0.517534393700902,0.332933411567741,0.132576576823802,-0.0567797583800772,-0.245351598038541,-0.409624184847109,-0.556102052958089,-0.658964912077272,-0.740938922655683,-0.784727354525363,-0.795437210888294,-0.758031323061837,-0.676041031874338,-0.568040307541097,-0.434710171619488,-0.268654003365916,-0.0787318236278136,0.103149244133361,0.304275993191816,0.488946903439261,0.641416853943833,0.787864670650972,0.901830235253675,0.988002485132367,1.03910488741774,1.02808165498094,0.99221308171853,0.920232765479275,0.812636782680188,0.668032037562097,0.498238227079534,0.325384289046535,0.133556075108558,-0.047362630915402,-0.230884004080778,-0.412568870203734,-0.557627373805357,-0.666549576208853,-0.73412915616202,-0.789511326539899,-0.790544727333383,-0.754468899124235,-0.670461278299134,-0.563950856247113,-0.420361616230944,-0.260984337647292,-0.0744770073214278,0.114706745692895,0.284458399352102,0.478484610926692,0.654881856488368,0.782326477810421,0.908858978195291,0.991542499957621,1.0248481622387,1.03118400823946,0.998354259636518,0.92297610467979,0.814917936430079,0.664508234238625,0.504316652571986,0.336006128938432,0.131596469176691,-0.055130160410601,-0.242366150531215,-0.398467353681804,-0.547578633776168,-0.670435220480432,-0.74740580930302,-0.795441694962569,-0.794070613921221,-0.765708482284047,-0.685070487332873,-0.573400125152243,-0.431918851101967,-0.249422607097696,-0.077032065023142,0.107531007573284,0.292857564381838,0.48637749424913,0.639833552780744,0.784798676173162,0.899864265601912,1.00382503997823,1.03479624035069,1.03116560468806,0.996397161809831,0.933582378832978,0.809069845020686,0.67888178882648,0.513904937512878,0.330145568422052,0.138930648450024,-0.0591460217084334,-0.239393370072839,-0.400136693377838,-0.546372732686755,-0.667693825340934,-0.738674891810518,-0.781037306192873,-0.789481603572453,-0.75064710336088,-0.686048396517681,-0.563105127683601,-0.425982444943305,-0.268957316209151,-0.0835496243647308,0.0883356231598886,0.29526789494162,0.488291875855136,0.643516258211169,0.790130388458753,0.911385782940695,0.991700560911639,1.03118468543196,1.0240158400106,0.985194773494967,0.92879938910687,0.809605117922332,0.677557016685088,0.499407283759124,0.334420242930791,0.133111601883393,-0.0551650121472895,-0.227000905326906,-0.408734330755181,-0.548636634120092,-0.670984519590913,-0.742911675733555,-0.787411676144645,-0.787206355933349,-0.749693258004514,-0.684099904980918,-0.57322556556818,-0.44145721526978,-0.26167509312842,-0.0833504159943959,0.0950341395297531,0.296995432733813,0.474795331937334,0.652873314927872,0.786084389743697,0.908966523868688,0.988411290336945,1.02964438912187,1.03230292439383,0.999724737876627,0.917010051192805,0.815221046413899,0.683557836427327,0.509873999282219,0.335703334001813,0.129562539656725,-0.0529776386342277,-0.240623387536384,-0.391288201540572,-0.539581376468544,-0.663838987128796,-0.735120814095473,-0.789280372794039,-0.789476424568675,-0.760793523808043,-0.683596176349828,-0.57400164354524,-0.429019918719331,-0.266572176329081,-0.0796691012392058,0.108603731210702,0.292929783289994,0.483061349686635,0.643008232140478,0.794379854000109,0.894919331689883,0.9852088530376,1.02159447014695,1.03495403382931,0.998578589050494,0.912584396936182,0.822379981101501,0.675032761065567,0.508820291012036,0.328995145814899,0.133500385084249,-0.0498726095020711,-0.238184362566871,-0.397886430841132,-0.536227714978668,-0.647199900531162,-0.73460256011717,-0.788737024812868,-0.781844594856396,-0.757394854870846,-0.684600398674866,-0.581123296397423,-0.426006602561932,-0.262000774558047,-0.0977953483387741,0.108000121272962,0.292483326002893,0.473106845699087,0.64280584339926,0.785918583680404,0.908104755365589,0.988811724887675,1.04262648464193,1.03977048890536,1.00103431281371,0.916655206976773,0.816660054892489,0.680823138002315,0.509309006179715,0.339298414031868,0.135193059563146,-0.0521860939706281,-0.230340316213452,-0.396809447114789,-0.540915145172708,-0.668555530494887,-0.739352120825256,-0.791938319794589,-0.793495493223503,-0.748879084636662,-0.678393884881924,-0.564579791091631,-0.428265841838201,-0.268115892628764,-0.0876582906788804,0.0971049168596232,0.28466295323794,0.472702201455079,0.642853934412928,0.790148301754765,0.921920133140256,0.988089570684185,1.03464214944578,1.03062376427286,0.999450215379159,0.927604157360545,0.826382724918401,0.676198914077585,0.520901553819452,0.341358352198881,0.136753354154009,-0.0534798962444273,-0.235096169605289,-0.3981100158452,-0.550829343955438,-0.664306546962206,-0.737586016307793,-0.792188677807664,-0.792584015708688,-0.758096044714259,-0.676982515206624,-0.580396200678297,-0.428658861740578,-0.271820199155256,-0.0781544165914107,0.112489950204075,0.297546222270418,0.470859728433848,0.652742583952607,0.791100322224754,0.887620391790573,0.978171302555519,1.02931533639059,1.04952088081267,1.00456953188016,0.924832785673628,0.813408136977409,0.688977334284856,0.518486134645852,0.33317674376183,0.137322537213822,-0.0539569031468718,-0.23010612725906,-0.394934328952167,-0.550192736293927,-0.64655094552482,-0.743397261840946,-0.794873047658274,-0.782938793543556,-0.747885309181967,-0.672245711965522,-0.573146524270893,-0.423128303649198,-0.270803574607889,-0.0818541995956652,0.10503982506632,0.295158320887838,0.474213742170312,0.640613546641302,0.780435911517946,0.896685251758726,0.986895386523779,1.03256463671352,1.03736470194676,0.996557461379413,0.930205860828986,0.812807433776994,0.677979928881882,0.507069980221222,0.339668029785655,0.13666971158068,-0.0489746039049545,-0.230638306044662,-0.396742371605072,-0.542229583838386,-0.655250545621279,-0.741055482451836,-0.774489271321671,-0.786927522618813,-0.747676115608197,-0.683378590569921,-0.567435094154857,-0.444375630010266,-0.266706774228815,-0.0963734963213946,0.111771254642586,0.300025500272504,0.472993378606233,0.644410371441367,0.789785863534863,0.906813359400698,0.986120977751025,1.02190365557158,1.0291561210899,1.00071171735417,0.93158885406929,0.805652002759928,0.68377337555333,0.516663462332117,0.32150867886507,0.150693045340523,-0.0480147361295792,-0.224483170892665,-0.391556353956614,-0.538825197460399,-0.663034343560086,-0.742583381643021,-0.787482729607215,-0.791205387553902,-0.755102780724532,-0.676300509119794,-0.570040548943714,-0.430943862110205,-0.269091904958432,-0.0778647789428935,0.0967780997655934,0.286444544513042,0.472880384298494,0.635239860696003,0.788345661364273,0.900529721020866,0.979208575514039,1.03377834005764,-0.78332844093232
0.983834755114615,0.966168306458235,0.947863337020987,0.855603391541051,0.75039863671582,0.586006239044562,0.393112174637329,0.190444415011831,-0.0333485222153459,-0.257460913465458,-0.463392039374142,-0.662398906055742,-0.831919242219369,-0.967916308823084,-1.07356671842663,-1.11416603642031,-1.12570889297067,-1.10230086531071,-1.01633882050997,-0.896124443812436,-0.725169103574699,-0.536915558711463,-0.341083436680875,-0.121754883950018,0.110298534049212,0.310074717807492,0.508153145183455,0.68165253113058,0.812058450542072,0.918643745789531,0.9728708526245,0.992447454525693,0.941125613237377,0.870033911255283,0.732789836359462,0.580062855699008,0.405368188429994,0.179143574056853,-0.0328498469126923,-0.23952963704858,-0.473827278825386,-0.66275097686336,-0.830504259208164,-0.976470262681077,-1.05432956058733,-1.12540971649838,-1.13148571995975,-1.09449553166226,-1.02382566957271,-0.895411951093907,-0.724525473975005,-0.54733471380219,-0.334233389632642,-0.12172870947427,0.0993794403523556,0.309055784044383,0.514191420796615,0.690371442873983,0.81592438005479,0.917396937569861,0.9677325576638,0.992882692408041,0.952615598720899,0.861091589663559,0.734426610787392,0.587594606630785,0.392418289284775,0.18751723850301,-0.0244382777200605,-0.239428876214226,-0.461010601619353,-0.659012631457756,-0.825770236958389,-0.969640391426343,-1.07668682735428,-1.12337807206912,-1.13157800887046,-1.09865567426123,-1.02011100817985,-0.892890628339107,-0.745040011952608,-0.53837545547549,-0.332499629493453,-0.124566282538356,0.0984672566954316,0.313967827105351,0.50646920964583,0.691988616965147,0.815763774037103,0.920327446746908,0.967559875364427,0.977361745410737,0.953923493332484,0.868046641117151,0.738657938303953,0.575180130121588,0.398716310000921,0.202224238960101,-0.0280965036633234,-0.258266970888549,-0.464320769849344,-0.653311559172503,-0.822956105449984,-0.953512931818745,-1.06486868781849,-1.13075081752039,-1.12781095736194,-1.0950665475218,-1.01912284404599,-0.891218235065533,-0.733286856033095,-0.554765011030871,-0.347837891551038,-0.125411023186321,0.0907077605803742,0.300946660108924,0.508749419653251,0.67432220131929,0.815188159975253,0.915069804385789,0.976715919494498,0.977754699774356,0.948336456250961,0.866401059403773,0.742438886170893,0.59053082506348,0.396405927384497,0.192604438328172,-0.0135034730478209,-0.247608631838393,-0.462559493891287,-0.652293604196168,-0.826318396018946,-0.963739360811708,-1.06776856997596,-1.11886968548968,-1.1334406496159,-1.10063854331453,-1.0221954131182,-0.887535231482886,-0.738331535878918,-0.554900502692461,-0.352614882665872,-0.128027706648984,0.095093405417477,0.308710116936428,0.502765119299511,0.674845528990233,0.818670896121368,0.911030308318913,0.97664241497743,0.974382067303984,0.954112070930603,0.861032224503388,0.750634337315228,0.591948856761963,0.395212015394843,0.193914598009692,-0.0228711785232319,-0.230661224042633,-0.459926082318056,-0.650408593881262,-0.833352419917634,-0.960769643786186,-1.0688143163386,-1.12544062131201,-1.13411524636284,-1.09565392568662,-1.01383929047478,-0.902077782748661,-0.739062001070057,-0.55217025055934,-0.34533322531529,-0.12007661428181,0.0938674280237284,0.295097732885132,0.5022004110087,0.675239842751783,0.823115578821711,0.916035984036807,0.967674293022789,0.986234922609812,0.944929635521941,0.876312296193614,0.749434620732054,0.592514905933856,0.395884939460385,0.196678363289276,-0.0236944675498097,-0.239379112621767,-0.456454945713919,-0.651721513661573,-0.832864724464793,-0.963574127262149,-1.06252464689632,-1.12221222652627,-1.12231394528565,-1.0944417653089,-1.01150768750663,-0.895494138675454,-0.735637001710399,-0.552866476961887,-0.349848885829059,-0.126598546069225,0.093978162146313,0.310987951143316,0.511449455316867,0.669294917087307,0.821628743860155,0.916147438627928,0.976169846305473,0.984247554433136,0.945753532343674,0.865401598004685,0.740261424139243,0.588648335015956,0.402759844513411,0.204549311665591,-0.00915486575032266,-0.242398464662657,-0.452605304241111,-0.641087191369904,-0.830532578317759,-0.969442296841371,-1.06703343772876,-1.11596654783884,-1.14092920507522,-1.09964790216831,-1.0294940034091,-0.894019367184685,-0.732670627351154,-0.553859454914938,-0.355443046142468,-0.118267281081527,0.0907177279649131,0.303198143234105,0.499704329259745,0.672690108953628,0.820829626942452,0.898951323703654,0.968586693884132,0.983885754727718,0.943855988591277,0.86166583696112,0.752133579876288,0.598407676163311,0.412576424085952,0.200235703254655,-0.0313698180364679,-0.234826028029532,-0.448530998994088,-0.645751720570879,-0.817536095718078,-0.963139918000806,-1.05248023202381,-1.12514912061579,-1.1314049285645,-1.10345220374673,-1.00850850064309,-0.905627559849702,-0.743463360861541,-0.555190203233201,-0.356923238853878,-0.12211943152407,0.0896827008963135,0.308956990567134,0.498265400872979,0.662510982546213,0.815667132123993,0.92546475142711,0.974704934625404,0.986246253866306,0.947107211946667,0.867394379760871,0.752149414357211,0.59532128053074,0.405207473309144,0.204847414644237,-0.022996811227331,-0.25578597653147,-0.467968043876224,-0.646807307133112,-0.820719384682408,-0.972686463945912,-1.07035289609875,-1.11245882901031,-1.12843969142356,-1.10790571615844,-1.01934484031504,-0.899329747155379,-0.739336137743194,-0.554290371826691,-0.356633468582741,-0.122271156509808,0.0992142796086827,0.313332972116016,0.505109134346063,0.675410246367276,0.812621538262138,0.91300529448861,0.967188170083221,0.977355733132564,0.946628376359769,0.873495992901268,0.73912312358224,0.581744314188719,0.409067271664721,0.204167994287708,-0.0300147721333044,-0.235953454231533,-0.460328692405684,-0.657461281108795,-0.821435940927558,-0.962921075279836,-1.06226515056967,-1.11488637893393,-1.13567840033684,-1.0990041704136,-1.02985227387481,-0.900762431263032,-0.742329313699858,-0.570009057118586,-0.359718253384344,-0.117933496333177,0.0768395225606759,0.304147795958629,0.499102123552959,0.675069331958042,0.819148270645084,0.912151043438002,0.972839220985824,0.967660133328815,0.943091594740173,0.86541504012429,0.745801847202391,0.587904388729183,0.405428315507906,0.198954865329294,-0.0217667877431613,-0.243346578509236,-0.457229603179087,-0.658929338007535,-0.832580074955613,-0.971703387589612,-1.05573521590582,-1.12457894370287,-1.14538923755889,-1.09847194165495,-1.00525456279155,-0.889011433014641,-0.731311062237118,-0.553867207889705,-0.350029878655015,-0.123606760782011,0.0993266953556002,0.311669954402881,0.501279347243671,0.67678250424638,0.827321213998656,0.91189388411942,0.961182494732431,0.985663608039476,0.947073123194367,0.877831072148946,0.730154364899493,0.596822340624681,0.412372589582673,0.194974933326191,-0.027963279074154,-0.251492671542074,-0.467706803909742,-0.653275530853766,-0.825504119941222,-0.973950024289319,-1.0692254818775,-1.11789007400537,-1.13454499892772,-1.09697903801354,-1.0169642370545,-0.906091998214828,-0.737521070281209,-0.555012368507068,-0.342665035637109,-0.124457023523003,0.108632562474565,0.305979632745166,0.504810759671821,0.680450899185013,0.819390501189028,0.906901262874113,0.967277134926251,0.975018267005366,0.941177894474041,0.877311392663956,0.744308084114371,0.596050599899144,0.400618859076611,0.191816986704717,-0.0196280302769767,-0.243525173712102,-0.462499722816268,-0.659436301320465,-0.829204269585725,-0.969099328672885,-1.06411162942365,-1.12017208348355,-1.12452873441719,-1.09507337334351,-1.0212802330415,-0.88663223544191,-0.733600835836874,-0.543343056064874,-0.343894245288626,-0.116600029260022,0.0954006518067761,0.311353492228742,0.505701210396039,0.687092234286817,0.808096129409369,0.917986885179787,0.976655614927669,0.985038916570047,0.931310253966904,0.861652717992275,0.754839406159536,0.598293594295026,0.406240850162533,0.189648053540387,-0.0190325348396366,-0.241062175607892,-0.464060227101534,-0.659123203991011,-0.844778176393215,-0.963263388324894,-1.07183347632882,-1.11760770890283,-1.12868687319325,-1.10228822912224,-1.02240012343599,-0.893678896620446,-0.739304093415255,-0.551097936495796,-0.340467515194317,-0.123239058023528,0.0973800631311782,0.310621396441146,0.519172399232584,0.664069205228474,0.819769575908346,0.907272400872889,0.96539522397596,0.974240201447642,0.939399496136099,0.861683776504431,0.74864081374994,0.578159901062344,0.394877563033682,0.180143686344874,-0.0306975427293628,-0.256327209109102,-0.449743183738809,-0.655374370517105,-0.832141731069989,-0.966446997424789,-1.07364040756313,-1.1211132006655,-1.13101814827682,-1.09358361435028,-1.01801196866745,-0.890758306284266,-0.731828943731836,-0.538010040682017,-0.334703269369677,-0.121350429887039,0.0987876225607036,0.308548305948187,0.50985019432275,0.677166231784806,0.824419131730782,0.913285831906048,0.960133510518638,0.984180127297006,0.943502565888978,0.863957532908408,0.724487228397706,0.578681607794408,0.399379137792277,0.174705127231138,-0.0269562974695221,-0.258197600425093,-0.470698596398624,-0.657737804680377,-0.838771176676118,-0.970765576930073,-1.07244951539324,-1.12459021246568,-1.12800837506534,-1.09371467875552,-1.01582537157632,-0.884635206321892,-0.725370510355669,-0.534947013628358,-0.342530713326443,-0.110147491113869,0.102002195092029,0.323546887054939,0.50669591134828,0.683315303747788,0.82646866929129,0.91083515184008,0.98378560951603,0.995816651446006,0.943602168257544,0.862059781834972,0.729580402801181,0.572440124569645,0.39409703262171,0.186273383091552,-0.0291039293798287,-0.267290931719025,-0.468971322907673,-0.658810018445118,-0.839690419290611,-0.979514793732087,-1.07030874145779,-1.13542462854918,-1.12944868777389,-1.09915541590733,-1.01077179054804,-0.894284386713812,-0.723852360215137,-0.548936469804629,-0.328881068759439,-0.114029740997741,0.103059097602748,0.320979595547883,0.519540946951957,0.675792707834138,0.820384802311955,0.920742862011986,0.972203422107227,0.980416245900671,0.947865034412997,0.858956717535352,0.731470238427704,0.57435877305073,0.387761929756024,0.193906290081983,-0.0322993915284714,-0.24642052593148,-0.480607360403756,-0.671970892106666,-0.848155864520254,-0.969699929990716,-1.06891330555518,-1.12294572807868,-1.1314212073406,-1.09932516792022,-1.00772397549062,-0.887981567944372,-0.716441810210913,-0.53630113989923,-0.322561872292224,-0.12228735341162,0.111068342363531,0.324433518290148,0.516242268350631,0.694977026404256,0.822486025401922,0.911247439061959,0.969981554526022,0.988430466381703,0.944625244205653,0.856790429583791,0.726846652441097,0.569228885805597,0.378213641288557,0.171826019184743,-0.0452702527010334,-0.264482157841935,-0.475307376165537,-0.664860518008392,-0.838023527313799,-0.978392976432547,-1.07558870653036,-1.12127156187492,-1.13444166116542,-1.09255759753074,-1.00736547153632,-0.891916970271187,-0.714819553497776,-0.540493288728014,-0.324014673231801,-0.109461035236083,0.11374479961934,0.332216856976899,0.514681832980321,0.694208593735471,0.816310504993244,0.921201343823189,0.973504794001028,0.982519905510696,0.934552258476094,0.85856330535172,0.721357411788493,0.568979945588502,0.371558059407007,0.17283903016846,-0.056440790178519,-0.264513240613352,-0.476471554832263,-0.677604648402095,-0.838084787664305,-0.979325243572674,-1.07520669620594,-1.12682260708664,-1.12658641857794,-1.08781977581311,-1.00904535652791,-0.886549801878804,-0.707575976106615,-0.534342369963626,-0.322398267210034,-0.097408570036357,0.11673617236712,0.331286369669236,0.519216682305193,0.694771124133551,0.824376509578712,0.923599500928058,0.976746851717285,0.985363296929522,0.933116817766525,0.849755631692611,0.730611880493688,0.570792167865719,0.37795465398405,0.155621285848237,-0.0555650301578097,-0.282582227117818,-0.490755681516812,-0.677268219867389,-0.84550793935991,-0.97878691589019,-1.06837689297903,-1.13164851149093,-1.14268822511568,-1.08098184761849,-1.00596389812438,-0.87551697365142,-0.721954217339474,-0.531703151918292,-0.325173987419909,-0.0922092368472673,0.122650934599081,0.337552941616647,0.525331547246798,0.683485662420607,0.832561143760683,0.929955395360974,0.977455315088138,0.967480998778092,0.934571032458453,0.851713712399188,0.722139154703672,0.564646720526674,0.363017792919003,0.173860960756394,-0.0626431668255167,-0.278293132407424,-0.485991493720505,-0.676340548589144,-0.852716054155933,-0.992591974750219,-1.07079516786743,-1.13019685162343,-1.13014447298774,-1.08647843468859,-0.998360059703547,-0.877829429042957,-0.717398283190636,-0.527648046782601,-0.317959326991423,-0.0945933692618716,0.131752581938696,0.328577536179822,0.534207874247571,0.706351101531381,0.825969456717206,0.917704300524788,0.978776276031782,0.982109077891736,0.927817372859339,0.847307207234304,0.719229379948272,0.553342870146375,0.368663414128973,0.162503393671127,-0.0613066122893688,-0.278147032592713,-0.499299206806189,-0.684532473636963,-0.8572675979188,-0.981879436684833,-1.06982023962506,-1.12316949933781,-1.12965666580343,-1.07850108887105,-1.00428086976677,-0.866489750398186,-0.712586633260566,-0.520119910714518,-0.309606298214012,-0.0807395469737645,0.131730695214005,0.340077844360834,0.5295529611222,0.700938114536058,0.83801335995108,0.936239428140098,0.967314391916239,0.982018888279412,0.940057712398522,0.854399410349711,0.71381458547587,0.543796464252409,0.359056738539401,0.161231912956001,-0.0675463444774916,-0.275797334108889,-0.505663654901827,-0.683968951329818,-0.857499304360937,-0.994745523047821,-1.08736265117178,-1.12349776091887,-1.13544182834804,-1.09393563010611,-0.997327058376151,-0.869067969387187,-0.698311197856238,-0.512355487659136,-0.299467179737823,-0.077948605251085,0.135352653360406,0.349318984519735,0.534356694586436,0.709279494191531,0.828168700823878,0.936016798009994,0.967470419749671,0.978458855774572,0.932842377735798,0.840511489839738,0.713721316625189,0.550482437561454,0.363599693158901,0.148154579064092,-0.0683705322706624,-0.285349646232538,-0.501899295265353,-0.69159529570492,-0.855382779684152,-1.0009398410505,-1.08644420118206,-1.13236041217846,-1.13312115161689,-1.08249909572287,-1.00153652545365,-0.868310489698213,-0.697339853289339,-0.50592978644804,-0.302582337170402,-0.0696774918958384,0.141206427552451,0.347615277104616,0.54322120674499,0.700697811110035,0.839549328955739,0.937189152958981,0.975734119255463,0.982141191657976,0.935414005747881,0.841892010026263,0.705310851774445,0.542251027166671,0.363598166159662,0.13822504116246,-0.0728084192560714,-0.28954571122002,-0.498739076887755,-0.690902766839359,-0.863408884612645,-0.992856033250043,-1.08423724751301,-1.12455804485271,-1.130444714167,-1.09224565454507,-0.99396572764108,-0.863571116407427,-0.699497758135384,-0.502857021203386,-0.292704766549966,-0.0757391965363105,0.140974759249422,0.350353612457823,0.554972385373631,0.706978919990664,0.837040206745028,0.935642156122569,0.972605926931158,0.982372804272215,0.933329777486236,0.841506004556929,0.695331461105742,0.548651738079616,0.351189274750151,0.134920197476326,-0.083667765381518,-0.293460632477247,-0.512473361219486,-0.702878704591252,-0.864996980452852,-1.00772103936538,-1.08959299218523,-1.13192215411045,-1.12453350096288,-1.07676479166955,-0.995650130197211,-0.854887087424198,-0.696293380661352,-0.504860237726645,-0.278705715006134,-0.070800348281716,0.145835599135525,0.357903650934626,0.554338461121309,0.723405694738827,0.84341163610181,0.929746579586579,0.977579348491218,0.983281071437143,0.915334134503796,0.84233262680768,0.707486256593839,0.540106513884267,0.344245769024035,0.141813822664038,-0.0776035592610839,-0.300225435715077,-0.520239409671366,-0.701813258487977,-0.878537082858473,-0.98379348419611,-1.09093641800355,-1.13901933396608,-1.13013115462699,-1.07239801017595,-0.985335421696292,-0.860820315146997,-0.691983806361508,-0.49741822808291,-0.29074573099918,-0.0723583953089605,0.15804357382307,0.37163114702558,0.55283864344087,0.724351509063048,0.845612397875278,0.93311640100608,0.973878850786902,0.980512872084392,0.92469019048655,0.834916192205789,0.699103714057355,0.544627403671667,0.349405923047552,0.147022181799813,-0.101190536987003,-0.309273250446631,-0.523030211836694,-0.706130789559849,-0.87110669886649,-0.995497665099189,-1.08588108444819,-1.13754745487588,-1.11926489871061,-1.08035045241007,-0.99290545087625,-0.858415158355597,-0.698478796566648,-0.487219507879655,-0.278700290537542,-0.0493239634411531,0.16309371272231,0.371198115792883,0.55737180708794,0.721979540386188,0.850867543823194,0.93061101973202,0.972189395145182,0.970612341514014,0.917401454662445,0.824715534470266,0.705359911609171,0.539531874797459,0.335788160607649,0.127372673978101,-0.104086953589437,-0.32593909958014,-0.524820601025587,-0.720353652335178,-0.870986218007489,-1.01447523459373,-1.10382963667217,-1.13151835996162,-1.1162952883683,-1.07343735780366,-0.981946128872611,-0.84740113294025,-0.677557864670572,-0.483916467174542,-0.281873395888834,-0.0569769685695472,0.166249901385529,0.383243264625625,0.561915320143509,0.72057475124886,0.848665737633389,0.927603155212572,0.990060226242935,0.968980117374641,0.919136507247487,0.825547448625516,0.692455179408947,0.51932838190111,0.328497059435948,0.113952420161247,-0.0968708035863952,-0.309657578829832,-0.533945261696351,-0.710536501041464,-0.885107920107493,-0.991425071871476,-1.08568691552096,-1.12526048513851,-1.12522777649384,-1.08303106248305,-0.980617948500222,-0.84983343770029,-0.677451425004079,-0.490165027321595,-0.2770418634105,-0.049153675315933,0.158949355999586,0.38549186612261,0.562227873822802,0.725435185591772,0.83990760101796,0.94867621585073,0.976063354477341,0.978817779972408,0.916870433080242,0.826839553829833,0.692331026382512,0.525467484187908,0.331409150922669,0.114844996480406,-0.110125781669168,-0.324114598871007,-0.525099600051186,-0.715129993189593,-0.879544619861922,-1.00541581198729,-1.09494729982737,-1.13327238620456,-1.12682256857403,-1.07951005725477,-0.976859560041731,-0.838418980958456,-0.664160533638435,-0.490402768573249,-0.267009991660391,-0.0510941294107691,0.16791820676143,0.369311309287733,0.569510187954839,0.737332552703542,0.853871384496708,0.936016279819167,0.972848292776729,0.97025177729836,0.918209543652517,0.830161651099647,0.690176644193444,0.525535680207507,0.326367311917061,0.110959893386848,-0.11329051113768,-0.324951012019524,-0.533221922755482,-0.724413509416418,-0.883882400771736,-1.00804654575046,-1.09125302148844,-1.12977535571523,-1.11755538131698,-1.06046592466312,-0.983827213489427,-0.837698928371264,-0.671948440353392,-0.48330162495211,-0.274518786719646,-0.0287988262128506,0.190940066303498,0.384860605176086,0.58141296836972,0.724852359638785,0.857621405608931,0.938891899435657,0.97583689772966,0.970368553863706,0.925465371816881,0.823331948697927,0.68896835403921,0.527813557649371,0.316764357726492,0.113041486330791,-0.115705546215234,-0.335067504136016,-0.540478456123456,-0.726220592261743,-0.883100447645954,-1.01619153521159,-1.08902724475732,-1.12868330246905,-1.12730956043924,-1.07135192482301,-0.972166301495406,-0.833487451231842,-0.667433707322172,-0.475373183768928,-0.256132177924824,-0.0464450285976636,0.181452593822415,0.386176015344423,0.573637226567974,0.738559280710594,0.857618884296336,0.948507546110996,0.98114324897246,0.977739509233421,0.923308763330786,0.827223867797195,0.676602310159164,0.518418189003207,0.327672246531129,0.104608392880938,-0.113651408011743,-0.329841971705763,-0.537183721307463,-0.737985679432593,-0.895023511257707,-1.01859484027736,-1.09186070314315,-1.15034587156696,-1.12184554786611,-1.07251501764414,-0.961267188389723,-0.835160248151466,-0.659006817520624,-0.467832789512184,-0.255681918981452,-0.0394456270047281,0.183191720096603,0.399139601714114,0.576046811220164,0.738452067306008,0.861973657654546,0.947067764549937,0.980225903250526,0.978890177965476,0.913664687887017,0.81149116494238,0.689036185737341,0.526665112138249,0.312076757726288,0.110700112646482,-0.103199401799278,-0.339908717707473,-0.55098829129816,-0.733984213439074,-0.882902079816553,-1.00711564648897,-1.09543725590111,-1.13386533274946,-1.11651205994713,-1.06784486063189,-0.974224544778016,-0.833020523638801,-0.667189945238262,-0.46709896240015,-0.257461679049036,-0.0356675845059269,0.191818442683612,0.395715356231013,0.591963102738332,0.737621844202369,0.863452217910748,0.939651780515213,0.976844608848076,-1.12818223872044,-0.0429652700313781,0.0724106942241609,0.284140625890324,0.495272551966062,0.672511395761019,0.793756163506267,0.903603846483079,0.961842085028078,0.983016693922892,0.957745160315063,0.872225321904303,0.76225764140241,0.610072130292766,0.425859352277767,0.215204315966726,0.000577419896882625,-0.217640303357187,-0.440798483639554,-0.622957924409655,-0.796396888409991,-0.949177202026973,-1.05399302291529,-1.1184070790676,-1.13900610653393,-1.10603619082294,-1.03442270338129,-0.911702237428941,-0.770291107371967,-0.578734790657295,-0.366613870341431,-0.145864450588812,0.069508117621417,0.276654276141485,0.47853783505281,0.661706850279316,0.797499140780115,0.912010195149939,0.966050024703221,0.982819788054628,0.958942395231831,0.876377854589495,0.753379524809343,0.60600083370735,0.425240055742764,0.209264574858327,0.0046017916743778,-0.220522393214607,-0.422061026363112,-0.641012514530468,-0.80943300089958,-0.932402618204585,-1.04888518560594,-1.11310759598646,-1.13123865968586,-1.09915254399623,-1.02738085268986,-0.903934483544881,-0.754783350482502,-0.570859155663886,-0.367185033812997,-0.153005501336163,0.0695024356456807,0.287641612068017,0.480411364476075,0.656911829894375,0.790192043978426,0.891291622806368,0.959720172931803,0.986079693673927,0.940848473047402,0.873763157599861,0.759263699874301,0.598264283226016,0.422649365412846,0.208711741737722,0.00543085661361501,-0.232031628725205,-0.425102202940139,-0.641324643165203,-0.809882708771706,-0.944465365382612,-1.05563065017497,-1.11507372278784,-1.12553500739427,-1.09511315031403,-1.02319280973549,-0.903323302374201,-0.758873193859183,-0.564661727196018,-0.361443702238951,-0.158243610835854,0.0723346858321627,0.281543279478509,0.471866158323475,0.643365858965019,0.788162278274122,0.891538905711124,0.942284065747879,0.955638088964199,0.929374882605012,0.85998118064016,0.738851504932927,0.590825321837899,0.412175515631963,0.199728616918304,-0.0105061623109177,-0.211183683532389,-0.43376917555333,-0.623175718901128,-0.788980313591185,-0.930009676869232,-1.03302301274638,-1.10008714088458,-1.10105444870087,-1.07693608077995,-1.01002160307105,-0.887104172880358,-0.747257727167291,-0.562164660843989,-0.364385538264729,-0.144239677175238,0.0656938236453213,0.270297600971828,0.455724973954941,0.61105365070621,0.768620215550191,0.865239555092474,0.907064772775635,0.933910688137617,0.911132891217506,0.819688300088705,0.71975495774494,0.563244929911061,0.395484546753932,0.205241625548,-0.000723728342200041,-0.217637920725097,-0.418099834063382,-0.613635297364358,-0.781132816676225,-0.906686598423135,-1.01387224338478,-1.07010774370644,-1.07190079381153,-1.05408369670629,-0.987652084510759,-0.865023369581351,-0.730374151478775,-0.545727657764727,-0.342318139931695,-0.150812810322826,0.0675949044396984,0.254681603828849,0.450789256687064,0.608923302840088,0.734237816980965,0.84421913752264,0.88529589574577,0.900249720181249,0.864403384878945,0.798705696004634,0.696866712208017,0.552219439299938,0.384914008926467,0.196581486658375,-0.011778476353183,-0.212602941405241,-0.416583237204346,-0.587467682488344,-0.748663239762767,-0.893528070744066,-0.979751204567138,-1.03253188269767,-1.05186065680335,-1.01767139953968,-0.956200390838123,-0.84673608374546,-0.706872807549509,-0.532876946846202,-0.342963964414377,-0.140789155318898,0.0525221244282924,0.245790800278301,0.425603438219148,0.587082224533932,0.709493388088697,0.793916647056387,0.838087492923624,0.853024314158084,0.846231987066394,0.7654595041199,0.661750802737412,0.530342081733008,0.361397545811463,0.182708647310034,-0.023346120297221,-0.199719612666873,-0.384332429652771,-0.571176599034531,-0.732100082311533,-0.865986251515037,-0.946274576732201,-1.01086792263816,-1.01188502147723,-0.987119454245559,-0.921370250522211,-0.825293646364594,-0.676798152284886,-0.509253236620985,-0.338003527687355,-0.136836288742588,0.0506211733430465,0.233260093673264,0.398022369159234,0.541495638000822,0.659748229548463,0.761985498064995,0.801614797569684,0.817758496000706,0.794877965112562,0.723757346722239,0.624940096615656,0.497984856228596,0.338465097123333,0.162991040480363,-0.0242876365775489,-0.210492755566895,-0.380772517295516,-0.550118259128125,-0.687234846217814,-0.820145257684243,-0.906189182683198,-0.964304277334716,-0.961010832407481,-0.94508041560058,-0.889383950153541,-0.768349463572151,-0.646312741152654,-0.477357750426038,-0.322587121386636,-0.134252407971472,0.0551296165150456,0.223891432474788,0.368431455542929,0.504683782282221,0.609135220767482,0.716338401725891,0.750884820670746,0.767499112585747,0.727896688455143,0.664138875973283,0.580604496835891,0.457848673572778,0.313121495790324,0.158480421679465,-0.0149275002241435,-0.20042494076896,-0.361718019758123,-0.531313157674954,-0.666080450135885,-0.773459203831262,-0.858899584328962,-0.897998180539011,-0.909155912143278,-0.883653832215382,-0.828917153620307,-0.734041085345852,-0.613289731944443,-0.447701048062165,-0.296779604802697,-0.135833349864311,0.0344080725660896,0.189898839216366,0.338308453083021,0.47151931044688,0.570585459599265,0.654471290877819,0.694931049147635,0.691296559938208,0.686989751576069,0.619479652389236,0.531044305328966,0.42328598808049,0.280031264842161,0.126516035518638,-0.0318651029929529,-0.204481408089552,-0.351563408258542,-0.49240686055172,-0.626712472309252,-0.730275784726638,-0.803162213878445,-0.841993014604485,-0.852239506585535,-0.831111612194481,-0.770774523775118,-0.683344049510687,-0.576908987315133,-0.435757248402713,-0.294663562988451,-0.126973610622691,0.0239713355125417,0.17128595238562,0.310445071357229,0.418925188644221,0.513467161942331,0.583697767810609,0.626185705206732,0.628630269408176,0.624978741597479,0.558300336205476,0.475049610238065,0.375539091878098,0.247243854931353,0.109013105387227,-0.040881764528071,-0.193422847144162,-0.322994736121313,-0.46979647243244,-0.570343778720839,-0.678687445110455,-0.737454105204421,-0.789326596761942,-0.798932114339215,-0.767974061214002,-0.7105812092,-0.629831833093604,-0.523153704858987,-0.400357399066682,-0.256661296858727,-0.119317087195235,0.0289783163442692,0.155127207008058,0.28030378344342,0.369755772971794,0.464932541608198,0.538095916020585,0.566840243038293,0.562307262429071,0.545473391137448,0.504323114436294,0.417233731696496,0.32486844793942,0.221019130779214,0.0902665666316206,-0.0449153062904809,-0.175477575473432,-0.303220642275585,-0.41987027857607,-0.536025606643355,-0.609390398555505,-0.668879462643046,-0.705478318315223,-0.72819480289769,-0.699259939204803,-0.649987615980094,-0.580214061105602,-0.48162439345481,-0.361327041748314,-0.238795929921566,-0.102365275947848,0.0193264234104373,0.129037032246982,0.233012024483808,0.321995566778895,0.396844831812841,0.449271686157773,0.489046145821709,0.486698276929674,0.468655860376615,0.425271201890006,0.365954224846741,0.276487217489057,0.181342390381483,0.0652293963692539,-0.0572518453024666,-0.160597039158825,-0.280280720818093,-0.393333484379967,-0.489299664034752,-0.556863332689481,-0.604935092121788,-0.634726728852806,-0.635551433350368,-0.622388388060016,-0.576133401290905,-0.517163150156079,-0.437564596035649,-0.332903907577893,-0.217480240280781,-0.0988916833632498,0.00432825338213301,0.11352586103955,0.2026088022887,0.275476328359789,0.342837606124918,0.380518238995933,0.394412366629449,0.407216784295732,0.389033955513555,0.370336740228783,0.286426813041149,0.226020507270223,0.132843639372795,0.0491494434945287,-0.0613529801755911,-0.16763160029288,-0.252407799271656,-0.34978530290622,-0.426895764712179,-0.483239302559621,-0.522461772273418,-0.548136592911368,-0.562680444938343,-0.54677944923193,-0.50830359674158,-0.446724373746228,-0.369000165458287,-0.28913366594283,-0.180580503555457,-0.0970103084257078,-0.000503948339754532,0.0808055295111708,0.152116237493582,0.221337455229434,0.267073422408291,0.311644710742721,0.312568141602666,0.326368653910584,0.316249309209526,0.276095792342548,0.22726610928849,0.169440724007,0.0942212946361122,0.0176990887772824,-0.0639591579068866,-0.155316660572651,-0.233851227619554,-0.317787040868434,-0.373316011199249,-0.422035627590603,-0.46485810935521,-0.479143069125446,-0.476200914318692,-0.466839260580118,-0.425053234578496,-0.374671762287088,-0.32215892372203,-0.248873953297749,-0.173064073071167,-0.0815160121459448,-0.00599594772309199,0.0519633824480399,0.106018399826673,0.158201023151557,0.210041799105713,0.228743014684014,0.23269017576467,0.238904807487705,0.234856924169741,0.195095705218698,0.153286741164723,0.11195484458063,0.0435072993545668,-0.000580189420615593,-0.0758803044234272,-0.146544627320861,-0.198027006794947,-0.263614761272823,-0.310083000564929,-0.33790077196587,-0.382619894927521,-0.38651521599513,-0.395651449701929,-0.373295019172461,-0.345756270014976,-0.321656124625523,-0.26177042762974,-0.20066800303296,-0.146392851442184,-0.0794629820545978,-0.0148939418834692,0.0199987129243506,0.0640153632377434,0.106741783135531,0.11997460353942,0.143560720425027,0.152708201588387,0.155666667577711,0.136257760516727,0.110695957039608,0.0970573641707195,0.0548626870927047,0.0088481534470916,-0.0319686266190759,-0.0879733391608496,-0.127274171199121,-0.188342631158186,-0.216321509407104,-0.236825044503066,-0.284287044289851,-0.294888476606147,-0.312914296211022,-0.297807075233385,-0.281741947092726,-0.272013221145682,-0.23333786110955,-0.208026350311713,-0.151756546761504,-0.110605463599888,-0.07184455974841,-0.0203221728627485,-0.00217692109155237,0.0284313441072388,0.0485261395880539,0.0354927253424547,0.065648270619382,0.0609550322579313,0.0636719443654663,0.0514357110056257,0.0369065556928023,0.0143162862713177,-0.0133059053699102,-0.035110858023592,-0.0777484959661114,-0.102333571568618,-0.130229571336297,-0.148816770771747,-0.172245298027831,-0.19095386832026,-0.204325897214953,-0.207323747911364,-0.229416914441302,-0.197132359414754,-0.198209722713284,-0.180913568919997,-0.163384414802613,-0.142305431782609,-0.117290470228597,-0.081073689059378,-0.0524017890003948,-0.0420375315965993,-0.0275393880556393,-0.0338623997390131,-0.00970212061670935,-0.0284175056101937,-0.0153350548555963,-0.016301230000516,-0.0440281575669816,-0.0370531573915695,-0.0647651625167704,-0.0648906369953559,-0.0569548315747945,-0.0840964064822757,-0.091829997981615,-0.103046049000689,-0.118011765785273,-0.116835768445984,-0.1302818054606,-0.129021244504932,-0.131270947744117,-0.13407078790098,-0.118952666521126,-0.103537162782806,-0.111246254843821,-0.0964309007420809,-0.0859068405779523,-0.0708904980288608,-0.0675494429804791,-0.0557577008525466,-0.0520100094576606,-0.0485492348054398,-0.0568701407980325,-0.0671547337514968,-0.0871433077440018,-0.0990944111525418,-0.104918021931096,-0.120150311052472,-0.120675968241065,-0.143277190630254,-0.131410282967712,-0.132157729867697,-0.138077565426315,-0.12232707452619,-0.118958690388443,-0.114637603672594,-0.0997283605231174,-0.0916842320479658,-0.0900650035903832,-0.0657464834107752,-0.0462633432114571,-0.0404614701424844,-0.0242962514255742,-0.0126051953081705,-0.01162772661565,-0.0240563943101749,-0.0115287359399384,-0.020343537976982,-0.0209071673299722,-0.0178598920481741,-0.0274302929801979,-0.0536038882171199,-0.0815685309231486,-0.131830269093354,-0.143466392668465,-0.17212810794806,-0.185133375616716,-0.206331569864224,-0.21183329343592,-0.226218024340771,-0.224169998557983,-0.203902670694999,-0.208422285604034,-0.172865620223102,-0.146238231814573,-0.134858028256979,-0.0872989887575417,-0.0680020733752391,-0.0346216770126958,-0.00645424955613583,0.0196877540780823,0.0235151496611653,0.0561020133024386,0.07639903696284,0.0677572280400727,0.063388926055605,0.0528186377129804,0.0431330362831892,0.0342358843880665,0.00880365555878446,-0.0321806180272352,-0.0699929244313131,-0.118963703568514,-0.154846006966074,-0.197353657371508,-0.236455701821282,-0.274274109491271,-0.295449968367281,-0.309311739286159,-0.310108641638534,-0.298003107995212,-0.288981950701399,-0.25368851211806,-0.221220550528288,-0.17718475129522,-0.127905727921172,-0.0862909742404331,-0.0345947783712366,0.00186087076756805,0.0563598674995166,0.102657196032431,0.136683841659747,0.147881691715024,0.150943040473514,0.160550926371133,0.151488752008806,0.125885603866731,0.109486236884137,0.0821929792132871,0.0264729248785828,-0.0128479006545245,-0.0755063547204669,-0.136905602987245,-0.211595580101049,-0.267154435900632,-0.316594390440915,-0.360980411446269,-0.388313579410829,-0.400141303700563,-0.389941019177649,-0.395052418671998,-0.360425606684218,-0.318461566404919,-0.265772767636728,-0.216747071338449,-0.135793269803943,-0.0793409040144043,-0.0155342177173051,0.056509393776176,0.123807348448174,0.163346373515602,0.204885823949935,0.223845644830305,0.253662756781399,0.244493668225417,0.234991288626296,0.207578702402275,0.159418722708927,0.114149128165131,0.0617314472919848,-9.74513286380735e-05,-0.0909871645927519,-0.165071104586058,-0.244414727988484,-0.331219036735768,-0.384777344567617,-0.426945083529557,-0.476949275042145,-0.483205426638186,-0.47602431591038,-0.462989980048567,-0.418199246130954,-0.371342970132262,-0.319762193011433,-0.23284546857039,-0.147323965121307,-0.0795745841837988,0.0153120246648219,0.0939140842948255,0.176085010371205,0.233392643371262,0.280993702646222,0.320415396257214,0.336154639871807,0.337097448623804,0.317167743293738,0.281815418010786,0.237443511035891,0.1622786831676,0.0887017259933735,0.00894552291112389,-0.0946204178521994,-0.189175311565544,-0.301519555362568,-0.377876356109351,-0.45771965210119,-0.517757077334982,-0.543634966544665,-0.565357362144319,-0.573547188571294,-0.546899247585886,-0.491289524996677,-0.432493327733924,-0.338163741037935,-0.264796286451587,-0.155874723540686,-0.0615407021934179,0.0453841271041989,0.1328627752333,0.233340916244796,0.3048121398804,0.36519910550659,0.400953396778923,0.41289740204498,0.416993475599806,0.385785721379458,0.339989899987255,0.280884274951064,0.207109471816293,0.0988784377411477,-0.00010027289035661,-0.102945294105013,-0.218435683847704,-0.328880664175551,-0.436423416606699,-0.518273255587968,-0.58610799154881,-0.617880619742666,-0.647989649435994,-0.653599316005491,-0.624394721345689,-0.566192596594645,-0.48245567151937,-0.393679060053416,-0.288685142382068,-0.161965139441001,-0.0546186100896935,0.0676064028792759,0.176535691849861,0.287209379829627,0.369148976429255,0.429983692268831,0.482024370869179,0.491293693878126,0.479606445471729,0.462492519851139,0.403221795853812,0.331418888006964,0.232561456858628,0.136897494259734,0.0174625932939673,-0.112605766706142,-0.238330083799968,-0.374980463542459,-0.485247290339488,-0.580122927181305,-0.661598873798895,-0.703205493789124,-0.715880673760655,-0.720842724794264,-0.682949234365903,-0.623938951019686,-0.531055456921668,-0.425022355888911,-0.305067725810852,-0.169826331712439,-0.0421305483786967,0.101514070048956,0.234198003290238,0.340036258482172,0.423178999440825,0.508766072916305,0.55842872800574,0.578551403876551,0.559549183741743,0.539896144208944,0.46360547838419,0.377916404792234,0.274388804096407,0.16603975893023,0.0336059307840231,-0.102111987624159,-0.27110402977701,-0.41766233146734,-0.53162860350431,-0.628451789404366,-0.71444219863213,-0.777532584852019,-0.797799937485927,-0.797946563149502,-0.741858342521473,-0.67461240436317,-0.576456125665492,-0.455322020452245,-0.332195457420281,-0.188274465479312,-0.0436497496681123,0.111353110251921,0.255041802103469,0.378785613578614,0.48667184367853,0.55282703889598,0.627937223818212,0.647645719342818,0.631237217028076,0.594207715542115,0.533597245544218,0.443078778850788,0.310473068249461,0.17854179565135,0.0235781571741712,-0.112927713416688,-0.286212033377443,-0.430466220091462,-0.572307646431133,-0.695040499704962,-0.774119781181356,-0.829445963063295,-0.854747054475761,-0.849812418095736,-0.809939909096342,-0.728944502084838,-0.618950615906119,-0.502137619541214,-0.356525103481316,-0.176188162818103,-0.0367612965850481,0.132870857312941,0.287945009837995,0.414667020581962,0.538338587853161,0.622441093345222,0.678958178817293,0.707252121738443,0.695827547492778,0.657921838198909,0.579337419141383,0.473583508388351,0.345360485034389,0.210670048360338,0.0551692317677869,-0.131754220405095,-0.309790550362461,-0.459803850433446,-0.609294073291421,-0.735092025296845,-0.823870958947198,-0.894016807501156,-0.915432331621099,-0.909630182567894,-0.855371899742218,-0.76567171325622,-0.659443787877083,-0.535524691036611,-0.377303222766467,-0.20312892959511,-0.030796622640472,0.146759814409242,0.305251657890101,0.467653315357094,0.588411648793244,0.686562507814408,0.731144237737485,0.782728209605222,0.75310765734044,0.703669030140253,0.631139212505454,0.515731691024734,0.38103183610627,0.222497507132123,0.0518640938617544,-0.133072320433325,-0.317751266196386,-0.493668715394687,-0.650228054483701,-0.785278303126881,-0.875704560294783,-0.94182472212335,-0.968946226883513,-0.959124395999638,-0.908667749530645,-0.811770536150959,-0.696642911760521,-0.555432918081588,-0.375756726655002,-0.205674342682362,-0.0240084913542356,0.162732967567295,0.33451029616959,0.498572693786791,0.620665767044122,0.721484218256312,0.794673799766839,0.803535284140158,0.804422608930789,0.757722875748216,0.673192025493973,0.542055934453302,0.41073860754427,0.242776635453361,0.0464613202013736,-0.137120947219582,-0.332943421487532,-0.511626804027031,-0.677190187669556,-0.821499677960887,-0.919813020509164,-0.983679248609911,-1.01750386030642,-1.00895359589909,-0.950872242396144,-0.858850926653243,-0.724214457905841,-0.569793438537788,-0.408050847271911,-0.196301997045347,-0.0156981467815353,0.181510932672619,0.36983979312353,0.528376788409783,0.654926328902096,0.775708164620969,0.831972297587067,0.856809352849054,0.85171204353654,0.796720327054481,0.702163544354829,0.584666517938468,0.422113809234369,0.242766558051437,0.0586410035602822,-0.13808822226108,-0.338501453093014,-0.539237438790375,-0.701092327737771,-0.841884822407576,-0.958289095719674,-1.02316179782294,-1.04536506420113,-1.03879220777404,-0.977670811576115,-0.885984841069278,-0.748519244006903,-0.600373890506923,-0.410923385766457,-0.215175762287029,-0.00679815175130642,0.200437655613149,0.387186289339862,0.556375793229183,0.698800517063274,0.798747100484748,0.879508294982828,0.902994107273397,0.894566560859865,0.841345510028722,0.729576615665964,0.607686038193435,0.441008168310054,0.256006631871267,0.0727540307297512,-0.143741118698744,-0.359419156448809,-0.560626271772874,-0.730539754201265,-0.880845866952094,-0.988065235856045,-1.06168869490693,-1.08948570266592,-1.07105886361033,-1.00696488787854,-0.903981801953453,-0.778333461267673,-0.619365306527304,-0.40976894357932,-0.210125951323242,-0.00498663999830875,0.211806272569265,0.400756136998276,0.576998267410574,0.722897657417263,0.830230437490481,0.903751211049415,0.93761993493208,0.919895770216139,0.872443647404632,0.762919022562839,0.617856120748047,0.458152225088063,0.275924836602327,0.0632438263868705,-0.148648441112582,-0.353112673604914,-0.566693987356504,-0.739139620674512,-0.894755050941758,-1.00550525439297,-1.0745512585606,-1.11661144944241,-1.09256735511022,-1.0289469661038,-0.93240065143466,-0.790888817526439,-0.623483791710442,-0.432671682517926,-0.212158731656798,-0.00358975666544725,0.209592726071993,0.417865586148972,0.596409513264824,0.743953667550791,0.847076269821572,0.932873453510482,0.959439402496078,0.946459028187197,0.880262999667387,0.776446729140269,0.651040631859969,0.48196739732308,0.280029415416791,0.0674545922363515,-0.150466098832241,-0.36263416272509,-0.568743757332397,-0.752578826094453,-0.907798041295523,-1.02752887184949,-1.10538912644965,-1.12816806061332,-1.10314376944319,-1.04532605189431,-0.947238200808304,-0.814153143598216,-0.631925837849777,-0.434804430616285,-0.219486393843085,-0.0014666919171653,0.219477196087604,0.416726813004478,0.596371612507783,0.759449768195724,0.86785444682452,0.94739188562498,0.964173370532208,0.949970683091986,0.896649605986496,0.801709649154487,0.65021570330444,0.476499391574904,0.285209351922692,0.0754049784629238,-0.157522009526643,-0.376426383730315,-0.586461631538661,-0.7580562169915,-0.915267832730642,-1.03162289721155,-1.10078195107736,-1.12376172948017,-1.11646111159006,-1.054905644221,-0.946809856301202,-0.815125954714748,-0.635844405163825,-0.429001217165923,-0.218250925000495,0.00840606586637806,0.227004827235903,0.434128801823036,0.60726157599273,0.756562340683286,0.888081502861641,0.953451487013002,0.984126402264491,0.967803821287646,0.903285169697568,0.804196227004035,0.661442041546912,0.474776113601807,0.295234612463839,0.0766070300105752,-0.102222440103929,-0.0269795691558231,-0.0242241555718528,-0.0320719026606352,-0.0192293770650266,-0.0161827261386023,-0.0262740955146915,-0.0265206088471735,-0.0311475340255632,-0.0429361489914474,-0.0513077920361151,-0.0691936975887335,-0.0751057741836827,-0.0803216855662507,-0.100985634446969,-0.110100300693853,-0.125391954830092,-0.110434159999426,-0.122125798500499,-0.125459802098778,-0.133956065295571,-0.127232189069584,-0.131043213310218,-0.120267348169094,-0.113866125243691,-0.0975707096908601,-0.0945572699588328,-0.0776219507220822,-0.0686317430172039,-0.0648987982275247,-0.0486802661964799,-0.0277018190862297,-0.0214681370126625,0.00777511037343099,0.0298780599567394,0.0366696161127773,0.0555999004603001,0.0557746303013875,0.0592492698552747,0.0569764167909249,0.0407345642639689,0.0255722577915252,0.00324360889653116,-0.014981331370136,-0.0449287433663086,-0.0769880721073065,-0.103124617040808,-0.14099973840674,-0.158913398339942,-0.173940148949938,-0.191306746583778,-0.190651969726743,-0.222623921516144,-0.200372152715116,-0.205483054220615,-0.187065192301797,-0.170134137262579,-0.152231298512073,-0.124779109438658,-0.10740732616169,-0.067571229101964,-0.050021713390081,-0.0131489110016907,0.0309132125957854,0.0637306642718428,0.100199329668135,0.12856224560198,0.13678522213457,0.148704866463955,0.144182567670074,0.125276717576003,0.104994452646959,0.0809320559342814,0.0422494480141119,-0.0144345306080252,-0.0474573582325073,-0.0976668090415961,-0.146325026719203,-0.186112910440395,-0.223957886258504,-0.260221120898077,-0.277113698286235,-0.29214368600644,-0.305300300381604,-0.300045038833675,-0.284647312001902,-0.255557493243931,-0.228085246307273,-0.183458284261413,-0.143524412067276,-0.102507925958038,-0.059184186324241,-0.00271750356637586,0.0563238375374489,0.124123887509766,0.163953085159931,0.19778892724046,0.220124941172342,0.223897028032487,0.235451217180742,0.22383982113389,0.188895505358107,0.149359091985237,0.101024783857612,0.036452311277398,-0.0208888743328231,-0.0913382301094976,-0.146348724542147,-0.200416231638301,-0.267284276629449,-0.310668966835889,-0.345946210305508,-0.377617610683745,-0.382960551889061,-0.385861374162824,-0.363935366736194,-0.343733029653269,-0.297416961781905,-0.256157864371364,-0.187428988452521,-0.133191338777983,-0.0745377231083411,-0.00418039275288079,0.0896505192269685,0.158465345120315,0.227033395911849,0.255360836542011,0.304257487047098,0.320454152025303,0.322202644753471,0.299785701320799,0.266682832139577,0.211698377649855,0.156241055918343,0.0937687843509857,0.01027928604758,-0.0852695895824646,-0.163750045483741,-0.233054430675802,-0.307999126499889,-0.372042457380515,-0.425304390606601,-0.447888769392219,-0.476632278859841,-0.470128646239283,-0.466003824090584,-0.415280056256425,-0.367764970244114,-0.302515514583831,-0.236911784300708,-0.149690677753988,-0.0806779752384661,0.0254370271848322,0.109186070982052,0.196693267540264,0.279729307998319,0.33186021855586,0.380248970691106,0.388580350310849,0.392602190518396,0.387484047728462,0.341718938465913,0.28160157484424,0.215499597840947,0.124213970670752,0.0278688032151798,-0.0691040381050898,-0.163037346489406,-0.263574391273231,-0.351589279693304,-0.423376875587091,-0.48235793655672,-0.520598727441605,-0.552259685920429,-0.562080226509122,-0.54278195874527,-0.496254093971802,-0.423887874805558,-0.36726250450523,-0.28086246312932,-0.178270328985037,-0.0731653547665976,0.0371944885742936,0.143541309315205,0.240869655891919,0.335765680292154,0.404403772459333,0.454938127757375,0.48269999913971,0.47876048510721,0.463755174319617,0.406068226519247,0.360309888917672,0.259241089747153,0.169255807805699,0.057877025921004,-0.0495435727753957,-0.178121390229221,-0.289892943329243,-0.384005139890803,-0.486239013194684,-0.545862139601927,-0.599980862762679,-0.636986921933689,-0.64813108198798,-0.613302532699938,-0.56297332859004,-0.506979959258916,-0.42654111337372,-0.324858560686831,-0.215985669338961,-0.0867560487414059,0.0421334021380963,0.16523448281457,0.287594527255582,0.382524854893554,0.453003302157491,0.518001635574895,0.558377402466444,0.547614303696172,0.527598862881514,0.49557166938434,0.41579475530048,0.316360656772377,0.208599647543922,0.0799172739647069,-0.0581703029382854,-0.181994781889244,-0.317878629613076,-0.431908707387926,-0.533561457783772,-0.6072688170567,-0.672960775449118,-0.704545132218879,-0.719747623956704,-0.689177292875051,-0.643388692323797,-0.559592607858659,-0.477463780004642,-0.356564155109216,-0.229071885943786,-0.107522029935653,0.039054812957216,0.188601000194089,0.314169698157088,0.432502155058837,0.520397431234027,0.593516377939384,0.629269634572069,0.625178955247928,0.604746197371044,0.548357717842463,0.460501952000816,0.364047545493686,0.251129562534053,0.102193739370339,-0.0511155488685525,-0.183210692609386,-0.338140524040268,-0.457080013787933,-0.581914931799047,-0.667482518262466,-0.736659558014948,-0.770438692323743,-0.792903051762905,-0.769381071435841,-0.706367740593302,-0.632909776299469,-0.517553558141055,-0.390741475235509,-0.263712157632762,-0.1079542089351,0.0494658943817934,0.205628505538931,0.351220083782244,0.478907047815044,0.569661918002381,0.654249819173588,0.689390085102189,0.700761924181742,0.670755503044624,0.620108818049637,0.522103277273786,0.406012677070651,0.270420747397298,0.118375937407418,-0.0339876615645819,-0.192318393347911,-0.350924932935364,-0.498134216628455,-0.632235984904916,-0.733161928213011,-0.785772642289778,-0.83319109411681,-0.852059515782381,-0.826473525232569,-0.767084137917702,-0.676405157863699,-0.554720635249534,-0.419026314486029,-0.26498291358201,-0.114702708688584,0.0549284654155413,0.224494069982916,0.378526211043214,0.511482878229933,0.631575942491109,0.697619053581026,0.749604418239808,0.76415921802584,0.735532566718477,0.681701809375982,0.570660961132655,0.457035628303481,0.297192364893804,0.145959376908262,-0.0327450736445296,-0.210366236063268,-0.37202729258858,-0.517934740375767,-0.672631871378334,-0.776196352808355,-0.849461424339807,-0.904707971726283,-0.905191063938123,-0.869249969524615,-0.816387860834548,-0.725048930312901,-0.599407217358623,-0.472171672417137,-0.302372770600554,-0.114789698202137,0.066292238106491,0.240494866173239,0.397178155874443,0.538887160881868,0.658453908460904,0.750620213724965,0.805415101299934,0.801212187830571,0.786147430748281,0.705667280702427,0.61824601991115,0.477309915992234,0.328433220242814,0.154147624305311,-0.0240939314548009,-0.213984644558212,-0.391870976753394,-0.55740385807616,-0.698202945364999,-0.819268436815077,-0.913799524613766,-0.951608964550883,-0.95705355045679,-0.944088731985644,-0.861506909108473,-0.776410651578756,-0.640341059355233,-0.471582556513175,-0.306083991130388,-0.121997488711576,0.0653102046711291,0.257837823595529,0.431655183021658,0.580236743770408,0.705443018945312,0.785438504545699,0.856999492149785,0.862369890325639,0.835738061470051,0.75776119923492,0.64924657809087,0.524548116151877,0.361270001868086,0.174514861565889,-0.0180425290947714,-0.21461353991399,-0.401701300446252,-0.57624114064449,-0.725896653201557,-0.857410185866584,-0.941830604618302,-0.992386686183532,-1.00535677133056,-0.97481119319495,-0.907425408026075,-0.805108668339019,-0.664435046171915,-0.496981602994509,-0.311853736486154,-0.134440172733417,0.0650490190315054,0.273646351885415,0.45151096481001,0.603816242412356,0.726010805701765,0.831523069766338,0.88041736214089,0.898229221944294,0.867078567872137,0.788914845393766,0.680997656728879,0.543527764455288,0.373140326702464,0.195757372205203,-0.00838499930798753,-0.218918045083765,-0.419370953925371,-0.595704192377411,-0.766869029363021,-0.89652863619562,-0.986445697040356,-1.03085410804443,-1.04341265966282,-1.02146549062638,-0.944963098357564,-0.845403714182236,-0.708848670832409,-0.524711320940846,-0.328591160015393,-0.128113366184942,0.0666061358376291,0.281245498338791,0.462417620621603,0.62380234107953,0.762985531838031,0.857407299268578,0.912907261596554,0.943391901792638,0.904548302623764,0.82093408210084,0.718589334914903,0.572518032087565,0.389076650210211,0.187244377383062,-0.0149880131328328,-0.226465456500293,-0.429697651721322,-0.612953441836219,-0.781656632084614,-0.916070690383984,-1.01611108370749,-1.07447538900134,-1.09470499766917,-1.05481118844738,-0.977245341298686,-0.862894476514075,-0.715950987939725,-0.545013073089059,-0.342240508834662,-0.13519333147414,0.0753209459611911,0.280020222763295,0.486588600444344,0.654109964759227,0.786928268152707,0.876456589643745,0.950747645641426,0.952673607116093,0.927436734599543,0.844349789947108,0.736463938133083,0.579697226430405,0.398509096540624,0.197506602814456,-0.00945081160592133,-0.228262173735312,-0.436654708091959,-0.619124526323961,-0.804782693262587,-0.927700026650072,-1.03326936429134,-1.0974247658446,-1.10293112546947,-1.07606140830384,-0.999476342279852,-0.891433683957691,-0.7279381085262,-0.545615428831037,-0.355007036758598,-0.14339381122212,0.077887656450741,0.285013781650636,0.491445096911696,0.661236650252799,0.794085411384854,0.903528260390176,0.962678891792795,0.965551380449278,0.943182598808934,0.865055651223831,0.743100859071101,0.594400489136797,0.412581320712625,0.208534183582336,-0.00673584797761421,-0.223811192607571,-0.431088889574127,-0.634059812071505,-0.824512120243577,-0.944564268190114,-1.04399256510974,-1.11834211027048,-1.11742168946079,-1.08360902308093,-1.02253585867848,-0.900327785699927,-0.744285452886415,-0.566271780543444,-0.353382970100546,-0.150183662891162,0.0796825169554547,0.297207492165938,0.50159224940636,0.661621526858859,0.800133012422794,0.912058769649206,0.96425518548255,0.982444635651051,0.952982297781012,0.868735998235478,0.749305062683745,0.607583351288532,0.410539880360232,0.202691527119611,-0.000679491053352609,-0.229515546418179,-0.436848314357892,-0.637692257270731,-0.811647781435413,-0.957361055145582,-1.0648118984882,-1.11889117327837,-1.1363427673953,-1.09819930926612,-1.02103399165989,-0.921440017064895,-0.740519095835955,-0.559428968917431,-0.371581710230061,-0.14177645460069,0.0828788118540877,0.300277656610389,0.486222878502211,0.660476040657982,0.80216933744002,0.899009240049619,0.966478304665918,0.981316999253701,0.956954402982625,0.870526488433818,0.764144402325627,0.606988535667724,0.418319049765872,0.213937843746026,0.00103534595680859,-0.230933119075464,-0.442990022153505,-0.638748709136303,-0.818787441335698,-0.954995474401326,-1.06998118008075,-1.12137876977352,-1.13160194307798,-1.0954119993968,-1.02375438064188,-0.907430362418793,-0.760431823360692,-0.573244837577377,-0.357740428194093,-0.147385908963636,0.0809906504436823,0.295245691546318,0.493383966315366,0.650340998194237,0.801640139808171,0.904393979464504,0.975442202781281,0.976743416284079,0.948810532579716,0.864399536353576,0.751859998575309,0.601256634875896,0.420341769128294,0.209813000093489,-0.0106413027635472,-0.223905873632775,-0.45011926423819,-0.634402043782608,-0.813713445239475,-0.95644812512253,-1.05175329019866,-1.12096758537037,-1.13180829107217,-1.09220112620874,-1.01615520323971,-0.897239938517682,-0.745513410860454,-0.57172245380107,-0.360217593199666,-0.141731528598621,0.0965157911759437,0.277923427921801,0.484848271882669,0.648832857136917,0.790446828171029,0.887172398675004,0.948244859883055,0.96728621157875,0.922338274490419,0.849284570753853,0.740667479376781,0.584336169479252,0.410443245941171,0.20394620971155,-0.0162705910051336,-0.225915944418824,-0.441456623513442,-0.637782425631915,-0.802784736929752,-0.935548234103119,-1.04281630762108,-1.1042826572812,-1.12113506234172,-1.08105923430093,-1.00100473205673,-0.887565436188461,-0.738337573630365,-0.561471846210352,-0.343304301500965,-0.148818318796752,0.0717510405397646,0.281961949502985,0.456906901633309,0.631925591140448,0.767136550781983,0.865851973196487,0.92637106471287,0.928991927978153,0.91138265510236,0.836968829195626,0.718021175410307,0.571809420226847,0.395011660670596,0.201363270082233,-0.011319091488953,-0.229362920940627,-0.425019474739025,-0.622839276490101,-0.788365437009544,-0.922937426146626,-1.01835342623728,-1.0870906886896,-1.08497423925607,-1.04821833653361,-0.997891298535855,-0.873484295474999,-0.724815515458137,-0.542905022210536,-0.359316987489085,-0.150207235775431,0.074734249848036,0.262509403570289,0.450983198133522,0.611845073990696,0.74854520301622,0.830798797743198,0.891036172547212,0.9199855350926,0.868665678018005,0.817784175192639,0.698071059426805,0.544555874521043,0.386123898303132,0.195028978553618,-0.0112043578547225,-0.218069290907346,-0.419676501720221,-0.601897215427892,-0.763011519686894,-0.907051725157234,-0.984436780275392,-1.05669014973755,-1.0633882661173,-1.01792633537101,-0.951153664026855,-0.84026584697391,-0.696883418623293,-0.525373983074379,-0.335533740266723,-0.129505470843701,0.0795272394036793,0.260823620366158,0.430397396439152,0.589225189868512,0.714482458198228,0.803085769971362,0.857663702596172,0.871536766452926,0.843952134315516,0.765288920119196,0.672801850905229,0.518085199925389,0.361005733950225,0.167019357303734,-0.0259153009287719,-0.217574669625182,-0.404320179231952,-0.584465677821603,-0.733047922812596,-0.863748906982467,-0.961849474146803,-1.01143639089695,-1.0246664277275,-0.992885880156058,-0.915027150893643,-0.82114972946152,-0.682512396120459,-0.510496507023676,-0.330381224245114,-0.126222565996652,0.0602222857673042,0.246513671631014,0.406155734927053,0.55653652536256,0.68052407746292,0.756982889819536,0.803042890926085,0.821952065530029,0.795310991877504,0.718565559442386,0.62667972804997,0.496411479254896,0.339570429850634,0.157066221006039,-0.0139803518100951,-0.216207630825131,-0.390887823939672,-0.572935662171952,-0.705281029170157,-0.833678645927588,-0.911439179561779,-0.965400194984962,-0.979351471231756,-0.943971458959277,-0.87401021220934,-0.778648533226958,-0.643203136358671,-0.486281414963199,-0.308602450054047,-0.120879055468523,0.0507245645970554,0.235788901570958,0.376706205636801,0.52930970664374,0.636021405230092,0.706557776722648,0.763441853013953,0.778969243104312,0.74001542440951,0.684336124421316,0.586279177969959,0.450275124791065,0.302365880751754,0.145403744828833,-0.0364009269751671,-0.209690347948104,-0.373686864248188,-0.536237956018706,-0.682527602486961,-0.784859463817079,-0.864131577791808,-0.914451383231142,-0.924907088257504,-0.88458727205223,-0.832194813213747,-0.740686846346125,-0.60928824841162,-0.46876608277873,-0.290505787745871,-0.120223989358942,0.0402840938474755,0.197658257500852,0.362349025366221,0.483932999062161,0.591077237221445,0.658353474584458,0.708849379102595,0.707377395690831,0.679962572944745,0.627149984243404,0.536245120416695,0.420316094032936,0.283939788120091,0.128447961672028,-0.0333387591626938,-0.196723833716151,-0.366578125151469,-0.496426732471122,-0.632210182670878,-0.73945567821986,-0.808068854797251,-0.858531020311076,-0.868023769870931,-0.857521698423697,-0.778093383507944,-0.691978151162128,-0.568133920690831,-0.430512343845448,-0.282217172912346,-0.118858160336059,0.0437821446768419,0.190499711446293,0.324608347514607,0.440908130190843,0.530274959926166,0.61274662795821,0.640942957585633,0.641952973815055,0.62260290869592,0.565487463375238,0.483769581754739,0.377308440221044,0.245255045404903,0.108355003521101,-0.0361298778173177,-0.19017815547922,-0.34412892494414,-0.477206420601446,-0.592658601759252,-0.695112362468712,-0.749878456978883,-0.785801961193942,-0.80132580802822,-0.768317025089572,-0.724003897430924,-0.641411936682644,-0.526985594214609,-0.398997639544188,-0.250800849233687,-0.111238110343374,0.0335160682097342,0.158435206651708,0.285147172617649,0.393891616877769,0.47845464256072,0.536031713168425,0.573801916452319,0.588812794995786,0.565592821092685,0.496924818261659,0.428652949273135,0.331884600621979,0.218773359572949,0.0746674646331106,-0.0571882102999443,-0.178958797349575,-0.313978775343054,-0.438155444749761,-0.548604408565135,-0.635395615824977,-0.694519586854691,-0.722789490711662,-0.727052947919397,-0.71369472113552,-0.66003995744909,-0.576757109721206,-0.480915082083537,-0.36946094640083,-0.239183999264896,-0.0942575447605882,0.0304661792725847,0.143583512974461,0.243003952496295,0.340554176082997,0.414455554330175,0.476571246344057,0.502995739175588,0.499774863453258,0.469755093831933,0.428905402850901,0.366885644375699,0.268105812794254,0.178545764280074,0.059516959479185,-0.0579185680648856,-0.184436122946729,-0.294479066355243,-0.395285950148631,-0.49915987286778,-0.567369169845561,-0.63400020883729,-0.655822070685648,-0.652931412721538,-0.640075385271099,-0.59300512468959,-0.52196246509295,-0.437334033221226,-0.328263855504805,-0.225998907497259,-0.0901933246902784,0.0140328557151451,0.120699542831539,0.217001863557463,0.286278988568004,0.346711931717726,0.398040765645849,0.425378175790201,0.431593502394332,0.403521818561103,0.371200236175931,0.304936610714107,0.236239139134331,0.150608146558577,0.0448261498868071,-0.0692041232296678,-0.179026541644779,-0.270037294829259,-0.348561796125431,-0.442583988016235,-0.505821708402822,-0.552054939208651,-0.572320203301397,-0.572304054235011,-0.558799133541631,-0.518273676099863,-0.442861728603407,-0.374561128045656,-0.294791070144717,-0.184660417326767,-0.0903760088943411,0.0133556868457469,0.0901262419716809,0.177791299955231,0.231582591458417,0.297117435406126,0.312636796035818,0.340553678782503,0.34252529416552,0.31385936717456,0.285674187893509,0.236042108264704,0.175282823800483,0.0964612798758084,0.021634138079368,-0.0700279872508588,-0.164670004309981,-0.251593682723856,-0.323435156341773,-0.384196876840919,-0.426621409147219,-0.468240489179944,-0.494049686332354,-0.495476385773342,-0.470683615472918,-0.442887928564974,-0.379868588149087,-0.325592775810511,-0.234858776493545,-0.164100424939201,-0.0742818554098968,-0.00331248606176946,0.064086286839261,0.129895248218063,0.175986473423571,0.216080338995152,0.24002842693568,0.260440912934724,0.252959076214505,0.23114464561415,0.213071976775702,0.16504666980138,0.111479148224368,0.0501669129613891,-0.0117581426686777,-0.0740963836910415,-0.15687537683646,-0.219575726659179,-0.280568643908583,-0.322826685183745,-0.367072573188153,-0.383178988424333,-0.406628470374911,-0.396526754920139,-0.395487224198096,-0.359814382282177,-0.315242722462387,-0.261365163664582,-0.204227688502582,-0.142668704308978,-0.0761264280132289,-0.0114015795921275,0.0440442151598523,0.077967697202807,0.127595619149099,0.148240543769113,0.166746261849076,0.168945336799794,0.164465549858922,0.152209510385223,0.135087470263265,0.0976002416205175,0.0581945270079763,0.00263228803426278,-0.03030912930309,-0.083928257871373,-0.14574146593675,-0.19039431343495,-0.233976822359264,-0.270871180898128,-0.29440791098499,-0.308025686614088,-0.319315438029661,-0.314909476716315,-0.312641306915391,-0.274025326385875,-0.254348037670039,-0.209856793043676,-0.16538005481248,-0.118695072150554,-0.0483727630620761,-0.0250355831529361,0.00720467896008223,0.0334101141059332,0.0447197182513313,0.06446398626417,0.0685748613392693,0.0808025770331057,0.0768845373357307,0.0629024162844269,0.0420317897310064,0.0278991037806174,-0.00155154051261465,-0.0433520928755174,-0.0710629276824735,-0.100432234056114,-0.12500527201487,-0.158242072413111,-0.189585456694949,-0.216793468839772,-0.230662887845173,-0.232102924915127,-0.235318578195959,-0.221191317996786,-0.201375309272908,-0.198872223825954,-0.171024293312855,-0.141720893291661,-0.114146450279476,-0.0766375259631283,-0.0464961041435433,-0.029141150347312,-0.0122497401169962,-0.00996329587838274,-0.0120490879483084,-0.00657001678411394,0.000283549068629484,-0.0131141840630451,-0.0184338934332248,-0.0359462568055739,-0.0339702239316347,-0.0516847658812687,-0.0755599141036482,-0.0793911046599379,-0.0993811437369811,-0.102659027002758,-0.129487945282667,-0.132882538874291,-0.149471720850695,-0.134601820328013,-0.14550688845956,-0.148493165996339,-0.139016556184351,-0.132723132899424,-0.131317603158383,-0.11087399650326,-0.101853102744268,-0.0834009560552967,-0.0654882337670044,-0.0556609667008549,-0.0389704034115811,-0.0291992078376022,-0.0358467681969527,-0.045702670316795,-0.0719252047214601,-0.0863247711097911,-0.0806019532538437,-0.0939288477310885,-0.112519333672308,-0.116102438799299,-0.129594607116061,-0.125536281952553,-0.127971905679213,-0.141979824780154,-0.120235462525127,-0.127724100338554,-0.113128788689778,-0.10845514564044,-0.0928120254071147,-0.0760174074208194,-0.0717473705986068,-0.0583412110985755,-0.0437840340293931,-0.0474423989758563,-0.0211266681048404,-0.0273273732741442,-0.0196647880053343,-0.0257843294267409,-0.013070653103134,-0.0211881838230843,-0.0280866778880019,-0.112609542765583
