0.182003359243899,0.17391108506496,0.187055263562988,0.189931815020933,0.186710663594713,0.193807842530431,0.176530751210459,0.17998464492566,0.189708513526842,0.196860208377535,0.177983211155993,0.181624431173399,0.170575487419021,0.168081299778892,0.186542179067031,0.176923217696729,0.175083294190976,0.176512158435148,0.168067141351062,0.177128259625338,0.18799191175347,0.180630649317366,0.182032722420145,0.181780048720778,0.189093885548577,0.17154326046129,0.180209280426963,0.185156310866373,0.180334924993427,0.164283122905463,0.173547855086092,0.1907663577475,0.199092442182395,0.21570756089388,0.224326344921428,0.250957512692248,0.264087538603156,0.264632840616512,0.274473620287941,0.254399203095657,0.263547242118196,0.247599156061415,0.241254603217006,0.22945556704418,0.207774446654953,0.183636790277164,0.166429611670478,0.152565553960027,0.141552386513926,0.127467298623833,0.0966680396912483,0.0970762497352523,0.0949389194773532,0.0826673924411297,0.0945122146306229,0.0983284347794859,0.106143941316777,0.115866295826409,0.134664716386615,0.146982614002072,0.172159538450183,0.18846800068006,0.247908627686288,0.273520694130043,0.297841945713935,0.317260198224449,0.336617138795926,0.351926516993637,0.360734100709778,0.361583687073641,0.342216988107796,0.329871660914109,0.303022049673426,0.268959224657142,0.240652253072967,0.196072193971861,0.168060540846174,0.12878158681352,0.0897106643555049,0.0653398471645461,0.0383906826514479,0.0134014715851745,0.0161335721596947,0.00740340160577262,0.0118053423994954,0.0161474982202015,0.0556911960909494,0.064986002509181,0.086489042373432,0.128616856651364,0.165731175633571,0.205728112440628,0.261216613593375,0.303822277692824,0.364202903320265,0.391555331119582,0.419689356975384,0.443872049327926,0.4525882854848,0.438916881600082,0.424016521031385,0.390135434571632,0.35088160546311,0.309069166037604,0.258679590572889,0.210919255924214,0.154030579491465,0.106890374835493,0.0402497463092728,0.00564097868690105,-0.0331519566942886,-0.0497682046074984,-0.0760469578427467,-0.0793741807301115,-0.0780382424288123,-0.0552403390703935,-0.0208004974092032,0.000797888831427418,0.0550298073805064,0.0923740630612668,0.159345016295317,0.210143516212873,0.2905489064915,0.359083471700328,0.412575760359182,0.4527555612399,0.499418228614668,0.514910857066784,0.53279043679174,0.509065924987589,0.502313154401126,0.452287302617984,0.414530995108944,0.352614637657646,0.292921967600252,0.218227003056491,0.142664792258806,0.0719917736874785,0.00863639927977613,-0.0566336435307325,-0.0918942933615241,-0.133733514091423,-0.158528213433393,-0.165748888835218,-0.167603184075684,-0.134060976600237,-0.1044397128286,-0.0650078321246512,0.0122632731309643,0.0817086233459791,0.147269491300585,0.2296017028101,0.312076261357337,0.395133051626844,0.463898701731256,0.517367326502615,0.569805523994464,0.604157071919509,0.604634761693886,0.598450247600286,0.568105075374909,0.50680869195644,0.462998631373297,0.400366453823835,0.30544126786051,0.222552698025103,0.134085679752743,0.0516333869939468,-0.041425430441354,-0.0966885994276258,-0.153661103810734,-0.19846023354999,-0.241770898507997,-0.242317703876463,-0.236151118301772,-0.202412492326412,-0.166091165595769,-0.0882495148379882,-0.0418861403181677,0.053110054607254,0.132132970551698,0.233034009343833,0.335509449749502,0.426934368776012,0.521198331020461,0.57677934269687,0.632688041785164,0.680004873181928,0.683014231830509,0.672260474524776,0.639837701154865,0.589681483518317,0.510736649450453,0.426342685482916,0.336755101075599,0.226855182865987,0.123115211164511,0.0259122056874102,-0.0667868992849521,-0.168084623121237,-0.211951095692908,-0.275505165596531,-0.315151731833068,-0.325587319531824,-0.31239246897905,-0.290995716724978,-0.239963577131748,-0.156632331814046,-0.0645401476442081,0.0205972367468271,0.137502571206288,0.240946311856494,0.356095847307525,0.474269786723303,0.579453965537834,0.645333679897681,0.714365914492434,0.755724053070513,0.755199232942986,0.744690931351568,0.711605613835679,0.647114112751381,0.571199935754021,0.470562168768904,0.36290873001141,0.234111160755697,0.124752318909612,-0.00379359331377585,-0.11280375201374,-0.209738361219997,-0.285381441254043,-0.360200154208452,-0.384501119301745,-0.402028974079344,-0.383794209125378,-0.345485289256938,-0.286469559156211,-0.199453936671458,-0.112645506198417,0.00293063361484994,0.116106176397146,0.264752957522796,0.380034992477787,0.496469256735925,0.620139580178617,0.704295550368552,0.768770863249149,0.810801302683278,0.831231186911259,0.815881355320856,0.76942313715801,0.6925821428407,0.618914304751792,0.491490731708708,0.377047072655518,0.255811168860754,0.107046594498894,-0.0155302949617737,-0.136649412478236,-0.245661648648816,-0.346850239485944,-0.41499463516255,-0.44528798061215,-0.466793341750365,-0.451867429400588,-0.411544015035418,-0.350123024444412,-0.261266390984229,-0.147029370385988,-0.0224212963012494,0.125434999679999,0.262202862049947,0.39829794873948,0.537830660464303,0.651988240956697,0.756765777483686,0.832491077270993,0.876882288595603,0.899576595435477,0.871157370810181,0.832108769716534,0.758343941943399,0.668523558780168,0.533975435046057,0.405515608424437,0.261616193459719,0.109985739994396,-0.047311784658577,-0.175721581543639,-0.299223742798757,-0.403039667481625,-0.472678875076687,-0.510783900686179,-0.532763768043825,-0.522257020118088,-0.473724299790154,-0.401972455235554,-0.293273005823864,-0.164186759994735,-0.0421817952141444,0.101349576586211,0.26338382438506,0.415340078162754,0.574041209896785,0.705608593819531,0.806159383853023,0.888340278970034,0.922976327923455,0.953543680625855,0.935533412068193,0.87854251504127,0.807755036987398,0.685200950504201,0.56783606930513,0.423832032923697,0.262672436331288,0.0961759310993757,-0.0525948032091422,-0.209207295778356,-0.333329439004916,-0.448862343487308,-0.531027796158784,-0.576760623266543,-0.583468908831459,-0.566131355364072,-0.524248299834558,-0.447929198641029,-0.337045131009507,-0.19876726575526,-0.0531444461117207,0.0929434442936584,0.268446056699682,0.43251295577747,0.592974801931681,0.730661796961914,0.850069005428811,0.934058103388994,0.984374473513384,1.00467156771993,0.986843643464395,0.939669423627803,0.84697680666774,0.731661057739418,0.598630247229064,0.446481240967556,0.269739004040363,0.0929735674638896,-0.0796852998590086,-0.238540356335679,-0.376664149642972,-0.49697084854316,-0.575104474077489,-0.635245723490808,-0.644391515960179,-0.632833564861121,-0.572015145904123,-0.485280826922209,-0.370807574888792,-0.235306374694223,-0.0791772848499139,0.0923731570447955,0.271458113220794,0.447392943286596,0.621228436274417,0.766836889250485,0.889807828834231,0.973220788247102,1.02916834805088,1.05330287620174,1.03614906441449,0.967581765028844,0.891572016347094,0.765693202062427,0.611219503493495,0.455293580972112,0.265741910413047,0.0755518405182367,-0.0886855341489527,-0.260454908497364,-0.405976609004123,-0.52061893201174,-0.603611722291305,-0.677325372091913,-0.685406937690077,-0.677641194428984,-0.620277140137581,-0.528805380119376,-0.405187174525183,-0.258098928103335,-0.0865851505442089,0.0912995477796188,0.273654638836126,0.467800684913349,0.635097284584659,0.795344584151724,0.92478961709593,1.0110242837571,1.06280586969166,1.09783914487249,1.06872905381489,1.01870518011317,0.913271731402568,0.7864750850311,0.640064400952882,0.455295088907468,0.286340595951549,0.0807412366717292,-0.102380295948921,-0.271199007489559,-0.430759861366413,-0.562895869738151,-0.654910772482052,-0.725519151901179,-0.73364131414313,-0.713403852595541,-0.659797341906201,-0.554178086784682,-0.429068064512613,-0.273124355848205,-0.0864417580391847,0.0823500809067738,0.278647148655449,0.48207616689986,0.649928502241313,0.811334981143885,0.954008307434137,1.05191601340914,1.09938022669621,1.12767708247978,1.12008041821706,1.05000735242247,0.952562001430399,0.812076770051049,0.662043923669082,0.479460604800634,0.278121601979976,0.0722710678642053,-0.11284265169382,-0.296490196025249,-0.450375630255892,-0.584416153687673,-0.687676807718193,-0.756370747829886,-0.760214037170619,-0.739150847122212,-0.682911235256102,-0.596217925224337,-0.453502958157672,-0.308183419423241,-0.10847192112606,0.085605869102503,0.280917067113932,0.480231738562935,0.668863371804018,0.842530502525159,0.983487827261017,1.06491349526595,1.14039390628569,1.14795866077019,1.13397718266792,1.07715387666378,0.967623158105284,0.845315178515822,0.667658744836256,0.474665702781087,0.279580434509288,0.081315840788809,-0.125457744831559,-0.301460566785736,-0.475219142160523,-0.605822493075167,-0.719068974050865,-0.775460824858443,-0.78890981177378,-0.767625291569533,-0.711919486905279,-0.597133409154253,-0.468115480725786,-0.310853747133137,-0.122270389051261,0.0771102842565794,0.285570086494108,0.491206880044244,0.681934038481296,0.840348922643234,0.992464618816308,1.08992031227406,1.15984738824032,1.18310880211869,1.16524975410395,1.09161274354473,0.979926276599015,0.837069123197443,0.667922834252976,0.488050390125763,0.291744358859583,0.0697435138865681,-0.11694019405468,-0.309445777050505,-0.485086438072547,-0.628957350649328,-0.727981929828314,-0.787442740997134,-0.808399350767708,-0.790217099942947,-0.721254491941274,-0.626733009768068,-0.485622840678873,-0.319751512726902,-0.115723624038301,0.0762858300251746,0.288173670468087,0.48683873687641,0.684145702939569,0.861666276664205,0.996377377375966,1.09515804979046,1.16670227264688,1.18062573974705,1.17096194199364,1.10262185646382,0.990391062752955,0.845517463320494,0.684815184512681,0.494721611536069,0.286109497695981,0.0788719816252039,-0.131304524306027,-0.324140769220666,-0.502609604648662,-0.623339682004045,-0.737694063596927,-0.802287427963654,-0.824736388547211,-0.801246185519857,-0.741506985379086,-0.636622722242147,-0.483154585608677,-0.329644612803132,-0.137418913599877,0.0704236327291732,0.287374198035001,0.493752548991917,0.670388885660753,0.845723636695021,0.998927395612031,1.09543695142446,1.17001171690815,1.19885602855995,1.17260258498957,1.09899251377455,0.99579366092252,0.85772301464271,0.687035213338693,0.495360431678691,0.279682450018474,0.0743636849682163,-0.133098483928977,-0.334264388833071,-0.497587502368271,-0.627362244659752,-0.73651483505163,-0.818447058438542,-0.823591689623102,-0.804657927310913,-0.747328805357545,-0.640711914145827,-0.497971074684373,-0.327176877468693,-0.1256929207454,0.0831815871721791,0.28125609247531,0.480901452865034,0.684548655696272,0.849596785387345,0.993642275319255,1.10401802988801,1.16259553165793,1.19170191868619,1.15395035086224,1.0910679354198,0.998820257013429,0.867092254125531,0.680737992511048,0.486313230820073,0.287493114493679,0.0725310214586552,-0.127556112666352,-0.310835681503947,-0.493031882735348,-0.633729375576943,-0.733466071993609,-0.805734196038428,-0.824287703335095,-0.799615880920037,-0.74413718648221,-0.63756098241532,-0.498715884786166,-0.317674671601132,-0.133807889634161,0.0774444784840379,0.283706227371192,0.493398508716458,0.661446351752703,0.83736598094609,0.977791355570068,1.08453095764887,1.15458797573978,1.17793056234777,1.1606175853038,1.09316301329418,0.976518753211351,0.836621907772428,0.676680507719662,0.496027345068878,0.282359148039045,0.0769926629153107,-0.128867903854026,-0.313918092741665,-0.494742514996647,-0.631830202652315,-0.720093176250523,-0.796753895605499,-0.813196008000467,-0.781900181877501,-0.7191273526024,-0.628451564984187,-0.464946648799252,-0.326409908359675,-0.127878473407999,0.0724162856470151,0.283687649159074,0.477868610431595,0.672745842281104,0.825656167010824,0.960343732990745,1.07550107485291,1.13153354693145,1.14894731399308,1.1333443313741,1.06088201201762,0.970644439679927,0.820635907620973,0.660657602207834,0.478144346348012,0.288948630319329,0.0762118777617673,-0.121542045826424,-0.301537464959004,-0.474751123133757,-0.60542135132906,-0.711613011997228,-0.764732263238578,-0.79297384040656,-0.775319748741157,-0.70792322383744,-0.603373600667678,-0.470655371098279,-0.294128194514997,-0.115698371291692,0.072998635859622,0.273739218097515,0.468231342224586,0.653887917149557,0.816234864421585,0.949179562098298,1.05060739853826,1.1063376899488,1.12234075361432,1.10837652836098,1.04387704205915,0.954757696800332,0.799583123013626,0.654508749927246,0.474335826676215,0.284064870685912,0.0923148457689215,-0.118882087678843,-0.28745881832671,-0.455877028185707,-0.580429600186222,-0.682865717845451,-0.742412336663828,-0.775099335350933,-0.7442554521953,-0.690257673794435,-0.587722533664522,-0.459950643079444,-0.300378936331129,-0.112055730975525,0.0703337492745448,0.286121057561449,0.454368901181134,0.643280462633414,0.794013081867885,0.920228609243512,1.02151227279075,1.0765332476446,1.09123536471082,1.06158050546536,1.02274434665774,0.911977644439967,0.789552775382795,0.637901781555535,0.468108095996168,0.27379135212422,0.0852295745206437,-0.101670813421927,-0.281838825435694,-0.436959117283429,-0.558327052124434,-0.655589530961807,-0.73452602029333,-0.728043600857246,-0.713987634641069,-0.650580322690534,-0.568124619612261,-0.431579321767252,-0.274560127457205,-0.089350086960528,0.0932796062166853,0.274694615944857,0.451929560966926,0.623582066208945,0.768547573597227,0.879994960453621,0.971129105569343,1.03511090583429,1.0523628617057,1.03756492389775,0.980399849692302,0.886313671954073,0.753408110822275,0.618447488410624,0.459148118898836,0.26957193166989,0.0887916236703082,-0.0787147622176635,-0.248650046262768,-0.401546136698649,-0.533124375509757,-0.618703726413165,-0.685101489184833,-0.700886720269338,-0.673920564940807,-0.611322228264445,-0.519622055135481,-0.396875853692978,-0.260463262639301,-0.101550862395473,0.0885593835896603,0.257876987257678,0.438282009317851,0.591468558057575,0.727641846063119,0.84702415447684,0.927834548428201,0.976579461247151,1.01065079669445,0.988553586898176,0.937632024628139,0.847310759687534,0.733627663328066,0.599508906927705,0.425752531998508,0.269930084243383,0.0936417151225881,-0.0739552103438937,-0.232952407477498,-0.374454995543495,-0.49384299782092,-0.581221602072155,-0.615959686316356,-0.636451102415836,-0.623400963428711,-0.580639644179255,-0.491374532875627,-0.365048500530318,-0.222405213183839,-0.0668649353080356,0.102159983419678,0.26529569513252,0.419937482962657,0.577565525831462,0.702494304383856,0.814855869987685,0.893041055587897,0.933364049970537,0.952604956270925,0.942923859364094,0.881911939281016,0.810946379181415,0.70388844760033,0.567770552422022,0.413740978151141,0.25543952867088,0.0995103949802768,-0.05737115073286,-0.198937124536361,-0.338792569324559,-0.446446694314193,-0.528615829925881,-0.576214104739713,-0.592381575910442,-0.554631911104537,-0.533894146197661,-0.443459019295578,-0.337038082582888,-0.202591337379101,-0.0636182580443777,0.101799226745634,0.253689399013801,0.405215103782341,0.535452200086803,0.645638564885739,0.766775148665198,0.836525368703436,0.874838095376396,0.903050031240638,0.891056038307462,0.833590360382735,0.755148081495889,0.656975150522733,0.534827932393133,0.397367012475416,0.255464074572592,0.0986368002217206,-0.0295718544134023,-0.175203072508731,-0.291048110439139,-0.393949010025286,-0.469707258989425,-0.511226264217775,-0.533787648333636,-0.524796050421924,-0.477559631111691,-0.39948163392355,-0.294640059907866,-0.179998693096608,-0.0488717918130369,0.109375575204837,0.238277305596652,0.366321496223978,0.502933292605003,0.620888478804016,0.710729490817461,0.766947846975469,0.814193975035925,0.831795393132364,0.815607211881332,0.775194817765897,0.70641691795286,0.607933495049819,0.498461348445638,0.392141280045611,0.255022908886465,0.109756217278114,-0.01721948049574,-0.14712224731775,-0.255406481354755,-0.339494644327978,-0.404510182482485,-0.456081266529167,-0.469348209164658,-0.455129667952551,-0.412639126756065,-0.342235530613606,-0.250184729730464,-0.139145355463212,-0.014381862641976,0.110211633504595,0.228008652276556,0.371785467180164,0.462756492976273,0.57885843018972,0.646222325302573,0.713608345830922,0.74963878010766,0.753683872715704,0.750675028859303,0.716567103223286,0.636953140981208,0.56286239929417,0.464083210315384,0.357975311605643,0.234427061094882,0.120966936583844,-0.00101221988946339,-0.105631457422331,-0.204742830562478,-0.295939923444712,-0.342384370220008,-0.377449076663158,-0.405231299315976,-0.391540680910269,-0.338176643344321,-0.289901314177602,-0.209343312168607,-0.101642424351347,-0.00175272704777713,0.113396447441364,0.232538051228815,0.33617706835942,0.438798165735003,0.507132810162578,0.595604853172526,0.625886261993039,0.672029094854144,0.691475834258081,0.666159734010841,0.640948782712732,0.583836957899359,0.511603513940233,0.442256742189867,0.338384155073395,0.229505851191602,0.125189184888777,0.0209055446270032,-0.0664220659072984,-0.160483623518831,-0.231892318042483,-0.274855618488406,-0.304348348501001,-0.326314394084026,-0.309254840073816,-0.282756461891709,-0.233497269963043,-0.152714051714944,-0.069018483657838,0.0252839381561374,0.131839005275924,0.212444692781295,0.309345735863221,0.397382849676317,0.454003138781208,0.53066760574378,0.572292652720017,0.590765966806457,0.606480611013954,0.600400592392494,0.560286063327461,0.533922052542672,0.469968229984126,0.381121017487346,0.320598474341745,0.231006691314182,0.1445830557445,0.0426308484759777,-0.0253506783542141,-0.103760704024455,-0.157294062446993,-0.201612155573324,-0.238938679060683,-0.251964943471331,-0.244175883608133,-0.21449700548968,-0.156430085207351,-0.109221508367167,-0.0331378854800397,0.0362997104085886,0.147390906810896,0.213785813080168,0.292379856143185,0.354400715758946,0.415989921993936,0.465313242437309,0.493194212962453,0.519807296082579,0.536058063031932,0.527545924749579,0.496465503089762,0.44938481936749,0.412830001801329,0.348381431370947,0.284688910668439,0.220455200027677,0.147573507942404,0.0647622128129031,0.0155573789686719,-0.0528549256167969,-0.0932394962296253,-0.126830491117291,-0.152951792972747,-0.170389916213433,-0.159983088910003,-0.141132543329953,-0.10916755640335,-0.0429236853661483,0.00638991835155154,0.072791382018977,0.141885549959893,0.202317661364012,0.245650284489053,0.30879042677013,0.358544032700267,0.398424868863217,0.419476482219862,0.437800716307448,0.43824887546912,0.455506197784861,0.414196187841506,0.385283398303624,0.360130199855622,0.311547287548884,0.267067806475594,0.207741398224005,0.157058819009567,0.0925899887109563,0.0483899238273131,-0.00706250133341905,-0.0292688674120601,-0.0670661748165407,-0.0684586904703009,-0.0840226069335496,-0.0719512506999389,-0.0578632291584774,-0.0357932487665191,0.0086766045214651,0.0527114126809533,0.107575322168266,0.15672063271362,0.210845801605409,0.230645212646984,0.272839968753787,0.305868918101126,0.314914816478619,0.334010418462494,0.346761390940448,0.351290706179112,0.353773489556747,0.346336710390348,0.316246172713242,0.29985204397811,0.260000783953258,0.239239290985677,0.198172644687665,0.15439948309384,0.124388403145989,0.0807269526870638,0.0660040154006713,0.0281888565084037,0.0246322951863734,0.00251402816011811,0.015555651629586,0.0136161701799548,0.0266960064685901,0.0328009076763808,0.0625350785068389,0.0973269660193048,0.119254465350224,0.160943981873025,0.186809209945897,0.209802635295146,0.233241016106049,0.236541656035832,0.254318762647769,0.257406016675169,0.262231230406231,0.267086994663869,0.265391970607784,0.259124041444196,0.255419331542828,0.246334613849151,0.218087702491478,0.208642544212008,0.191054341042509,0.173502129751604,0.156136501612914,0.135007391641087,0.122325037496873,0.120830528224043,0.112454050461799,0.105308228401041,0.0900172262282858,0.088729465843593,0.0877430039596374,0.109214287271798,0.132579351378381,0.135880612351987,0.146942626266915,0.181913081468141,0.181709112467822,0.179354489196083,0.175218953442033,0.178279938760046,0.176665760497871,0.182248132102057,0.189141064184047,0.170060972470514,0.192536441207005,0.179215127576354,0.183051505613211,0.177703358988691,0.173932301473667,0.186946189545494,0.187726490149121,0.180795734815522,0.183567637736604,0.187387872952904,0.183265413735564,0.171990615049194,0.174898970618338,0.174968781922263,0.177611311280247,0.18364715259131,0.178531413395834,0.189349579334836,0.178760284175687,0.182803773646476,0.180303759747903,0.178909732101517,0.179911586222767,1.17854678090325,1.17931508673748,1.13233585193095,1.05541246290065,0.941789359203613,0.774835005791989,0.583046595253116,0.37965401771257,0.183820942706262,-0.0277154972410276,-0.237361894266805,-0.413420897094058,-0.563530707970677,-0.696456305427488,-0.778388630859883,-0.830977959691331,-0.823892467713609,-0.778790333444942,-0.698321731022133,-0.574664943683408,-0.425086063938957,-0.241480648500664,-0.0356872643042634,0.177873385252162,0.400363513645871,0.584898922961672,0.771420807796309,0.937996104575127,1.05012275147746,1.15008567223825,1.17324017059657,1.18635487856788,1.15304769964096,1.05614452876066,0.935996119439095,0.770739238039417,0.580472744803353,0.387004537386218,0.18311257821152,-0.0321416179309876,-0.225399056425091,-0.407653089605869,-0.566497455996244,-0.686217321220664,-0.774301412241014,-0.817802634200166,-0.819763568427873,-0.787242143219634,-0.692595992201989,-0.565578609469468,-0.417167347362674,-0.230238133349331,-0.0336257899202256,0.178574140538197,0.38676351987107,0.588239828044373,0.778694498592497,0.933252398100375,1.05853443104866,1.13471974995701,1.18424481921769,1.17531249235563,1.14409772945746,1.06448875857369,0.935389288667366,0.781723121258615,0.595015332704656,0.394578901477489,0.176209687028144,-0.0239063810958955,-0.229623392380863,-0.405638326623697,-0.567878586387294,-0.687486548884802,-0.779861696079494,-0.816920047107444,-0.824582287916945,-0.780731451908631,-0.689119438227505,-0.574592288201585,-0.410570689759058,-0.239619011107404,-0.0335785836043181,0.181483678708637,0.388814357716949,0.580342360012978,0.765610602513906,0.920279823161874,1.05846768016962,1.13540959553679,1.17899229761423,1.19579122427503,1.14853668298778,1.04626202583182,0.94242149291477,0.770478240679308,0.582565604044685,0.385770773755152,0.185067901219225,-0.0352137088299058,-0.22687549035322,-0.411699987681376,-0.574349331148175,-0.692379058901604,-0.786977043086455,-0.817108458402635,-0.832277956443862,-0.783228793521804,-0.692344768214915,-0.56790309967467,-0.42529235115548,-0.224105925816253,-0.0232994183396715,0.17793602886027,0.401291811873423,0.583732513383872,0.77384624884349,0.928045717656912,1.06060457462548,1.14794432459072,1.17714734054768,1.19176587654041,1.13072416165776,1.06319980072839,0.927770306169065,0.770979765803321,0.588549399375473,0.38208824222068,0.176570093370582,-0.039415315595095,-0.230919626999131,-0.422017371345782,-0.573861896575574,-0.686256547458691,-0.768241921628119,-0.819845726305046,-0.816853982257156,-0.783342804281226,-0.695587048048983,-0.565223849751242,-0.403042670433833,-0.231229518112869,-0.0333765255367968,0.180819703422861,0.389904914566666,0.591810306940472,0.7790793196485,0.932369791321874,1.05435880594069,1.14354953450334,1.18411585885777,1.18688382097609,1.12393155126786,1.05210601668132,0.93244298327397,0.774599486036007,0.591156265390144,0.390839955546568,0.189021956577064,-0.0344711654198856,-0.226884628307487,-0.412863847102545,-0.560003092376464,-0.69221097813126,-0.778565172294541,-0.824882047309209,-0.83112284674661,-0.773030402148424,-0.700302162783977,-0.57862312507667,-0.408654992770249,-0.228788574313728,-0.0265207595040535,0.178860221665167,0.39050847060229,0.583427477673028,0.755929497346094,0.933904683203062,1.05607429238342,1.13959792282762,1.18386796264921,1.18849844701236,1.14775107716526,1.05764005046676,0.936774478236241,0.770115149232057,0.586672439244045,0.400974155891679,0.178914911173225,-0.0148389520115857,-0.238388146421737,-0.414293223575755,-0.569098933943778,-0.696760824683542,-0.780821413428401,-0.812735454400457,-0.82170219756791,-0.78287574404459,-0.6894336409557,-0.565769682402458,-0.400728089332698,-0.230125017700957,-0.0241589389158934,0.184306505753673,0.390071872380117,0.585755160219819,0.775779216846572,0.937462862117612,1.04851015303498,1.14639058558024,1.1887770682573,1.18226007578015,1.14144099141981,1.05645134531776,0.928349126620406,0.76922341165276,0.602707869498461,0.399823113337852,0.174913954685249,-0.0217957359511838,-0.221797964795881,-0.421384093096851,-0.566747869785628,-0.697634336459381,-0.78249742686145,-0.831119696941619,-0.832797681220723,-0.780728620828187,-0.694012743712226,-0.565241835437232,-0.417223916694207,-0.228372462996206,-0.0308364575869882,0.178632025642564,0.38502802544579,0.586156894567364,0.771070276198293,0.93841795915951,1.05686167454853,1.12736279584523,1.18844021800387,1.18636417027839,1.13484627720253,1.04516160909888,0.921200434202025,0.776769757862874,0.584388538603154,0.395675773610216,0.184583276012701,-0.0289857257669159,-0.228750659015491,-0.417438642285892,-0.572374935397593,-0.689150620644687,-0.783277059771727,-0.818450796562879,-0.830752316769114,-0.768981020315644,-0.686199338374529,-0.571213748767028,-0.4154931134179,-0.228733688788065,-0.0221492907208092,0.183640115466226,0.387440906700615,0.598656837306594,0.771021358907347,0.932878136327042,1.0451739879408,1.13371936446906,1.17851409792556,1.1789713057611,1.14054125698058,1.06279532931622,0.936369979162869,0.773911205004872,0.587999867940453,0.391303703250873,0.173072272430759,-0.0282993454197602,-0.235137910286308,-0.412018467545453,-0.568871075410539,-0.693541590392448,-0.776645949709063,-0.825095294469621,-0.81877553438414,-0.775783393742704,-0.6870114692016,-0.573652821497265,-0.424574848845138,-0.237747562805673,-0.0257791056360209,0.175438516842756,0.396367890121826,0.592929596099063,0.779816369267325,0.931787761054254,1.04655754098407,1.13919403584242,1.18423308293811,1.18265504363829,1.13184876825982,1.05487573905416,0.924914415964837,0.778445276891641,0.585779481578811,0.38667818405678,0.181914918334052,-0.0361962703245346,-0.229033670738365,-0.409165935824282,-0.572156606835668,-0.691314689870087,-0.780201083113654,-0.828832688600077,-0.812528919038136,-0.78282535764572,-0.687531995444345,-0.565939396095037,-0.40160877462509,-0.231736064442001,-0.0362942858409015,0.188521052268694,0.382322516879937,0.57813515205253,0.772330181840862,0.925992602459335,1.05913881046935,1.13398716245211,1.18622816240171,1.18583676090992,1.14346702530003,1.04837863050156,0.931839399432312,0.777958020608927,0.593631049242287,0.388627648526202,0.177333052480081,-0.0262992502685884,-0.224452422036189,-0.413295860136802,-0.582649224267461,-0.688988145453541,-0.782496850857825,-0.826796375297053,-0.827004546864616,-0.773794573588371,-0.68831077132121,-0.572155492427973,-0.413503610681336,-0.226877744701017,-0.0230366926426785,0.17959151289966,0.389020949552782,0.58777831615195,0.774630780910372,0.920281241060595,1.05305820547749,1.14425652080237,1.19215718515076,1.1844756491994,1.13816573109171,1.05857463662649,0.935055839826302,0.780950388598367,0.596013599274897,0.384264453013632,0.18438901234837,-0.0365034728321215,-0.225717703627796,-0.408728734262388,-0.569064976427869,-0.694998138738636,-0.792042484494233,-0.816610431266945,-0.825125093121604,-0.771141800792776,-0.68434080341181,-0.57004072200602,-0.421953498100049,-0.225251058728092,-0.0252707347846251,0.17323161263392,0.387943911364203,0.594048411024744,0.778411508830896,0.92450062158579,1.04720823598499,1.14164498690481,1.1859795011301,1.19124107522104,1.13732510719481,1.05409461782449,0.934064071819425,0.768264405861755,0.58969340189235,0.383910574158497,0.161111049942486,-0.0343579439774766,-0.228036812190708,-0.411061260284251,-0.571386037342007,-0.69809049214337,-0.782976878570698,-0.824886301241644,-0.819643533333369,-0.772424128254582,-0.686398919190041,-0.562225835934921,-0.417278566154028,-0.23075693167739,-0.0317147475263468,0.175498560905115,0.385944086266557,0.59040196225159,0.773972273282598,0.934373487158714,1.04845420183204,1.13885545740598,1.18911083924925,1.18292925315406,1.14295292134457,1.0598603500684,0.918533692925411,0.778616428827554,0.581249396562971,0.398119194774342,0.185144489620292,-0.0316681027709326,-0.229531047251635,-0.416920389115144,-0.565194828076499,-0.697292951583149,-0.783827169416932,-0.830880139194293,-0.816343423391329,-0.771538339652463,-0.696787026644811,-0.565494274185433,-0.416370020898421,-0.228282548488546,-0.032886071373724,0.177679636604755,0.389439188343285,0.584853675016625,0.763500924841939,0.932498042158427,1.07227651502222,1.14166431084441,1.17028381317473,1.17955358134134,1.15275611180325,1.04356609091064,0.935971861698306,0.767912837562971,0.597170513655786,0.391006304058458,0.184249052938288,-0.0363859790250926,-0.223945271929809,-0.417253736300556,-0.576304645544777,-0.685052615994354,-0.792647298880998,-0.828833276432154,-0.821965314384378,-0.778878620124046,-0.697801305174758,-0.561532161141202,-0.409748562928961,-0.232027494987846,-0.0262343091860042,0.185507755637535,0.39063708865011,0.592757735772614,0.767276534816109,0.93649786229495,1.04723283279249,1.12347217537195,1.19129342070922,1.18207624685492,1.13862992454096,1.05066776804615,0.934573255562134,0.776262540006761,0.582577114205122,0.391982176149579,0.172864903488487,-0.0275356520888233,-0.229649152140095,-0.41994337852017,-0.562428734540857,-0.695606209201145,-0.771184172558896,-0.828405531039756,-0.82818351349576,-0.784049083209137,-0.706540854387956,-0.572999778097409,-0.403281072652311,-0.230094595318831,-0.0333118871810987,0.178450212044993,0.397477099778322,0.585087036098153,0.772550379773801,0.914991654336258,1.05256926161576,1.13768373426672,1.18094340287464,1.17869745081542,1.1419988617003,1.052375214427,0.936622725038763,0.776231629423701,0.592680419306045,0.393410802988391,0.177413286306451,-0.0392977557450559,-0.231635934999656,-0.420187380140893,-0.568582265092133,-0.691527386121883,-0.777969512556673,-0.82194780690243,-0.822801750946128,-0.787189730519721,-0.698194432382494,-0.566445126988269,-0.410049953837545,-0.232018147242732,-0.0402401988153579,0.182240151717158,0.391943304209966,0.596066485021492,0.7708700533536,0.931308007545975,1.04610956207361,1.13948822559469,1.19256794709264,1.19271034553453,1.13755765231084,1.06026115639109,0.922786577903076,0.77373938685438,0.587458720306379,0.382721800696306,0.177277104777334,-0.0318707438000606,-0.247210347880097,-0.415061464090846,-0.577218464781592,-0.68899592096009,-0.787536329810747,-0.823973528281782,-0.826372127749703,-0.778268190414693,-0.688648218135405,-0.57236910765779,-0.41976931938388,-0.228920711384944,-0.0408144726545892,0.179435715428473,0.386709952103507,0.581621825684692,0.77341511129708,0.924174888507909,1.0547039488515,1.14133302154269,1.18237656708386,1.17268999014826,1.15020621901476,1.05884188811542,0.935714546197783,0.770033547557845,0.592759247601316,0.386418016550861,0.186936236854559,-0.0228441262261452,-0.222960076747302,-0.401959868351438,-0.566760683500723,-0.690354955214375,-0.776150743625304,-0.821699359225899,-0.824713265201504,-0.771611128535083,-0.687405857304799,-0.572411407199504,-0.406547700599086,-0.237044069248914,-0.0336247543087607,0.179290986530209,0.382200265919147,0.584879071144447,0.771108333633251,0.935038165007237,1.06009816718644,1.14283584443731,1.19188838918851,1.18434280444428,1.14184511553284,1.04992331217645,0.930475189933981,0.775754311822873,0.599279880370969,0.390969381329209,0.172156680992798,-0.0306023185578033,-0.226684667213973,-0.400994487472492,-0.572114224511476,-0.689872804889265,-0.778205486964267,-0.81377783400736,-0.827012697105554,-0.77587972594085,-0.695502092786042,-0.560544424180894,-0.41019211439112,-0.230088045928417,-0.0299170562806626,0.179872189624067,0.394333453509337,0.596213496862775,0.783010979562818,0.927464964876434,1.05400857643533,1.13988936411214,1.19056750400418,1.17537351799723,1.14119735024984,1.06192090326152,0.926349266345325,0.779733574756938,0.580029351592665,0.386853184737677,0.174086937281593,-0.040203673630387,-0.237162323521766,-0.429410513461281,-0.573556837368755,-0.695534152243078,-0.784432080586627,-0.826588440477524,-0.823307822839189,-0.794102403606258,-0.685383436652133,-0.577171107491743,-0.409797245606949,-0.238537526928621,-0.0281236508394689,0.17442386840458,0.385929514043807,0.58768762060567,0.775842984005105,0.928064647256401,1.05558741863597,1.1370077994619,1.19306987877861,1.17821625198278,1.14146083507944,1.05776808431501,0.929105091917515,0.766262631529062,0.585965244444732,0.386020318863053,0.196349851591808,-0.0382143956727063,-0.226309600895845,-0.425428189645832,-0.56979393840505,-0.689415896937539,-0.772577595047246,-0.826858712426525,-0.834124724039132,-0.780935875209137,-0.700115399442549,-0.570943219849664,-0.411958955644664,-0.232315573241455,-0.0272585960589972,0.179095674138008,0.386193223558843,0.583842209606706,0.774541184600441,0.924154409176238,1.05416824614191,1.1438711076883,1.18306163023532,1.18242335868711,1.14066397134691,1.04568522537488,0.921245064776911,0.771743986810852,0.582849724067855,0.393164396372666,0.17505509752097,-0.0308530736868631,-0.22658550880065,-0.419256344696127,-0.574525689487303,-0.691675316065862,-0.787122375945428,-0.81800643580109,-0.822288222130298,-0.770654248997366,-0.685461978150153,-0.568019159875723,-0.412346824471498,-0.216771091843761,-0.0337425432236876,0.184730531801868,0.38067061746762,0.586715486960235,0.769315690330769,0.941786832013401,1.05436268992276,1.14919468200599,1.17659230163354,1.18657306481973,1.1400916825321,1.06152543570499,0.931610637448561,0.771958089125652,0.588239602716509,0.389427196713378,0.181032404794469,-0.0280260406039487,-0.226658164155415,-0.414307772842211,-0.570213187158785,-0.694208588617349,-0.779061261545721,-0.826708454418977,-0.826370089388639,-0.78868358559445,-0.697044803683589,-0.566908386603126,-0.413657878421108,-0.232808781319511,-0.0354999590060709,0.180181156214852,0.384593242069855,0.592083989204912,0.76478930593467,0.92828696230045,1.05056782146994,1.14306515083939,1.1824441616094,1.18860877735113,1.13636931692865,1.0527224378676,0.922091481891841,0.768137544917244,0.591568133038796,0.389480582568785,0.164102660830445,-0.0305340853386699,-0.22760689024814,-0.410127609881067,-0.568666494847607,-0.693152908371149,-0.783157768463015,-0.826819817300227,-0.820288041262437,-0.780034036010406,-0.697916982572276,-0.568840304576033,-0.413059639953376,-0.225938409810977,-0.0180971152852191,0.187011675145238,0.385859584559128,0.593147574159224,0.776590443669166,0.934390989271596,1.04938992201132,1.13884046255483,1.18448317768408,1.18655375402591,1.14641659520551,1.05530633671172,0.920948987515121,0.773973283806655,0.596575156996574,0.390254948019818,0.178757045812068,-0.0221813863170892,-0.230312597630278,-0.413631119391146,-0.568257269158117,-0.698637588553621,-0.776158410150478,-0.826907725758101,-0.82400798392748,-0.781620499015223,-0.694927612137804,-0.566987818639717,-0.416972674964073,-0.227739456170603,-0.0340818080957615,0.174238996858256,0.384452845577988,0.581379899159799,0.77812780768471,0.929148074709883,1.04762859616816,1.13786446983029,1.17976725374462,1.18309532684032,1.14410421220691,1.05404587793819,0.940866161783322,0.765721280794025,0.57998224074262,0.398711125484721,0.1835241763156,-0.0231249140118786,-0.223898740974533,-0.415444750544265,-0.576880639054468,-0.696298523120436,-0.78782871526622,-0.826819976239481,-0.826984661860304,-0.783655918764349,-0.702815936534892,-0.575851191161165,-0.416660415441195,-0.227472090860966,-0.0228256356959938,0.173889714790619,0.397682252306325,0.607555744619468,0.778918889176448,0.928508660810117,1.04759471875561,1.12940642736714,1.18336220319981,1.18326153902841,1.13699610139806,1.05262312671774,0.936707052064689,0.775159919392041,0.601252130336641,0.390939770385739,0.182276314514334,-0.0364297574273679,-0.228630093166411,-0.423126049798109,-0.57260100343243,-0.700762416356345,-0.772953893035224,-0.82159446654537,-0.825129679579553,-0.785959854769377,-0.692109048966191,-0.570281587007722,-0.417713286183967,-0.225401083969215,-0.0339331235744797,0.183148482863049,0.379713800577924,0.594665184843793,0.784072616035474,0.940650305087419,1.05422909802764,1.13792973085424,1.18139065411672,1.18610850268669,1.1440663470141,1.05646857145514,0.929923765541366,0.757776403420121,0.581277947510287,0.394134934072586,0.186153288915499,-0.0243879550270185,-0.241744259803587,-0.413835031133064,-0.578574532385549,-0.691150878991963,-0.780765523518917,-0.828314395394608,-0.826113630212373,-0.777528354296596,-0.699720518049431,-0.569374673475686,-0.406157617567418,-0.221515358908616,-0.0371654260331981,0.187129060739935,0.391608191096544,0.596905177260205,0.765795081500729,0.929829535795904,1.05649041505137,1.13600383507385,1.18244554052516,1.17713797161366,1.15029811069899,1.05127796265279,0.934642120170352,0.777170668122015,0.594494085027993,0.38126613895032,0.174790406552149,-0.0272097166232855,-0.232575109297695,-0.404151187526527,-0.572642244549602,-0.696214021770186,-0.784659698670723,-0.825287837387052,-0.824459992643221,-0.782115157360573,-0.695008112335935,-0.575176753303219,-0.411983987013772,-0.216106283133785,-0.034985224509967,0.172191222402559,0.381402043261658,0.586609753143165,0.778006119533476,0.939477856629902,1.05597043091474,1.13669428688002,1.17635266085658,1.16991204823683,1.14558913103769,1.05570069940629,0.930052166896727,0.77230271450758,0.574229838683241,0.387816187949794,0.173529900336803,-0.0331371965849286,-0.235663695946563,-0.411449105033884,-0.566864335519942,-0.71492322370752,-0.781230209598558,-0.829232068111111,-0.82351328666674,-0.778224608840874,-0.694236751548739,-0.562997089832422,-0.408174727033673,-0.222372326008725,-0.0443648771625753,0.173143520250694,0.392520884437787,0.594134837442855,0.762323569217202,0.930588856178544,1.05081341756309,1.14830175816613,1.19036017738136,1.18861929280162,1.14746700641859,1.04423724792404,0.932832282860638,0.770681879369881,0.598770402230567,0.384415771729744,0.175277510510298,-0.0272379666907435,-0.226522098858466,-0.412808487078961,-0.583501224043686,-0.691140833622153,-0.780932310944987,-0.822793668303852,-0.825849896865534,-0.783140446740503,-0.697662328948142,-0.564926558123982,-0.410401118083772,-0.24176227308664,-0.0394072782753984,0.170456496348743,0.383281426109949,0.596535377954977,0.767467223975663,0.922240880626076,1.05058211703113,1.13971941181048,1.17457608074978,1.18698233635972,1.13158889256898,1.05920414143942,0.923775113266198,0.769410185987705,0.582609935636337,0.402209863131622,0.181239706585432,-0.0295328240499139,-0.233356263031704,-0.405875833886035,-0.569714762851995,-0.699349805456204,-0.780456120298421,-0.813399087027214,-0.806776828167338,-0.783539195285051,-0.696166667516314,-0.568485744024476,-0.415259704479408,-0.228714182138539,-0.0322367139653163,0.178381591774992,0.394112229779883,0.597181113678142,0.772282788530245,0.926241307246422,1.04826023055096,1.13653543086064,1.18817339369043,1.18864916248499,1.14531947737832,1.04986239394279,0.932414343797414,0.766271177935334,0.591488018800264,0.387487069732568,0.178506757206219,-0.0286207291998768,-0.231127013592407,-0.413508898098514,-0.566218294650036,-0.689875540511587,-0.774372496549813,-0.825590963040343,-0.821064821356062,-0.795808779455879,-0.694236070767298,-0.575719637880295,-0.411535225367013,-0.227445122665171,-0.0340447957334224,0.179903938107363,0.379576807086425,0.589308982763196,0.770392696496824,0.92531003499869,1.05007472709144,1.13764385174283,1.17959974856285,1.18971721427264,1.14074319729844,1.05797386640516,0.93313855636225,0.78463722989836,0.582858543693993,0.397405358727858,0.175830579240962,-0.0195415231165799,-0.229641047157079,-0.427224884369852,-0.569090946817192,-0.697694797065242,-0.774376836513576,-0.82798557941906,-0.82145430126471,-0.780922375174068,-0.690112312612484,-0.570094687299021,-0.418855486305091,-0.22660264352905,-0.030905699757592,0.176408828069487,0.396657488367585,0.591429932533449,0.768984590710603,0.925354401402808,1.06245794964724,1.13294121086585,1.1833115883066,1.1879994035673,1.14235538707031,1.0523088311764,0.934146059637292,0.760943275254998,0.599838014248654,0.394588406367716,0.183864234648709,-0.0354740790350918,-0.231708334290834,-0.409425244419214,-0.570730912472442,-0.696892950364389,-0.785259526764072,-0.828431852502981,-0.823343241232071,-0.780877648550848,-0.702217909453577,-0.567657810410246,-0.426753202641738,-0.225075414213839,-0.0316709478053339,0.177223231060907,0.388521029103911,0.595835284218103,0.772248209865049,0.932567376392446,1.04867228856875,1.14607496666915,1.18618933821602,-0.829699539754554,0.170464992674161,0.281849559011454,0.484146152425713,0.690630121919086,0.856853027231994,0.996179946377319,1.09795952200482,1.17091748815753,1.1877954824828,1.17211525749422,1.09729143709085,0.993547477746446,0.845560940196801,0.689401403909859,0.491826944377544,0.289404182184583,0.0784648640622749,-0.148512316758481,-0.319408847087106,-0.491775763132756,-0.632094959676195,-0.744730908998314,-0.803889495989432,-0.817017763893736,-0.810609812906321,-0.733940634680535,-0.634839364984848,-0.493582261469855,-0.327863548569885,-0.14377796370717,0.0697715940098527,0.28405885004391,0.489214447950895,0.688109128358073,0.844199762693949,0.997581938586622,1.10044568229957,1.15709532805468,1.17960831193287,1.17220885129512,1.10409961426167,0.992164239405631,0.857914663892039,0.681990454842335,0.485537294807922,0.278983129843597,0.076528518472752,-0.129797823564608,-0.32925531903492,-0.4976229476642,-0.628638273887317,-0.751858095924668,-0.795993314834314,-0.822810988072632,-0.800388057859308,-0.741742466453831,-0.631976500403965,-0.496407963470688,-0.330458273176745,-0.13334533970926,0.0733796913669494,0.288906496550526,0.487940895104749,0.677109087699463,0.842832846947369,0.986554767294609,1.09319341605479,1.14749300601441,1.16547588976353,1.15465334514102,1.08226831685345,0.974664794572982,0.841079690262783,0.676096810565891,0.488874857029092,0.281851942425113,0.0837293352844285,-0.126059698538448,-0.323126273268703,-0.485412046095789,-0.626557351532653,-0.716333037986552,-0.795101272087047,-0.810599794205857,-0.787503474948091,-0.730171792101087,-0.62229680027489,-0.482814214611014,-0.322705988066863,-0.125400519251663,0.0778966116083881,0.281587024949288,0.488553936422414,0.666614230826312,0.835705649137982,0.973400410947606,1.07291480796331,1.13360394691303,1.15782138596201,1.14346457821557,1.07557613588619,0.971705900555018,0.831781738313053,0.678413903743454,0.476775103060607,0.282353360668769,0.08652770671035,-0.122832222924299,-0.311540269853957,-0.470118198931952,-0.605181650000185,-0.703378957156245,-0.77059141789824,-0.788128857997494,-0.780933851917724,-0.711437848042932,-0.604842376558532,-0.473234423317703,-0.308272486179495,-0.118407126555873,0.0825147111064504,0.293134464946449,0.476808147097952,0.652652513195372,0.82005202908478,0.945071278912985,1.04808963452315,1.11324363608577,1.12446711180962,1.10107983747539,1.03900527882606,0.94882163010556,0.816720069947959,0.653194985408036,0.46551716147883,0.269245732873352,0.0704665752844562,-0.108048264457677,-0.283983416906591,-0.452589619101769,-0.58360476924132,-0.68818771987289,-0.748960991386252,-0.771326118376471,-0.743300496941263,-0.685223299306155,-0.589114826368536,-0.464357022486706,-0.303184921625827,-0.109317784822594,0.0830026234902886,0.275995442810035,0.451169252068174,0.644698078099409,0.79291875769862,0.90916387464415,1.01355301665349,1.08820078848108,1.08821229734649,1.07923104115579,1.02179171358188,0.922072020129286,0.784189707765571,0.637389566818992,0.450663702870385,0.276636443960993,0.0813197055988902,-0.106561315803614,-0.274416415530892,-0.437066832608482,-0.570295457176718,-0.651567178964726,-0.711669856251242,-0.747474079316039,-0.707518797111596,-0.660573233347733,-0.554794586730132,-0.437401081225648,-0.281400413600245,-0.105279347546396,0.0871315895995751,0.268127899682135,0.448401159485798,0.611817192105363,0.761137112382392,0.893703975680491,0.970127666143103,1.02715776479203,1.04793401174607,1.03540086346561,0.973872063955777,0.879016378277353,0.76434972435788,0.608141078717352,0.443716436840167,0.271864648691621,0.0968848614007158,-0.0951062124017572,-0.260022361947749,-0.414624236653165,-0.534786627377807,-0.615903980747695,-0.661525191321713,-0.688643494625221,-0.671526633225329,-0.618842111697451,-0.527516399780733,-0.397655178582603,-0.258236803607088,-0.0912587370063376,0.0890979363141078,0.263996557923487,0.42597916186743,0.596215548223007,0.725277345304421,0.847679536715382,0.935749829944249,0.995408824478682,1.00550201122793,0.98251772828379,0.93141446578315,0.851437763443587,0.723820814201568,0.589476010685967,0.430108244283247,0.269788155022869,0.0849452799671826,-0.0706643504222385,-0.235896704225974,-0.367174067469297,-0.488407061638784,-0.58423997361822,-0.618078454799654,-0.648022251873876,-0.623304696686647,-0.569657735652013,-0.495553269612163,-0.370028907130672,-0.236532266144754,-0.0694738279597826,0.0896579419374698,0.261673808464447,0.412410218465874,0.565683492521248,0.696951178477392,0.802033477958113,0.890170552577152,0.93834041242991,0.951908133000546,0.927575282435142,0.888644229987756,0.801394491751181,0.698670115033651,0.55994245034227,0.417164389109788,0.258685406332216,0.0990684001559984,-0.0615820496008193,-0.209019136253315,-0.331557245831672,-0.441381493264415,-0.527037779877154,-0.565621357335075,-0.584358884398981,-0.572707916129162,-0.521257298321238,-0.434123724225054,-0.324981686763467,-0.212299100798728,-0.0601909759114861,0.0988533964040276,0.247669876766529,0.403744209984806,0.548018054339174,0.644941910822404,0.757386447241584,0.84186347099673,0.875391520961899,0.888437804100857,0.873717301321555,0.827199917461526,0.752611810906518,0.661905630247827,0.531850488790351,0.39798194938304,0.261578355387279,0.115087096763497,-0.0449201748851183,-0.187870011985323,-0.297562224352126,-0.392949492553864,-0.471889546812611,-0.51798883132888,-0.530529458356995,-0.509194645882745,-0.476507959245572,-0.402943560452481,-0.300483868358876,-0.177657544236744,-0.0354666417176826,0.108818942633053,0.253213849728833,0.390596023818722,0.503319957896619,0.611904716690935,0.704537553140726,0.766937055198695,0.821057014422133,0.835315192519488,0.826623320914951,0.762718121402663,0.700512198273013,0.606307514112807,0.498676586482824,0.388079177525596,0.249877766287193,0.118396566680874,-0.0163015963225173,-0.143407187478581,-0.258715534023593,-0.342809199186783,-0.417063158942581,-0.451159560146116,-0.472070868855129,-0.449590643756061,-0.403760628242723,-0.345885628697878,-0.248878544949654,-0.15828626937067,-0.0236156628136611,0.0963376926240197,0.242804181464356,0.369177896225686,0.476189339017499,0.575607352340505,0.633902104706791,0.708457121094947,0.744895645048297,0.762581540539817,0.74664369157654,0.72015544758809,0.642612171859391,0.556646570502923,0.472005483650791,0.355395177205948,0.236664977248957,0.116663626326864,0.00179533498785053,-0.111930459789687,-0.208703883728518,-0.292179594204788,-0.352557094388955,-0.37558842900219,-0.396731954103181,-0.395648777246333,-0.34991182769821,-0.297112450446359,-0.201665126951043,-0.106714084555601,0.00373203419650243,0.122643595625271,0.231032321067923,0.342699836721451,0.426936627545205,0.514638396367239,0.593199097966402,0.647501593310154,0.673901267640789,0.686750380396852,0.67763938580846,0.654051522243163,0.583900060755554,0.530745565268819,0.432403678271047,0.325849648110698,0.236183555746734,0.135479769024222,0.0319271688421349,-0.0666963679054767,-0.152826933843401,-0.228412716816663,-0.28183049737424,-0.316909780717105,-0.324710679642615,-0.319410787239859,-0.278536088394059,-0.220578795733822,-0.161039620629898,-0.0662846299874486,0.0342594962650929,0.130452240667131,0.218984652971467,0.316587406629829,0.39236194663204,0.459052506947201,0.51643631102865,0.564571877994705,0.60201493244047,0.604610733700172,0.585006868284517,0.569559879952745,0.521758810971952,0.460443043085843,0.389085671258753,0.315947657006515,0.231469862571528,0.131114935859095,0.0574471820499992,-0.0313051355296042,-0.104480644964827,-0.171898199500699,-0.211528816522361,-0.244132775007415,-0.255125206301873,-0.242080942991234,-0.212065571225141,-0.175194844146648,-0.108814997895175,-0.0403452452377855,0.0506192029591475,0.12656813650075,0.224123810641448,0.291718439601221,0.357824282158744,0.414078934656149,0.459066963395469,0.495864446550405,0.520884402415525,0.528396256500171,0.521412595344584,0.504611943300825,0.459917476481231,0.412377118810303,0.351051713665003,0.289615321301381,0.210973126813985,0.146954495884528,0.0632138178778639,0.00507385869637615,-0.0529815039406561,-0.103349143086582,-0.134319152114028,-0.159442312558233,-0.162039683173208,-0.155562291970022,-0.139407036814068,-0.0962070946692882,-0.0419461972662817,0.0133746844714917,0.0609528897802647,0.138578780316053,0.20637125189705,0.26031022075278,0.324008168422645,0.351949835250795,0.387721884946032,0.417388382302827,0.440465196560415,0.447449171838789,0.432777068162567,0.421208286002692,0.39725343212117,0.354336830299867,0.319043266574174,0.272338626286125,0.210025492114287,0.146348298771492,0.108361034483805,0.0293016577469455,0.00889688331178408,-0.0230570689739393,-0.0545257009676215,-0.0784749477758697,-0.083498805628533,-0.0801088468281978,-0.0552518647055038,-0.0393826311127162,0.00683412496526943,0.0479824072025565,0.0957380486237768,0.153765631569136,0.20107575855259,0.236104389539932,0.268653902608128,0.286423595978668,0.314738449384725,0.333160848282878,0.361951242782576,0.35063078477344,0.345913831263826,0.337335415558789,0.315148056742618,0.290684922035489,0.257188033582112,0.233162447660005,0.20384137943066,0.162665488067277,0.114955100689485,0.0889999525640277,0.0639496248288166,0.0398024227021312,0.0196264209569434,-0.000505190672891939,0.00646863798641171,0.0161731201605927,0.0172740563717765,0.0434647123509015,0.0658649238620362,0.0858858275142431,0.127958514117906,0.151982979322122,0.1890178992854,0.205916867291571,0.223436328036992,0.226468472919935,0.25529228138125,0.256721237837165,0.263799593486155,0.270777539803508,0.274342989621418,0.25804845804558,0.252010227439034,0.25650896452877,0.225499426031794,0.197070062135797,0.182831170532758,0.162802803024259,0.147484615736101,0.133556131002108,0.114799962945974,0.105671082114316,0.108506188562436,0.0998114545273074,0.0970562805518104,0.0932079038124127,0.100478445420556,0.102148289893477,0.126548399385632,0.137734821545804,0.158434734666187,0.177662309313363,0.171207447399009,0.180777767340616,0.184681336610073,0.182129696812064,0.189807132646346,0.17665460482065,0.187346306275574,0.17772908125312,0.169462976797629,0.176206056287986,0.17774727761158,0.189721430258153,0.172732020867943,0.182423736402818,0.173295280442705,0.170969823963333,0.174388711300696,0.169126098722184,0.177114555613065,0.180778844346854,0.176906524042932,0.181150754377684,0.186313322135686,0.194413130917206,0.178804855702706,0.170281725732201,0.184132656930254,0.177319619673683,0.177645769946261,0.177131238013744,0.173527741308033,0.154613302707822,0.142618378296004,0.114284705846507,0.120642709584919,0.0868211573788045,0.0813583713910054,0.0903055269841216,0.0925503960601057,0.105617943128176,0.101548504729203,0.124414201548711,0.13950752092529,0.159587761436722,0.164734951463625,0.195194185060353,0.208166352518877,0.218969011082256,0.241593226652802,0.250082059198754,0.253445092355326,0.262807274647771,0.266518203238719,0.274164846006439,0.26153972566291,0.254362736003801,0.237580810949644,0.231284156430252,0.206589402488841,0.189010646014674,0.163186086126349,0.12239410595186,0.0943256123244911,0.0800273228938325,0.0430035710526509,0.0195612100192226,0.0165134976678851,0.00270247138770378,0.00419100091074665,0.0141964307302278,0.043652369755902,0.0587087846511818,0.100348624658567,0.113317302593962,0.154582133408741,0.202256708957903,0.240814988125385,0.272678588684468,0.304306720246132,0.318948034179252,0.33563107315824,0.345348318043084,0.348928273542515,0.358380409004995,0.34734503257873,0.327597627490762,0.295168989846817,0.266012728332664,0.233498683884826,0.184466248116368,0.151836463952235,0.100463871975829,0.0503356575008172,0.00530121397772127,-0.0371362740787576,-0.0654495953583722,-0.0815901878467286,-0.0824263082983101,-0.0714135580679254,-0.0557558802974095,-0.0325298516455947,0.00075934788274668,0.0524153230227293,0.0900790810274478,0.16125745681485,0.202815363244474,0.253404227539017,0.315905916681835,0.35084595685489,0.389408588864902,0.414980655972839,0.435308115970715,0.43539158981339,0.432842536660789,0.420455441749158,0.386361071144424,0.347741539472625,0.309894714282774,0.269781850655573,0.209336076831088,0.146111611215146,0.0817005584428079,0.0101175258239363,-0.0540703450124363,-0.0928611644064433,-0.130438725226309,-0.146924591460638,-0.166992213039923,-0.149104570552161,-0.125706329834231,-0.106472670967065,-0.0407849345273972,0.010763098886505,0.0735652947045195,0.149516178241757,0.210307690673457,0.296048492941932,0.353114583584904,0.418405293347303,0.45489535280816,0.494648653893003,0.513957771839458,0.528763782288604,0.527072055147385,0.513227245723025,0.466006964442348,0.405108673171405,0.359396990083031,0.279391034418988,0.206172162899663,0.144417931467545,0.0507757300141194,-0.0254431084541343,-0.106276527760842,-0.167848338532286,-0.209240799348535,-0.232078330775085,-0.248169208652651,-0.236904930807628,-0.199703422864816,-0.154718976657379,-0.107927027131663,-0.0275585818746405,0.0407573110737507,0.12902605549619,0.222500942504261,0.311575677280048,0.390544752232345,0.466049360151431,0.533487877403928,0.567069608982191,0.589331917976257,0.611218911596027,0.600595726694645,0.565291764013869,0.514336788186445,0.468118495951174,0.39911540260225,0.311174879890879,0.226315917359607,0.12442795683344,0.0160233084388247,-0.0716441050700208,-0.149312141919395,-0.227545489541129,-0.269940633675911,-0.313150888202339,-0.326233352471881,-0.320166893208878,-0.277479682934059,-0.232770463301522,-0.163726371171882,-0.0774507339247229,0.0245951510275084,0.125166334285985,0.229160389945061,0.337513105787751,0.42314656956791,0.517328338398199,0.573045321581153,0.642014361690369,0.675358379618812,0.6864640639701,0.676801383509476,0.63998794628977,0.584240438040321,0.517599605954216,0.437153889146076,0.332469040464929,0.235606342516477,0.113320916959509,0.00449633952771353,-0.108906025693813,-0.212997460119726,-0.289918762946314,-0.351043499796565,-0.385055331224846,-0.395488803553574,-0.395125588458325,-0.340111776061557,-0.282471159157391,-0.203970171077785,-0.107943159303476,-0.00478876520354318,0.119942789502452,0.238775274327523,0.365430010483051,0.468615599335773,0.561369027056119,0.635568265658596,0.706500047111698,0.743996338410145,0.752152765705132,0.747258232531536,0.701116702678938,0.646016686749743,0.567277402154826,0.470379517561651,0.372674344152884,0.246408355866609,0.111403575712797,-0.0133576763722532,-0.142266165942129,-0.255158670792998,-0.339269948367056,-0.409466729342765,-0.458528246303649,-0.474554570668235,-0.456322383087415,-0.40669135576131,-0.356587666851443,-0.250040747259502,-0.146261564992127,-0.0153944225132986,0.107841643466409,0.25180077548759,0.376346769015259,0.513284034698008,0.613009653183321,0.705257520304527,0.776477654486654,0.807154705001979,0.831554093457353,0.809490265161487,0.775764010997047,0.697549872943473,0.612083700778923,0.495546639930679,0.379894614561798,0.250730008840857,0.112974895070631,-0.0425495985910536,-0.174947460513854,-0.310847987907093,-0.396517850101337,-0.480400684920228,-0.516802294647383,-0.533835611590072,-0.507602223075282,-0.469553402383506,-0.399155355919709,-0.294126688184613,-0.179569099921981,-0.0387222799356599,0.11715115278606,0.246834305650071,0.398071566711903,0.547532921104268,0.663434577832266,0.763528939090116,0.817921230059467,0.879935566506374,0.888716152216206,0.87461615127099,0.832426962562323,0.760224577637179,0.655997672619828,0.537285934203726,0.396965799629264,0.256298034508424,0.0908365929157637,-0.0623907532331672,-0.218274430308186,-0.330720093478918,-0.445694647151973,-0.527386783167199,-0.577505272987594,-0.604119295459017,-0.5845384200133,-0.526526215233625,-0.446670077970014,-0.340029373243471,-0.204440536204368,-0.0624749066292962,0.0903245055443061,0.259822428683005,0.420995515949486,0.571475156140468,0.69700141693502,0.800449077912597,0.880660282357539,0.938348639100124,0.956389256489347,0.929922779415553,0.882500400641289,0.805209065922845,0.696104549599261,0.576061165695675,0.417950662229313,0.266789957609016,0.0946552188881798,-0.0677194704294496,-0.232293789607821,-0.374518017217356,-0.493958757782448,-0.58282906737178,-0.627179580756715,-0.64556091438878,-0.629156865770077,-0.582643411884777,-0.487127237183679,-0.364440505873993,-0.231380595885971,-0.0782435047500294,0.0978112013966703,0.269646444446051,0.438292613458447,0.590986009845069,0.732484037255907,0.855264627038742,0.93615093377158,0.984158212782912,1.00669004000256,0.989790549990653,0.936331096785352,0.841293875295302,0.730073854897417,0.587012248451871,0.437241190995987,0.260946715370711,0.0831572095928357,-0.0980278763872749,-0.263951858856022,-0.401348403163716,-0.51911974623469,-0.613974169060415,-0.668755417850337,-0.69376595675514,-0.669926067650651,-0.626933292924805,-0.532122883977121,-0.410151894348133,-0.25036751513519,-0.0911365018200788,0.08928300017644,0.271259291191124,0.448313262685628,0.617514560970594,0.772632918533015,0.878499869093272,0.978843165180985,1.03912810668022,1.05257865101385,1.03667631274941,0.977805986648113,0.89227754232956,0.755971630420073,0.617997405399297,0.446390322739112,0.266303465384817,0.0895026601523772,-0.10618744293711,-0.265737014749754,-0.423402825027369,-0.563167884251203,-0.654301101046885,-0.718305892817976,-0.728231388788666,-0.706958896556693,-0.663559064041513,-0.544815253073104,-0.430492498185718,-0.27059005297769,-0.0937685906066772,0.0895624226293443,0.268015932573068,0.465614311796239,0.632257105947249,0.795475432910243,0.901671100152571,1.01772258524743,1.07363915945371,1.10230049059658,1.08195504208977,1.0134174756926,0.919216349236494,0.803382265109241,0.634133198368505,0.467415461002774,0.271122067459683,0.0870650840555508,-0.11793928115634,-0.293452229126994,-0.457139056255505,-0.596494494061577,-0.684326659251086,-0.73671687511822,-0.769870828294169,-0.748565491242471,-0.675146537263759,-0.581913301341971,-0.450393708909667,-0.297957061124432,-0.113653523730505,0.076786410753269,0.265882374888535,0.485475457601995,0.652421416836199,0.813931001063634,0.938930248418337,1.03883222219195,1.10345666019268,1.12700600221545,1.11152642207618,1.0457450726743,0.934127740479294,0.825037028039558,0.659852879763107,0.472938230546154,0.273311671654719,0.0780362309645158,-0.120587899098518,-0.304302968728081,-0.47521704376598,-0.603729901085963,-0.712373292767869,-0.773340737874647,-0.804055990827667,-0.769608384455874,-0.712560074257659,-0.60982957597755,-0.474736270283806,-0.297108441577245,-0.12354447333838,0.0891644967095062,0.289780631793486,0.470895553630495,0.656049563499575,0.843379369892879,0.961255840392154,1.06939773328944,1.12724075984674,1.15990050821963,1.12642631537937,1.06492028284232,0.975480521801093,0.833750827110504,0.667788225806369,0.486973287598641,0.286888832939057,0.0597120126141057,-0.127922128548792,-0.304532959531604,-0.48919909434959,-0.625683489051839,-0.726934227872207,-0.797189843461221,-0.811872033477888,-0.788449961580004,-0.735475358981001,-0.627089335551134,-0.479727458127881,-0.308986405307911,-0.125086708496989,0.0851720608704504,0.273557709559731,0.479652698170905,0.675689700583516,0.843854484077852,0.985791451287429,1.08614647086171,1.15113120682028,1.18102802461072,1.16705524800028,1.08896085504942,0.979443857470298,0.851633243450589,0.680471533876319,0.479311458688957,0.289498897857264,0.0859883971315965,-0.123881123203894,-0.324109613497561,-0.497743073858281,-0.624627647712972,-0.736531217227865,-0.809481055844041,-0.832340267602823,-0.80183079018944,-0.742958990907612,-0.628341396035817,-0.496019969107965,-0.327850494326639,-0.133841675597349,0.0769441632067235,0.297838824713087,0.485045609115684,0.682410150044058,0.839093481369182,1.00212727030521,1.10033198732681,1.15679164656627,1.18114386098905,1.16561023897208,1.09064795376845,0.981151073468409,0.840792432767815,0.69756056337969,0.49827040742919,0.293772571761483,0.0687071469760887,-0.137844890907312,-0.317035736590717,-0.491664928311666,-0.62975027778753,-0.734851684497609,-0.803487835734567,-0.822171648062008,-0.808002270323549,-0.74198759230535,-0.625991409646918,-0.50219811158248,-0.321325485578827,-0.137078979062843,0.0824710803012477,0.282953332699638,0.494557927910925,0.681423363935339,0.855014687460348,1.00001765922789,1.09606034649685,1.16875658295064,1.18263287557702,1.16804658319171,1.09199333597909,0.999531744535105,0.846442510330129,0.686123323314299,0.494421964150874,0.28754441937421,0.18737479092592
-0.0821142605195229,0.019937272049243,0.233955575537566,0.42458736193996,0.602725764861678,0.746589562412893,0.847115717565421,0.914715032090998,0.933163749074096,0.915749870293956,0.839252650329649,0.748909655041795,0.598716524129896,0.41819076391003,0.225453818138406,0.0321657682684911,-0.191099816318717,-0.38253210657251,-0.58054690050936,-0.753285315327971,-0.898142405851906,-1.0053404731998,-1.07701284169556,-1.08796181181137,-1.0773513022447,-1.0077554491703,-0.908257705144618,-0.760038465237705,-0.589578848493377,-0.391746981204048,-0.175844031970675,0.0269073820250065,0.230559161061469,0.437836556705793,0.596724810463086,0.733703024214384,0.825831937707337,0.896879089791525,0.926557853088725,0.903660612533805,0.849811161871872,0.73101178237202,0.601843930045748,0.416446819859948,0.227383251354093,0.0267716231553156,-0.177231919341717,-0.388055773253657,-0.581334411107184,-0.739280832976464,-0.907102593923127,-0.99045170279302,-1.06197572293308,-1.08762011981413,-1.07155915299132,-1.00830556802132,-0.898136799188835,-0.757200501995507,-0.583377208777482,-0.392793535813384,-0.184525729673436,0.0297959733730766,0.22824392844846,0.424213545828291,0.578756823735997,0.725537255503077,0.825605015862215,0.881231696561636,0.91063321645414,0.895397708696276,0.82481168418039,0.721545983506837,0.590540469978275,0.41570942112441,0.215572504037918,0.0197812188254873,-0.176432979745789,-0.382160393146266,-0.578119120422509,-0.744822031854491,-0.889205251983853,-0.979168488517513,-1.05166290403157,-1.07044314049716,-1.04953053101631,-0.977636801147558,-0.884028879518229,-0.75393108711918,-0.565716561309051,-0.394919103209125,-0.187742066679492,0.00931804750252013,0.217316348509847,0.399999864680865,0.567055558564997,0.69863680005652,0.798864826247201,0.871566742611741,0.899196285746119,0.869716132444059,0.807605261269891,0.701414366723247,0.572898629365209,0.407467247474754,0.229724217815482,0.0281866242477521,-0.174097282618169,-0.385105045075122,-0.561998646273464,-0.721456997757146,-0.86181779008852,-0.963444261734719,-1.0347236221014,-1.05248412947179,-1.02127089271759,-0.967118802846232,-0.862089098534359,-0.725472853823149,-0.559383468748267,-0.367589182437052,-0.175237442406129,0.0170503394416805,0.218959343115315,0.387739011096202,0.553435283392481,0.681006291953138,0.788234293773254,0.854786101712308,0.862294181282034,0.837764509118046,0.791096179718737,0.689168817330758,0.552262919495144,0.386733759804306,0.206355889226789,0.0133714888575829,-0.179130813535625,-0.376479590997494,-0.556397532627954,-0.721145342226372,-0.842079061080833,-0.936612082852281,-0.986196726653403,-1.02215324811951,-1.0013320965737,-0.934614855472327,-0.836103420027363,-0.712657392820464,-0.559850252011265,-0.36965634072853,-0.182228123606396,0.0159340335132445,0.203278343680794,0.370856200920325,0.523942357417205,0.65622032854063,0.741791621567829,0.801223465693044,0.82906822676171,0.808517533300934,0.741298049326214,0.657473999975336,0.528761119819614,0.377475417696066,0.198948534052857,0.016457365340132,-0.181603604571807,-0.363220120043516,-0.527903275947973,-0.684960054329107,-0.828151013737468,-0.908622998303787,-0.968415123279977,-0.983183188928129,-0.968790736986962,-0.90839828314946,-0.829992530608821,-0.688141211049434,-0.536749252228747,-0.364868293965467,-0.170324547733438,0.00649538086949068,0.179446952651041,0.350890141261844,0.502350507208444,0.623761033027615,0.70348232692227,0.7708624512627,0.784858548784612,0.756238360673192,0.699004500665575,0.618632963882827,0.496577783687475,0.357881641748639,0.180309087822904,0.0136332487485277,-0.170255407789167,-0.342427874283965,-0.514865464287269,-0.658534711595428,-0.790789356877123,-0.876234001039345,-0.9186383989416,-0.947417248774037,-0.929249696903141,-0.867351156165853,-0.779282884865528,-0.658404821554882,-0.515281716772524,-0.348224366812268,-0.18140778507808,0.000294014903065871,0.168362471368902,0.336596269529099,0.466481981605154,0.5759314142166,0.663987217580257,0.711800078737083,0.730540715873699,0.71488152241435,0.665488396862706,0.566023724972028,0.472994662250922,0.328404941582308,0.170426748560102,0.00133090994980158,-0.172075463887807,-0.328924574631199,-0.493043721196159,-0.625018033234419,-0.735569198428963,-0.81608643835284,-0.878710977753838,-0.903157763109857,-0.876589292157944,-0.832869164944696,-0.743232636361082,-0.616916431712313,-0.483633877103953,-0.325650727417861,-0.170524320602615,-0.000518452880845396,0.153059499752296,0.299681079917543,0.421998541258649,0.533602409214499,0.606618663901327,0.653501080371808,0.678421195399982,0.652205758505581,0.611346356390311,0.532504651581108,0.422864548470981,0.304220252129088,0.151829492607428,-0.000982534670037316,-0.162350652862429,-0.317917794172867,-0.467590991013186,-0.58664150146151,-0.692511736450605,-0.763032799629867,-0.821791815521994,-0.842926911165713,-0.815175750128116,-0.772586195158651,-0.695312781305323,-0.580600623678781,-0.455714003380496,-0.310300060648371,-0.157158424715783,-0.00798118602261117,0.13217101316849,0.263832869253318,0.395787615687259,0.483158404314145,0.564063053497579,0.604557524865854,0.617359954692141,0.602067582400988,0.552502358690536,0.482291661931467,0.383985336918668,0.273811592577382,0.131623731870133,0.00140971405362637,-0.149994031086535,-0.281701106533484,-0.42775304387467,-0.550881750511862,-0.645950133765648,-0.714858142714979,-0.755000323947931,-0.774557944935659,-0.758356541509846,-0.719801869836769,-0.64423346204412,-0.544468956983358,-0.422619519505815,-0.286659396632408,-0.16219133182569,-0.00402910476121264,0.122109371163636,0.228986464989201,0.337514880544853,0.41982283038615,0.495331099787731,0.526455381709668,0.548279256114591,0.540848351099203,0.49703595226637,0.417670818779408,0.346379468206987,0.238509100024316,0.107369877772436,-0.0129878485864483,-0.143994863980217,-0.277253616003956,-0.401213246888366,-0.502201079399634,-0.574997832021604,-0.65452608434,-0.697870194109541,-0.717076392824131,-0.693847400295167,-0.650141115101331,-0.584682600490829,-0.507605901591534,-0.402976934393191,-0.277444828076444,-0.144356094819327,-0.0195117344128945,0.0949349036393563,0.199018011599845,0.29180825756143,0.368162664912771,0.424703339764919,0.466938013809361,0.483346100204064,0.472344083511434,0.426035955319445,0.371539738281716,0.293544616647588,0.203714762969015,0.0911174085499512,-0.0243910049290781,-0.13840050138959,-0.249521306052,-0.365067589123626,-0.450914451657529,-0.537385776472064,-0.593393277052499,-0.623245309433543,-0.647202951178578,-0.618443499270251,-0.579474958371327,-0.530532173530987,-0.453041629327108,-0.358821802241309,-0.252620964416371,-0.138205826853369,-0.0315312479489035,0.0725317304267575,0.150504091856831,0.242197584492944,0.306705906532552,0.362002751858981,0.38601133138862,0.403294972516423,0.389015310034021,0.353937424205802,0.294638848034075,0.239632881251502,0.165495952503815,0.0618364779236448,-0.0339433404765563,-0.132418699988482,-0.23445820471806,-0.313211800630315,-0.40019631210986,-0.468791290527451,-0.523938037760063,-0.553934675434314,-0.572227428828351,-0.559601831612065,-0.529018903621218,-0.461500678290238,-0.399618187519834,-0.320540866568016,-0.225613668353196,-0.138334406622865,-0.0420461167700968,0.0412010152291796,0.127395092512463,0.190780202190319,0.255196580942568,0.288311562551552,0.312650879727148,0.312997191529146,0.311036773853708,0.298564959707801,0.248598945531402,0.196534478874857,0.113743016582373,0.0396621516640698,-0.0441027341574306,-0.117221620479864,-0.205209519150814,-0.278523150796059,-0.346889325986749,-0.402361980123902,-0.44525099094755,-0.489932368910366,-0.487782006590429,-0.473131790441693,-0.438751173339185,-0.400678159437136,-0.357854689653765,-0.281721681546509,-0.211086405115519,-0.12027048832523,-0.0435986395896987,0.0194230788800654,0.0700007187290073,0.139982102120204,0.182557986716008,0.212690798160645,0.236006524514021,0.24017081932869,0.222446539535812,0.210579571542294,0.18614654778335,0.128278461775551,0.0850790272042092,0.0172692345519728,-0.0539995327338373,-0.117011679503299,-0.181535961134327,-0.247071589735816,-0.30954311743798,-0.338411142007837,-0.382302815322832,-0.391249576798677,-0.390827146113233,-0.397418756056413,-0.36512429498169,-0.334354563011088,-0.292384273875235,-0.239483001281533,-0.182051811236823,-0.112821825116818,-0.059783886118644,-0.00623556532830068,0.0320323241408134,0.0755248771331448,0.107714784490889,0.138391716785164,0.156644671584521,0.156429948841526,0.147574973990745,0.129510368428277,0.108581678815163,0.0730109306110929,0.0344111555383225,-0.00342588592457016,-0.0486342456334914,-0.102773592272416,-0.148337399280175,-0.198547749777999,-0.246285669797473,-0.264195360745076,-0.289973207430073,-0.307199567938128,-0.323314727527351,-0.319096937192939,-0.294590825631727,-0.267206799170355,-0.235820677648272,-0.195550634253814,-0.156076630172422,-0.109557562682428,-0.0796734092797494,-0.0299136338037712,-0.000860867376683407,0.0171992316744061,0.0396965117760939,0.0655907743286379,0.0672590974552736,0.0758039246356916,0.0699228801068113,0.0452870368924095,0.0398751955808137,0.0223684823612819,0.00238738884839069,-0.0356506970282211,-0.0667649870923974,-0.0925209076178191,-0.120979071893949,-0.149507874048277,-0.179658341101596,-0.19915047427026,-0.210306037689972,-0.234491005653777,-0.224532679445244,-0.229446409887123,-0.218296486571448,-0.203534852488797,-0.175425449386827,-0.158174880962541,-0.129061499151586,-0.088814109236632,-0.0783426604445675,-0.0616580710693151,-0.0691207032045991,-0.0507249287559445,-0.0266861001191958,-0.0344688319431589,-0.0199839896961793,-0.0232522365538018,-0.0188073255329168,-0.0272985580569728,-0.0349943121769103,-0.0467668688579551,-0.0542188610299083,-0.0580407735580757,-0.0863588172065686,-0.0944212038940969,-0.101651129025075,-0.113773214104713,-0.115880396944861,-0.123706519341038,-0.135753407408659,-0.140570953386391,-0.143101882033357,-0.143347601591984,-0.131597679572544,-0.126981966837263,-0.129663302374237,-0.113403536095582,-0.113151339704151,-0.0919479716947849,-0.0791528235437496,-0.0890194958931928,-0.0930417567470527,-0.10776498346084,-0.102101463982035,-0.102362913693316,-0.103838430946093,-0.102181175449062,-0.110442481492698,-0.117458672725928,-0.101722252050806,-0.0987205592266864,-0.0847594484459355,-0.0815364445924291,-0.0768524630871326,-0.0826599371635344,-0.0699688287959805,-0.0646076479147617,-0.0537888406023653,-0.0507336573509977,-0.048209660040661,-0.0428204918468195,-0.0418268799326591,-0.060011191830655,-0.0490509256649346,-0.0505828846804052,-0.0694648766772711,-0.064963333699875,-0.0792984516897163,-0.0805446350019058,-0.0867506972401435,-0.108012732844407,-0.134297546376295,-0.161535784883847,-0.17430423032675,-0.195625223950841,-0.202432357655493,-0.202768653921903,-0.199180964609222,-0.186205386093189,-0.170364421342047,-0.166166623089207,-0.14674284843516,-0.115234573256463,-0.0900875901585605,-0.06932926509507,-0.0465775826962985,-0.0206290977673967,-0.00198867110718721,0.0205792977216917,0.0325522044306821,0.0431658296558169,0.0370960047997818,0.0411918850842056,0.0283891006033299,0.00586891946193051,-0.000885205035842366,-0.0221889169850066,-0.043157287921137,-0.0703375691740471,-0.0934208284045866,-0.137133124210604,-0.182325338681933,-0.212344831851384,-0.232555860906535,-0.268358088972662,-0.279836036832177,-0.27967731879644,-0.288630452592035,-0.257158219201428,-0.241529766249526,-0.213099417967134,-0.191280493940989,-0.140389621516428,-0.095743168956443,-0.0593870485942331,-0.0136603114857461,0.0241883550438816,0.0527325595609035,0.0901200570285826,0.108617112718862,0.116530467785894,0.125770864965204,0.108107914185237,0.0994602941749209,0.0885716356034291,0.0533876209811449,0.027772544370258,-0.0129974988321297,-0.0503814149457684,-0.10641815484449,-0.173691031476604,-0.230101291628421,-0.286849011661441,-0.306705975639401,-0.338709209016792,-0.355579082711568,-0.364820716508099,-0.369337972705775,-0.338369987250912,-0.321971339355144,-0.271933930774869,-0.22468781747284,-0.169464358405536,-0.110106370843931,-0.0514904795090277,0.0175132886713744,0.061629165218809,0.111349712156857,0.147936584658187,0.183683089747109,0.194567757624523,0.216633659091367,0.203118933682182,0.185876098821551,0.14730587149434,0.114868686023251,0.0739186492323141,0.0123149713613096,-0.046542869481554,-0.124685838889331,-0.197990916947425,-0.265996762620116,-0.326406432347328,-0.378146522021964,-0.412254425909444,-0.455769634893004,-0.443102062216165,-0.439908698985306,-0.421367951364818,-0.378280599358477,-0.331824893883849,-0.268840790203656,-0.193425781691871,-0.110272130678569,-0.0376751872356686,0.0308100544846108,0.106362255960937,0.170388827889167,0.206950741217239,0.266168035942136,0.291616480058166,0.294893789283016,0.285689180456631,0.24738167268168,0.232512734227805,0.164963152902368,0.106489046221542,0.0325310798156551,-0.0432503622270097,-0.135592150004595,-0.222612651084719,-0.309375695757039,-0.380400737442346,-0.43294775665857,-0.488195480209204,-0.514912063604453,-0.525265250499597,-0.521821256036985,-0.488394481958669,-0.439358686632277,-0.383436730714633,-0.306632526347849,-0.215807568743506,-0.134296170964906,-0.0412617106593201,0.0632598183454801,0.146761468061616,0.226809615103889,0.298825400040321,0.334874992286287,0.369792723361841,0.377039653599238,0.368750198169982,0.337977111824872,0.282313307524956,0.225229690504179,0.15306207788663,0.0614763518848769,-0.0355682269725937,-0.136460856339251,-0.233939934541839,-0.344479484981744,-0.429000791109021,-0.50686944189732,-0.567236985469472,-0.591349841595326,-0.612187904238216,-0.592089233120018,-0.55285524098168,-0.508271380645066,-0.427338315139108,-0.347320970570714,-0.250864392591404,-0.130555239366956,-0.0305273075020454,0.0820325499386674,0.191029924960191,0.274706273411218,0.343921388817364,0.398106735842073,0.435277165024198,0.450756760117876,0.443323048241105,0.398523534285349,0.356051787324433,0.273861458508684,0.192861356298568,0.0829884810838841,-0.0301381879367681,-0.143542591472974,-0.275825018826457,-0.375946090615298,-0.486803942230752,-0.564261578529257,-0.632016657620084,-0.668372946234858,-0.679876710230745,-0.672431821161321,-0.638557653957395,-0.561140716446524,-0.480151404583018,-0.381790009474445,-0.271598049660549,-0.131877847239877,-0.0229239491287909,0.108413152813081,0.223097428804905,0.322053356870884,0.406185052686123,0.4744623023514,0.515434482580279,0.538021361303169,0.517154408681495,0.465600461276903,0.400798976044035,0.321058605108704,0.220358548682319,0.116624615448319,-0.0166069358571637,-0.163869904301103,-0.285837300102418,-0.413377239508693,-0.526023825431889,-0.632500478645686,-0.699918838748228,-0.725876335813228,-0.758150790771128,-0.737371982835467,-0.683108400367984,-0.630027373334146,-0.529884255056917,-0.414881212794865,-0.283335453218586,-0.15056181431987,-0.00368116850180822,0.130500994048724,0.255920100432469,0.372004821434475,0.456654297939572,0.533692711539339,0.579900390770218,0.584968405271014,0.577968361295902,0.543430949618901,0.463293150879064,0.374926549096958,0.247887810376552,0.126295253872173,-0.0146303773226383,-0.157026061428769,-0.306139717672249,-0.446153136899993,-0.564557217128137,-0.680911376040613,-0.751567361311989,-0.800560210471954,-0.819428641966935,-0.804931808755614,-0.75563821710754,-0.682696097004296,-0.579024753021383,-0.452951451605794,-0.307422160329416,-0.157389207509214,-0.0139726529944826,0.152634570136077,0.283722381607197,0.407265773254962,0.515585839706904,0.596397275398898,0.648063931198487,0.660795403203622,0.644283096726137,0.604331144299397,0.504998983640395,0.41597376881188,0.290748902971664,0.148971310756753,-0.0131147756404677,-0.167773701793456,-0.317930893834219,-0.473084274844827,-0.610131789553505,-0.731913179628906,-0.797822720659783,-0.865524194928392,-0.864772164062598,-0.861779592953622,-0.812635172068644,-0.730606734570453,-0.613976833235391,-0.47792118998612,-0.322728274144815,-0.172709423239467,-0.000646445945120771,0.163119310359935,0.304964549406484,0.437760272921937,0.56558486948146,0.648824882896932,0.691247347399281,0.722410840448113,0.703746178765605,0.647536257453049,0.56288005512176,0.452017432667774,0.314763376733854,0.162642128686693,-0.000509245298724592,-0.166541607057641,-0.341282579521104,-0.505496511409094,-0.641258198775058,-0.759931317404929,-0.84985122431816,-0.905331867400818,-0.933610051561635,-0.901429727979068,-0.853870871348444,-0.753913105431444,-0.639667746927759,-0.500300685816753,-0.334656416980791,-0.178314298641256,0.00777111475488855,0.187767930214293,0.346308586417945,0.478215601683058,0.61248029638164,0.703822923970532,0.745676907587202,0.755943554448563,0.747886642027259,0.697919188602922,0.59921188092313,0.483240583899926,0.339012633069225,0.186440749726598,0.00876965467990276,-0.182467073572029,-0.35886086266051,-0.530052212556126,-0.685968443564954,-0.800843060675585,-0.898247111935301,-0.945682107372415,-0.969601227162298,-0.949934698019533,-0.895603450547979,-0.804417307684248,-0.677770428697803,-0.521365242030913,-0.354520826221852,-0.172409659991305,-0.00133755732536989,0.197449920786694,0.368607278251498,0.517290288385229,0.637869525650609,0.733980511665026,0.794992115452492,0.816011417457042,0.7871342705096,0.736360391909018,0.642177745721611,0.513501802883361,0.367794785509111,0.18794101924456,0.00315498273360821,-0.184533997357335,-0.368795572904552,-0.54593624461603,-0.703436129292683,-0.840228353494782,-0.93163976044051,-0.988541691717209,-1.00484979892763,-0.984945637401227,-0.927926535133349,-0.838278387252404,-0.70119345622375,-0.546187291286241,-0.368416657281991,-0.180612754773024,0.0221310966026649,0.198283944920363,0.385618798016528,0.544981267907538,0.658654199509429,0.774273205262599,0.836280127959135,0.841301817803168,0.834916438170177,0.764300912203301,0.663378594435001,0.549370632691226,0.394214212959944,0.207013627617447,0.0101418564865244,-0.180190553858678,-0.381945648106655,-0.551996151232008,-0.721744333173395,-0.857624620265306,-0.961638606110261,-1.02991486653486,-1.03366435374723,-1.01969772114524,-0.967744638463102,-0.847263430570675,-0.722189808963903,-0.55876540322064,-0.367954703507849,-0.185892385440007,0.0237602147616213,0.220230931643802,0.400594926720925,0.555498283304328,0.691842839682458,0.790290798333153,0.853822597939684,0.884646513657693,0.864861174707741,0.794695998607928,0.688762958958857,0.560146901191309,0.395296924296045,0.226113391552415,0.0199974202238133,-0.181510469277754,-0.376552317137396,-0.577184623392186,-0.746138370373062,-0.880378410957404,-0.963961984224864,-1.04942331241924,-1.06404553735986,-1.04808813168057,-0.986213614630141,-0.869105960630883,-0.743562081443196,-0.572796299599997,-0.380148033074243,-0.191103989489596,0.0189172897835377,0.226430866232843,0.415116151562146,0.577373527565561,0.716800314068007,0.810515540110338,0.88748523997793,0.910888350635931,0.885321627600326,0.821829920831112,0.718043239249261,0.578875408070932,0.40571261431309,0.231758830780042,0.017759413363801,-0.175132259276793,-0.388915104921192,-0.581601241525005,-0.747163080562286,-0.883995868060446,-0.993121234025,-1.06038914781964,-1.07575532759276,-1.06938563307708,-0.991367275599866,-0.89534956264977,-0.741590015047911,-0.578131136578976,-0.392537109835173,-0.18394780905018,0.0332944526465815,0.231832301746942,0.426885347943901,0.59286636010561,0.730500621633953,0.834841465278795,0.905692086892901,0.92162513372324,0.902316928018545,0.836013536454391,0.726501184550432,0.597666682532151,0.410783365349555,0.233254532002774,0.0140433119386681,-0.203338831190573,-0.385567460259334,-0.588527080128508,-0.757842428239739,-0.891794058092136,-1.00366901411334,-1.06808568442667,-1.09557865344061,-1.06506656311565,-1.01549248589263,-0.906022932753964,-0.753244996516025,-0.589046257130004,-0.393337332627035,-0.185228989957764,0.0303398131339768,0.232610573691904,0.430186198775446,0.588602477271836,0.749706401512302,0.837127562967343,0.902884740854839,0.928610711284952,0.916098933132967,0.846272355260706,0.748689603168032,0.593585726495106,0.430974691257981,0.238233567210052,0.0263017083950282,-0.202419741881299,-0.403870329313951,-0.582605735124356,-0.753222892448551,-0.895866415324725,-1.00487959590373,-1.06584533967154,-1.09588135969117,-1.06881279701859,-1.00622517499789,-0.903167092661375,-0.756836272602441,-0.580243636646613,-0.390555757856648,-0.176034423132375,0.0309686696796799,0.229290659542394,0.42868487309208,0.592258576911323,0.73987694799968,0.843020718835856,0.910229668044291,0.938749470475531,0.915142067712747,0.8409596900573,0.732372356902216,0.60276839767757,0.436237070597735,0.220140752907046,0.0321610563618897,-0.0782298305118358,-0.107556091838451,-0.0988992237527353,-0.0921940539024464,-0.101882422133019,-0.106487043378532,-0.0990000068345386,-0.0941921219362873,-0.0756874770141817,-0.0843694556863425,-0.0709602424926695,-0.0725918990626861,-0.0706977964086627,-0.0676630223107142,-0.0563086514321597,-0.0620521191716525,-0.0487758709114715,-0.0591706736807152,-0.0489874250795924,-0.0581143596776929,-0.0581928722783089,-0.0582067337708058,-0.0690287053482421,-0.0822182540306892,-0.0791423535799524,-0.0900569838823221,-0.0854409653975979,-0.098733401498794,-0.115048753272523,-0.107395087208284,-0.118337510780755,-0.103218138009376,-0.103052549587968,-0.0738684585876961,-0.0596972576301157,-0.0534677355809955,-0.0163757484927678,-0.00691951444301748,-0.00982771944461046,0.00365747018460507,0.0108599593892487,0.00792615255095248,0.0154382605055716,-0.0010210574670832,-0.0172976955021181,-0.0178041684614,-0.0400369985069947,-0.0605411885321837,-0.0831931025660502,-0.107777601066487,-0.119410788529349,-0.140590241303298,-0.140465192695156,-0.162917330765425,-0.174112069495715,-0.168700121163517,-0.170836655331656,-0.169979215094953,-0.154631571873171,-0.145359197816069,-0.147853301971508,-0.120417328509492,-0.0877677302313636,-0.049580652638063,-0.0273315358903341,0.0148636379660246,0.0426309012776991,0.0795341524591978,0.0989751724763165,0.0964182936966966,0.110096797099191,0.0974257684825687,0.0787373980960076,0.057674305466248,0.0301750978949785,0.00669150898053089,-0.0302558624920748,-0.0682692812630975,-0.107483849997837,-0.159166680799536,-0.17098839222688,-0.209204792077617,-0.238568071042294,-0.248203557012416,-0.259822244953311,-0.252661943196602,-0.25578589625887,-0.234120905145745,-0.212645005659363,-0.188931655001594,-0.163667682687888,-0.130414284981624,-0.0821397592985735,-0.0165444851881561,0.0221360354179262,0.0753700357554547,0.108442802534868,0.147394847332077,0.16890308773661,0.185296145023919,0.172086268280039,0.166230616545593,0.146084361047747,0.122875760963233,0.0737255983188172,0.0179581966336303,-0.0221860551528981,-0.0874581139221635,-0.129337983304346,-0.184357070634503,-0.23244594933185,-0.267811746825105,-0.320501093898762,-0.325038313622887,-0.33382151792604,-0.343831579461065,-0.345124872264827,-0.311037254212613,-0.270064545996195,-0.237495235030204,-0.186103137531193,-0.130761381956435,-0.0669949635611052,-0.000276192365951958,0.0655817139872671,0.131934181518211,0.192857559930481,0.225222345318632,0.243369330079812,0.265511980963882,0.265955400225093,0.24654505461455,0.211345929565535,0.172948615732829,0.106821962977288,0.0502664761388734,-0.015036981133751,-0.088233322980442,-0.151535529723048,-0.226301887598613,-0.301456996055404,-0.34565708552307,-0.401706713211437,-0.414554296183109,-0.43227428447672,-0.437633644347606,-0.409211270476612,-0.379588081685866,-0.340616512245126,-0.289102846134348,-0.213702199070724,-0.150651921008439,-0.067817820294394,0.0270823345889889,0.100133289263909,0.190920863889455,0.254354830726734,0.31463251524646,0.325905539634358,0.349511396473076,0.342084204347881,0.310994514149268,0.275731330953745,0.240545431695492,0.151695494027469,0.0822236164460586,-0.0188099197541588,-0.102570451773982,-0.186000225586316,-0.271008230484621,-0.355107236524984,-0.411658058978625,-0.462411929421798,-0.49530345597293,-0.508344820877554,-0.497652641893101,-0.482236038266326,-0.443006349426052,-0.392475320375468,-0.313646462799429,-0.245332780348114,-0.151470904460533,-0.0521853368229329,0.047779573439973,0.139454975482746,0.22724234903133,0.308750449100123,0.369193394121946,0.404420157185021,0.420941192875805,0.415146468573724,0.392254956812726,0.349630302724096,0.274198256238721,0.20078570402375,0.113696867386666,-0.00112866697562556,-0.0979966551687655,-0.214086805607446,-0.303470193191041,-0.396233184014763,-0.479311111392698,-0.532954837011886,-0.561956908698952,-0.58584256180955,-0.589616731273087,-0.560774133909406,-0.505249869563428,-0.439815021118878,-0.347070224139126,-0.255224030316824,-0.160274913093655,-0.0489798836029765,0.079690996172989,0.186337438244373,0.286559861421844,0.367499450595409,0.439436597039781,0.48117966170034,0.502511785185294,0.497465123428877,0.466528811498786,0.400525968280172,0.326443549943049,0.228538706483313,0.126485141821245,0.00647160454538034,-0.118602836209267,-0.245047278457954,-0.349197166528217,-0.455571153309415,-0.535855272960842,-0.589190212058798,-0.643364438781063,-0.66348815705742,-0.651022345818817,-0.634038457048469,-0.563581777751607,-0.484913554841822,-0.396263021067192,-0.286213288651354,-0.164402510749452,-0.0345299332219184,0.0929345276742427,0.216770294629307,0.333133636451539,0.436215042028454,0.504358466797715,0.544501556901606,0.562076467840582,0.56207805310365,0.534711186071096,0.461106133111855,0.377580826236978,0.269028098601976,0.140098710786427,0.0170508760802665,-0.115422547036271,-0.254497894751304,-0.367752312085661,-0.485511686701431,-0.595272657329013,-0.668256459064864,-0.712339118002306,-0.725973673112982,-0.729035582789047,-0.679385519660149,-0.619619443753962,-0.534599005767653,-0.439844290562745,-0.30438138855131,-0.16608749491149,-0.0236152746471289,0.113547755368632,0.251483919525802,0.388218246004258,0.482207409770346,0.562582282248368,0.612883431386608,0.628865084044869,0.634478063935829,0.579762359450342,0.51815158939684,0.422442833989661,0.30731792819464,0.166945806347045,0.0249042495082885,-0.138853979201068,-0.27392996698282,-0.4092874850352,-0.550010018247265,-0.651259763438356,-0.729345956018203,-0.773963679952316,-0.778497314955788,-0.788113445102567,-0.743648903710299,-0.670496676592313,-0.572006673761056,-0.457338430530339,-0.33530548607045,-0.181111998298349,-0.0398396313010891,0.135465758349695,0.280759795865504,0.417001369732518,0.52237496856713,0.612600656285233,0.668010647344171,0.707800269458702,0.680909375631714,0.636275101316435,0.55758751242152,0.464691663910892,0.327612013369709,0.184608642318252,0.0250202421580014,-0.123686341659811,-0.291760166497173,-0.444182993451744,-0.584058146476607,-0.695317006919125,-0.769333104850227,-0.829300472606515,-0.855246284207312,-0.852852571258957,-0.793636102755571,-0.731899174933925,-0.622747366011915,-0.497933962747518,-0.348010013744842,-0.184251375008991,-0.0218923888174161,0.144583583795706,0.317212724437516,0.455516674606144,0.574755282298631,0.667699404221302,0.72900767623531,0.745885974560504,0.746289044695681,0.693212609851958,0.61388640117666,0.500368553009658,0.351698366100423,0.192236078106919,0.0397949445570166,-0.143796878804998,-0.311799562779962,-0.469588284344593,-0.618603116025422,-0.740708164513677,-0.823814340322044,-0.886660512962485,-0.909592913437204,-0.900309697020047,-0.853229246010992,-0.769069999639,-0.675132182078338,-0.523924237491766,-0.360667173441761,-0.20280950628308,-0.0129868873788069,0.169328619308073,0.327060769429956,0.479824396956068,0.611824744120393,0.7137670444211,0.770852600666708,0.789122694147647,0.79043104137884,0.732504486433954,0.647993413667153,0.52746753126262,0.393105690102913,0.207597120721797,0.0336770255298169,-0.151502444827949,-0.322863092077173,-0.497757949852634,-0.656127756327295,-0.775589131006451,-0.871127862197205,-0.941122857856814,-0.954982776639966,-0.947434989699263,-0.89057998760066,-0.810113013742302,-0.690829669970321,-0.552362518375475,-0.374080012164858,-0.196937484914003,-0.0152224404453902,0.184711598669451,0.365834468734427,0.509422234994637,0.64938680909963,0.752845130081227,0.809940092206106,0.833753737442482,0.828526130688438,0.771538558252729,0.681792721302673,0.562914574360584,0.408248603706395,0.239040337113909,0.0341952425385992,-0.163786120226262,-0.334262388730039,-0.51069980549787,-0.67907458240477,-0.818178502633892,-0.903791746255857,-0.965930287091211,-0.998505567364318,-0.989817802041442,-0.930551510289361,-0.832850852068603,-0.702486389268301,-0.574763150875935,-0.399803506319936,-0.203569037873361,-0.00554070728899527,0.191081403006431,0.36859648287432,0.537119965452763,0.665143834057257,0.766886147584719,0.850082001144635,0.870643858230938,0.860475950666405,0.801827413536945,0.710518163382968,0.575766141259232,0.415100006659233,0.233043165159426,0.0515837006112708,-0.141395856703188,-0.351575948470803,-0.527620769575571,-0.697891230137423,-0.826606255730972,-0.937309334023354,-1.01697104967736,-1.03244106061615,-1.00644528685998,-0.962980020951934,-0.870800705794417,-0.734356658613099,-0.592697038628415,-0.400114474654107,-0.223724135973465,-0.00329318791235589,0.198361479190435,0.38473652362965,0.556562000048454,0.690287765421413,0.804703514444932,0.867833958023492,0.892871909663163,0.883792356733615,0.825520708029485,0.725668041123237,0.604110865234642,0.434775368424015,0.245296964249134,0.0567664155233313,-0.14424928193159,-0.354742108180728,-0.538990600215267,-0.711854736764713,-0.862523492273657,-0.964035076703211,-1.03632190940521,-1.06311230395234,-1.04356993369275,-0.983630631401714,-0.885140733229989,-0.756778567080192,-0.597189556066724,-0.40673010323774,-0.199832177589758,-0.0103865264803376,0.201237279399795,0.386735551669606,0.55821188573592,0.708709158066797,0.818257302404082,0.897414025157061,0.923296869625046,0.899091160767464,0.842945593341349,0.744429251329003,0.612564770796328,0.445555312297481,0.251003712553112,0.0594803129142649,-0.157377952545796,-0.35787324723591,-0.556150782748773,-0.731581630941672,-0.866349869641833,-0.97016043496148,-1.04803954406198,-1.08396739314471,-1.04602543190094,-1.00243627374007,-0.917347050304174,-0.756120213995859,-0.614613612202054,-0.413379991779139,-0.203549006343189,0.00201950397865821,0.209653712436047,0.405960993867089,0.573956529713724,0.719288414352972,0.82203220316903,0.90936983646671,0.934526482472041,0.916767697549216,0.846836541711275,0.766812169446963,0.612707182042408,0.448170498804553,0.259925933042525,0.0516659703123294,-0.147587107516502,-0.363530125964004,-0.560823143167422,-0.741848560334116,-0.880310920888683,-0.997633032644331,-1.05235962623723,-1.09411013629049,-1.08053331587208,-1.00815935334411,-0.91715295644051,-0.781453842097992,-0.603313999111943,-0.415957681513511,-0.208724002169578,0.00344190352674903,0.203153000233493,0.399019782812499,0.578428518683866,0.72805838349625,0.827380661730792,0.902493416340328,0.936166434397587,0.923266470231,0.846449717607197,0.759958790263486,0.611597456400916,0.449430338877002,0.252521644393433,0.0517477409953006,-0.153565023746035,-0.368202889456179,-0.571610351264623,-0.734908390916152,-0.884068566118121,-0.990948821670363,-1.07101576529057,-1.09334910708665,-1.07917687485221,-1.01501425019921,-0.916460145713605,-0.780794688144076,-0.604630386574937,-0.421652464426725,-0.211966197617582,0.00251556003490395,0.2037269989521,0.405694786605206,0.570203441663676,0.717210312217808,0.83284599411084,0.895137417380047,0.91998850639965,0.911316259999872,0.85226563654703,0.75648887168452,0.615960097187417,0.452393556296234,0.259122309274149,0.0594625944839642,-0.163730607991013,-0.363588038838971,-0.564594660946303,-0.731739989787052,-0.875822275152452,-1.00158147378444,-1.05311672105009,-1.08576106620808,-1.07292890624753,-1.02041247092542,-0.916580496340524,-0.778926510328401,-0.611412358476717,-0.426498197549988,-0.212379741930459,-0.00563588840717738,0.192421869705983,0.397404095425549,0.56879742446256,0.706479172342988,0.82461278460057,0.894077797013575,0.919982708185325,0.906317495564414,0.838357953014711,0.736849025835999,0.60902756619285,0.441518883641314,0.2559421495475,0.048270038310782,-0.164002629922106,-0.371609563514318,-0.563987065805896,-0.728680400862676,-0.870512329439653,-0.979320500471951,-1.04127768935536,-1.08119101926679,-1.07138508465136,-1.00015548934714,-0.900070031798808,-0.771740111899094,-0.609446967037971,-0.416021960396448,-0.210342535213552,0.00331268193031193,0.20618362268633,0.37309133371669,0.55789591650444,0.697675049180459,0.801857566489421,0.872369351101647,0.889372076035554,0.879010111502474,0.836152427507713,0.734142366236076,0.598503462151729,0.430248565875135,0.252060577378841,0.0425439312598387,-0.153786792206669,-0.361076898190905,-0.551766663592537,-0.716178280885641,-0.857748875765258,-0.95348693968916,-1.04403888545529,-1.05419748618198,-1.04543298580768,-0.978252692988073,-0.878990315282522,-0.767146513450211,-0.595101517257403,-0.408241289329443,-0.211867953860247,-0.0085345572834342,0.185056140794342,0.365157538148082,0.537607524548014,0.678668104262087,0.769838373356828,0.841889056681439,0.867717804235464,0.857545533972368,0.809130305190043,0.709296533132048,0.565630798558286,0.424092688546642,0.248575616425603,0.0503124344381632,-0.141979442574562,-0.341359580619855,-0.528090757035227,-0.694273297821701,-0.838250043460114,-0.942012864288019,-0.998287487948509,-1.03421648865155,-1.02575888188993,-0.954749619325968,-0.862378788028225,-0.741871914358326,-0.578791842457359,-0.402992182327094,-0.209147081902949,-0.017271356354814,0.176020828642102,0.355598621293282,0.508809074443692,0.645109558277839,0.746402170082391,0.813448532833519,0.852251754122269,0.833789932223149,0.767524453597213,0.6852330549355,0.563168289181065,0.399830693580063,0.239750748556079,0.0405827187433124,-0.143589253500404,-0.334177857941178,-0.514204439491398,-0.678598045860618,-0.808080696557206,-0.921637654047559,-0.97536652260133,-1.00107296486001,-0.981558259112806,-0.93744809172362,-0.842686022108037,-0.708623771425177,-0.55635287040585,-0.391590340248979,-0.209213359158676,-0.0152013537459774,0.16280705322629,0.338588808316327,0.480592269684596,0.624033875652835,0.717788661754028,0.78051986249264,0.79941860900509,0.780506707277764,0.723159259548413,0.651122229563733,0.532610100449878,0.399082266575776,0.223514336227655,0.0321424483083199,-0.140317723380426,-0.325934146167549,-0.497447132188074,-0.643787378001173,-0.772358196739345,-0.87121888064334,-0.934724982911252,-0.961547500690166,-0.944081516964764,-0.887716834908995,-0.795902774279994,-0.682564095629493,-0.546698876284357,-0.386788133662169,-0.201739819492263,-0.0216454258504566,0.147180453881778,0.315618667679803,0.447969113221616,0.577375448696614,0.668615492711896,0.72622706047909,0.74570488994961,0.737992915094373,0.681575913212506,0.607242143160053,0.498960868731223,0.350587025634,0.198047466963239,0.0378658693794406,-0.132689598745215,-0.31193347922996,-0.472649729181796,-0.619387211026212,-0.731622339827104,-0.830416218064307,-0.885226218965684,-0.909484461007079,-0.89665936827377,-0.857352174563951,-0.77717389207152,-0.645286993209419,-0.523953161428738,-0.365997974531197,-0.198579981209044,-0.0184907519975331,0.127054870937667,0.282704522449398,0.421145600878992,0.525586528394937,0.616652288664858,0.672846277845978,0.696823510795973,0.687480155617804,0.635274300631446,0.569523389122868,0.463834468535079,0.338353903795646,0.184753664594711,0.0320656583159879,-0.13259572405576,-0.282525080226454,-0.443899323042071,-0.58255888105379,-0.689554220461516,-0.772824339664068,-0.831883265383465,-0.856197813542546,-0.852585606050715,-0.809504927221,-0.731798972775519,-0.615567652827813,-0.486202789022768,-0.348802018636632,-0.192780435366999,-0.0326523644066902,0.114458675200824,0.247506873093575,0.378575206609783,0.480930897555863,0.563909293454365,0.620913195469949,0.640090537500792,0.628914303776332,0.583391804436119,0.506342297457952,0.422118774662226,0.295122532114881,0.169451341402973,0.0255558932950725,-0.119241080979717,-0.277548978860369,-0.41106221254031,-0.547692529867326,-0.643259395685953,-0.726021536328973,-0.766058147538953,-0.795476166465984,-0.792990680180392,-0.74536096838511,-0.67046137062612,-0.583850951135006,-0.45794331514155,-0.329130340106307,-0.176125277342875,-0.0419667182485777,0.0938457609119851,0.21565441228005,0.338680090721399,0.432407632639399,0.508629094425486,0.548841940348067,0.564188761318343,0.559704001425518,0.525581640098483,0.473445492477675,0.3773796323438,0.268389767603868,0.153483222899364,0.00816061614756979,-0.111978260316402,-0.2445281314667,-0.385245952398974,-0.497083639036704,-0.588255617668518,-0.665776631608076,-0.70564516387866,-0.732154714900958,-0.735123952374379,-0.688548362824102,-0.613442535379564,-0.537831243802661,-0.431903146650416,-0.302472201590563,-0.180488757287638,-0.0487492131764033,0.0694610718459736,0.183572146744846,0.299308322424018,0.374194950292832,0.440144399023067,0.482623189687094,0.508956869689872,0.496912073931816,0.462166221899947,0.408909049247722,0.32907650420477,0.222829573074964,0.120819580699632,0.00960134099049816,-0.11446076284347,-0.226813486889794,-0.344512620404707,-0.444858454432843,-0.524926392704615,-0.605463689184522,-0.65236508688086,-0.659774163694719,-0.648178786950193,-0.615829584669003,-0.569378173481115,-0.497767325887992,-0.395601215005376,-0.285376713643352,-0.167239885176622,-0.0589254934993392,0.0639235468026443,0.141249612615956,0.247943321474178,0.313602524786718,0.367909946792894,0.406629064629147,0.425117208267283,0.416662832073273,0.395252541714842,0.354231032689161,0.277877059304354,0.202802927708391,0.100854188363161,0.00456850609076665,-0.100596797715896,-0.213622038536078,-0.317925311999729,-0.404489850442882,-0.476145946345939,-0.534834559580815,-0.555132049859354,-0.578676994466214,-0.574895528897362,-0.5555359163043,-0.513850418285237,-0.445058721279188,-0.358461848740362,-0.271683435110584,-0.163553422822456,-0.0580261200730915,0.0239476160419924,0.110757778304444,0.170915979469495,0.251247937189984,0.299874513021044,0.328877043503129,0.345036478560311,0.348454847230283,0.322683692841889,0.294596276561977,0.230385738220447,0.164487841756173,0.073702725921995,-0.0133851289338574,-0.101578614159258,-0.178597784338979,-0.26998535404414,-0.350307428278917,-0.418871502714673,-0.459806275414735,-0.486662430914923,-0.502873790362168,-0.503242444991089,-0.488542649500868,-0.435360186128235,-0.385644374126193,-0.337967632001328,-0.234448800183112,-0.157562071339153,-0.0614221902939748,0.00555710917868126,0.0659066229714444,0.142928255240953,0.193428680285726,0.231281917301257,0.256556866961589,0.266774701916752,0.267340509437244,0.240535134398847,0.210361085714966,0.16754077146792,0.126905315769715,0.0595971361794855,-0.00504876473884974,-0.091164767990857,-0.161602471267048,-0.227693533202284,-0.285457885390013,-0.33894810614163,-0.38938441526861,-0.416460134789092,-0.406771710945945,-0.420175999717351,-0.407302372537606,-0.376098846444088,-0.331677659862851,-0.27497449635277,-0.207756140084675,-0.134521430611009,-0.0771954669511582,-0.0318508583877774,0.0356742873100159,0.0801366078322647,0.0999401489579524,0.151242159973433,0.175795939251873,0.192399544680805,0.17942960553275,0.165806416778595,0.149788889455571,0.113844750210903,0.0736478017919033,0.0189628232500209,-0.0243755395883359,-0.0809017155825809,-0.142591734904642,-0.204460321775144,-0.246935837178669,-0.278681675907182,-0.297624342904841,-0.334063648999636,-0.340586152431056,-0.338370841842364,-0.328782425373317,-0.299977982293678,-0.27558223505978,-0.230828660244353,-0.195855956262779,-0.133628670193471,-0.103997959865048,-0.0495086195441984,-0.0170448382459412,0.0247482932880185,0.0467326488569382,0.0692367803155154,0.0956089587984742,0.0960099189368594,0.104359193841419,0.0906168986975049,0.0806958841159847,0.0444122321034669,0.0283286621696944,0.00118170549300248,-0.0342596906333385,-0.078029667639332,-0.108426734091708,-0.141330995351639,-0.180513799921754,-0.210663268866464,-0.227942443531712,-0.240928003689599,-0.253651000879014,-0.25091571188336,-0.252958790350786,-0.24293984381867,-0.214589413262164,-0.185554443092283,-0.161147943592328,-0.129043799230081,-0.0958673089028099,-0.0800341958740554,-0.0545189745120607,-0.0368672230953933,-0.0254742899402109,0.00224523330751615,7.15813949709347e-05,0.0185599654178094,0.018805425588966,0.023581892024664,0.0132868417565138,0.00659263129395926,-0.0190057399727727,-0.0172012832449355,-0.0448474151565551,-0.0658484537190732,-0.0757104007745643,-0.110748090467277,-0.119022910073652,-0.133977002191076,-0.159809547199867,-0.166816287996435,-0.170555644648304,-0.171478501266144,-0.168859056772837,-0.155514378733837,-0.164358408446664,-0.1493465592045,-0.133588263274401,-0.122673340925126,-0.110198321160275,-0.105945580825132,-0.103547087877655,-0.111599678136024,-0.0999710632932687,-0.0840459254299144,-0.0993098990627135,-0.0847273503589027,-0.0752396357739961,-0.067248135016579,-0.062165705436119,-0.059063148089835,-0.0512906796111536,-0.0555431299312637,-0.0517965376354271,-0.0489724495714853,-0.0534089014842861,-0.0558944519182494,-0.0635843511163956,-0.0626579664226921,-0.0684710296684307,-0.0709192461077118,-0.0758527406427239,-0.0875912289366545,-0.0879504285968374,-0.0989957730289332,-0.101653800257233,-0.0980533048924807,-0.10492514821108,-0.111646139115604,-0.0417354029015923,0.925875873512574,0.920816869288109,0.883384822689461,0.789123796929383,0.648455067403177,0.496513924810769,0.299094476139546,0.12324086983554,-0.0943160406104882,-0.331893137298357,-0.517953458340745,-0.694408133286026,-0.848323345742771,-0.96802810650942,-1.05667159816847,-1.09180963965047,-1.08098110305554,-1.03424949015354,-0.946746514905397,-0.811716989459646,-0.643665881791161,-0.462455210514491,-0.255913144672126,-0.0488796526128462,0.149709568941494,0.360521342459105,0.523300813602109,0.689385931268899,0.815034727594636,0.891973394171547,0.939434165989444,0.925733773404241,0.871131161888783,0.78189950693901,0.659527901431155,0.49734237381811,0.306828457051954,0.112434104692193,-0.100325629141963,-0.32546627285463,-0.507808754630888,-0.697333015158873,-0.836380217117856,-0.962282803098027,-1.06831435630344,-1.08274986489406,-1.09574461593995,-1.02086869636555,-0.948841633711489,-0.802606731865128,-0.656146898923457,-0.474395498791222,-0.274806649587201,-0.0538183761206256,0.145576054395694,0.360915563554026,0.546794467636521,0.689584036999107,0.813408716186529,0.880205940724818,0.917925324660316,0.92736038866539,0.873628029415874,0.781259407967945,0.655621462278334,0.490952694622158,0.304216004625926,0.0990824215956622,-0.107643885185696,-0.308306870429503,-0.514680953508815,-0.691158828900808,-0.857057151023884,-0.970991162462415,-1.03940752056821,-1.09071733361545,-1.09144284940335,-1.02596291990182,-0.940355119212517,-0.816236575678775,-0.65869009312721,-0.467156250815792,-0.268730598098154,-0.049831307112742,0.150702130465694,0.351474266676522,0.539961055560494,0.695154233841356,0.811023198029011,0.889587275707951,0.924142917427799,0.91690773112755,0.875797208836885,0.788686096326287,0.648719175816279,0.48627344959054,0.305675342036023,0.110267784192287,-0.11974072935981,-0.319960629898526,-0.513677312233874,-0.701719019731653,-0.849843515776045,-0.980697936121195,-1.05275656329179,-1.09223010324388,-1.08710262219391,-1.03924026894851,-0.943513109375516,-0.815571561348526,-0.659665226917374,-0.472711500113278,-0.257608650947888,-0.0617614742105723,0.147233226883109,0.361929991157472,0.539332191010194,0.688763948282692,0.811261869329622,0.896864610788796,0.931994559351998,0.922160909202369,0.874934210803871,0.767636997798556,0.665767665521139,0.485226060116424,0.306996014799281,0.10677893739833,-0.1193206910327,-0.311332707896884,-0.517994981379293,-0.712370048367277,-0.843037381914152,-0.970648851913918,-1.04664145335473,-1.08802676309993,-1.09382805754409,-1.03281097255563,-0.950735498190675,-0.812414491509561,-0.657847525203806,-0.466147280485283,-0.277990199413149,-0.0614401571589575,0.161088088299702,0.355683513375984,0.536027309707854,0.679245613644229,0.812025471165496,0.881313059860499,0.920749934925217,0.923708948322294,0.875427242601101,0.773630878398238,0.651118373391323,0.49891589885335,0.318475023055419,0.106997194689897,-0.110534683050312,-0.321440984288988,-0.518256122321005,-0.698041410017168,-0.852146685919844,-0.979100002587701,-1.05110970968649,-1.10346749405176,-1.08640673313764,-1.04267726193265,-0.956567010762179,-0.821919079086316,-0.65893883797383,-0.469521627482123,-0.257140472006747,-0.0582664030819696,0.145823961456062,0.357891021736942,0.525898258470879,0.687837300636832,0.817906656885661,0.896132193993481,0.923864048991482,0.920550124315905,0.877512049591402,0.784972696679738,0.652087721675854,0.482827992194462,0.31017733504529,0.105713755893892,-0.101572978401363,-0.313824787404377,-0.518294230166961,-0.684577578143394,-0.852318372019875,-0.981235617488918,-1.05157854151453,-1.08596788323458,-1.08778608494019,-1.03861402743557,-0.936521999252159,-0.818984184910433,-0.663383069041467,-0.467310844546827,-0.262674655188559,-0.0604408484299301,0.156070235591159,0.35890579460331,0.525945427154655,0.677536118132896,0.817277844170975,0.890280011760965,0.934967144835864,0.925903603815707,0.875517986981597,0.788270251638138,0.650190612460681,0.482873203053731,0.314383190480462,0.119886682588489,-0.101326568650111,-0.320889398916878,-0.513378678535224,-0.691273828501142,-0.842802096300095,-0.964986911814012,-1.05852193144639,-1.08937333593943,-1.08561399378763,-1.04473119751642,-0.93591561134746,-0.817208425323724,-0.660871124392345,-0.469795133685546,-0.261662040006236,-0.0595248509997599,0.158686516322398,0.3249337001679,0.530699523396312,0.681603264173727,0.807222585696206,0.890223853046514,0.932721614908515,0.923871874742821,0.882243047859139,0.793389477710447,0.65360237362984,0.499137817095506,0.308995952970906,0.114649119964636,-0.0959695729377553,-0.321537931991707,-0.524048675975362,-0.692021120351853,-0.845785210075928,-0.960691300730866,-1.04737348872553,-1.08451717576029,-1.07790281649659,-1.04261884662265,-0.943826172115745,-0.828623006609206,-0.655975016080494,-0.46928652677953,-0.271134903777033,-0.0593799855994241,0.154284577362153,0.346936467596967,0.526696583377644,0.681575037761778,0.809686687777151,0.89567905135658,0.93162695210579,0.923587983056624,0.879898560363725,0.783525423589901,0.652233053217281,0.487874614505098,0.309927047704997,0.103561914130004,-0.094903053277542,-0.304865356217227,-0.503845363128473,-0.685612622178208,-0.8425509430701,-0.968104293090135,-1.04447556643542,-1.082946126673,-1.0885514708717,-1.03935248874836,-0.94622326148353,-0.823190216668999,-0.657037606859201,-0.472199062290398,-0.266224086514814,-0.0659850279289904,0.147200366344737,0.348412664418737,0.529654894423397,0.687110512502625,0.803366705900424,0.882526105353972,0.928459153545352,0.914471922716423,0.864302731168971,0.78853854970868,0.663192238184823,0.501405446045866,0.318583160159461,0.113744868916556,-0.101512955565055,-0.316986429975808,-0.506123438272938,-0.67780206364256,-0.841683467791716,-0.958923059364016,-1.0551793576263,-1.08251790996808,-1.09069958644942,-1.03806782158803,-0.947530781642517,-0.823631824263643,-0.655451966493373,-0.475846596064287,-0.285165580749517,-0.0574643993159886,0.148871209170516,0.337763044038726,0.527410454449419,0.68683468942173,0.809283405842848,0.868642134557293,0.940384653918888,0.930692261245567,0.879234099268942,0.787374039108357,0.671634440107651,0.5059598491828,0.317516227592477,0.109069245820504,-0.0936831327907385,-0.316153290394335,-0.514200037295862,-0.693453729548901,-0.845190489060942,-0.973589154925698,-1.05013195706682,-1.09255906754224,-1.08713247595519,-1.04212704792152,-0.939492005126607,-0.821017902760835,-0.651499164593472,-0.474261557125221,-0.286028727041942,-0.0685961650847251,0.148889438590765,0.356374925303803,0.530710355819787,0.690716441151019,0.804443985820361,0.886072316599313,0.93010117429136,0.931130712158111,0.880697974607869,0.794368868217343,0.6642231391309,0.510072281805313,0.315730134742144,0.119427948213977,-0.0917674270852582,-0.299357063197051,-0.504936669550608,-0.691591630336917,-0.837025012155556,-0.964977823103921,-1.0633272542471,-1.09289686616483,-1.0928697729065,-1.0280736251808,-0.952113744068248,-0.827843698210423,-0.667479172591993,-0.497066702752544,-0.281162081900747,-0.0567932342212735,0.144699212286287,0.345655414832597,0.527666120142072,0.677625998709281,0.798168436855078,0.888099270635133,0.940752303846387,0.926003659049956,0.884180049573489,0.78666175115421,0.658485659033339,0.49678819332469,0.32039532420682,0.116791642371327,-0.0897556779425307,-0.296240718482836,-0.49392576959936,-0.688415256678603,-0.847749695137662,-0.970550604217139,-1.06110541730139,-1.08580490666954,-1.07933395618808,-1.03152371213528,-0.965573022276425,-0.825193938245253,-0.661313327539485,-0.492098394502407,-0.274592356501851,-0.0684369744828773,0.14515082121014,0.349537062517491,0.521202567720202,0.68931355311576,0.813310356707931,0.89597020060509,0.915723762864651,0.922011807222718,0.896808112846144,0.797022330431542,0.663312861860919,0.504614295596285,0.315755405422328,0.114363152534573,-0.0985416652658569,-0.296175894637041,-0.50832232372109,-0.675884178662373,-0.844124790583949,-0.96989026183491,-1.0545279749146,-1.08724504156322,-1.07988387154468,-1.03045291241118,-0.940347675156238,-0.823345582555815,-0.676562869904279,-0.486640418431262,-0.28377196979358,-0.0664151270639317,0.136598817853486,0.34788045743422,0.529634173973755,0.669503409411241,0.80205044940151,0.891749113829798,0.928717924178302,0.928274681410124,0.882193461040687,0.788325027252485,0.668393837054823,0.510547275527161,0.318790174265364,0.11979428287411,-0.0936753648763706,-0.289281261610611,-0.492226319426091,-0.688018602626663,-0.840381943044123,-0.957628486187859,-1.04815947044289,-1.09562433673557,-1.0916913335455,-1.04033356445298,-0.954239523081279,-0.826722487356687,-0.664775926681915,-0.482166211246095,-0.283325981881882,-0.0658158122758569,0.131237621141864,0.340183868210667,0.511263214539114,0.670499302066709,0.792102906551199,0.885278243448865,0.923726591937129,0.929269577687505,0.884749482707819,0.807997715728966,0.665355346833735,0.517571062017157,0.326689560760994,0.12858532106989,-0.0872410343352839,-0.289302515808086,-0.499162930283762,-0.681178734131673,-0.836222262050306,-0.961008128266428,-1.05108097093775,-1.09515043093968,-1.09544699007319,-1.04249052112467,-0.951193601352026,-0.828782694547716,-0.669872982963583,-0.492885246541178,-0.276893964713944,-0.0779815645045868,0.141568333379759,0.343189334064427,0.523262896098513,0.687971629186344,0.798956354445098,0.876060184842795,0.927601602212914,0.914662570638782,0.880213584251275,0.803072570474409,0.673052879182206,0.520915553212151,0.333757209011958,0.130071455535849,-0.0764828184318981,-0.29545864097404,-0.491650087653338,-0.682276040754761,-0.835749553958255,-0.961771193782095,-1.04926138022833,-1.09066243259294,-1.08312032480795,-1.05348331526018,-0.952822853212782,-0.831991186789537,-0.675116750584991,-0.490075362906354,-0.297252679178151,-0.0844809073980532,0.125830918854423,0.338318429565843,0.518381479094774,0.667647277681364,0.801078279854154,0.885183949304068,0.929423354933386,0.923175194513265,0.881819545847219,0.80351484511705,0.680687500057471,0.516128727850322,0.32473993645958,0.121737372901307,-0.0771594878115538,-0.291406432644595,-0.488896008661918,-0.681085942438681,-0.835342281627942,-0.951260688201517,-1.04256050778799,-1.08517726089341,-1.08022547562757,-1.04362064988006,-0.96540420493508,-0.830660167913544,-0.673920553291926,-0.483118164767851,-0.298096574280754,-0.0873730193734642,0.141699419792797,0.324096630989547,0.522440547749887,0.673497492712288,0.799044748715546,0.879069257444543,0.933292253926281,0.935156815164697,0.880842172864312,0.793505808125615,0.658011726936846,0.516193242239703,0.329498542819237,0.132911434458255,-0.0800085528831602,-0.297093559251272,-0.486539076308629,-0.667317013794763,-0.824546050053785,-0.951841628538397,-1.04431702354774,-1.09026691762862,-1.08006208787108,-1.04325316109263,-0.964065720755954,-0.826865686989883,-0.667394766173635,-0.487848879213414,-0.290154014398113,-0.0821074680752588,0.126120102794094,0.327977113952248,0.512281111053411,0.679348875570743,0.795710676674358,0.882021025046166,0.925201027097562,0.921445766778135,0.883295226685918,0.796235637155452,0.671347092128525,0.515310311263449,0.341294791835159,0.148488048225622,-0.0790864639940165,-0.277682102351609,-0.496723385330316,-0.672177465102848,-0.828734877906741,-0.961670704150203,-1.04372733481443,-1.08791854794445,-1.08394865141592,-1.04598853088282,-0.967990171777862,-0.833789112788493,-0.687967251678865,-0.490718626031785,-0.298805076190464,-0.0779007675809718,0.123265426359221,0.327516309974008,0.502262238475385,0.660574620325708,0.785095778543647,0.883689982522175,0.924138879463544,0.925539879832204,0.878069594501187,0.791886386740518,0.683758994200423,0.5302252340492,0.338861911302414,0.132299197402341,-0.0666318318389692,-0.289968395906431,-0.486698155267649,-0.672579810356186,-0.832492076080837,-0.953732287792788,-1.0282775542366,-1.08186912685287,-1.08102033103893,-1.04665906682086,-0.959755152378218,-0.842933341268448,-0.685896568766976,-0.50625017646769,-0.305756955631814,-0.0785001168558452,0.120854422413397,0.322321910251366,0.519013876334656,0.6571372947749,0.793636042141738,0.884977848723798,0.918458070761002,0.923463119383097,0.886814693253584,0.796746813426621,0.677618435966204,0.525646095175083,0.334585146299329,0.14726741053833,-0.0715446798176466,-0.286248878581615,-0.485763757628533,-0.671018349334258,-0.829756506660702,-0.953601032711208,-1.05123728268663,-1.07463208948423,-1.08620886604435,-1.04858633665615,-0.960612749664976,-0.841717975513619,-0.690738449969446,-0.504664595890755,-0.296208108136459,-0.0974486994985196,0.125639609810851,0.330630764760813,0.504019056778234,0.653426336047258,0.784286888045935,0.871393744990418,0.917431893036139,0.939841399826319,0.885514169154286,0.807609533727382,0.683023384811702,0.524639678606654,0.3322843264207,0.132894786406319,-0.0624537688361087,-0.275064822535,-0.484807403988244,-0.661330673758736,-0.83822437975305,-0.955768347884986,-1.04295531924292,-1.08108752937316,-1.09697066283142,-1.04848068171166,-0.968074249790054,-0.837335720732552,-0.689818443620003,-0.51409364573719,-0.298193691645125,-0.101316809802799,0.123995940367671,0.303924797352925,0.498413803924297,0.662547885893582,0.796890826152445,0.881542792135019,0.913811476570301,0.934120387759448,0.885449591919014,0.797209670415561,0.682153069282642,0.532760905985538,0.334740101024204,0.148588314604711,-0.0613072301228674,-0.27713507926535,-0.477291253690515,-0.670939466593355,-0.823052491094362,-0.95345100174742,-1.04803030658893,-1.07105994952376,-1.0827617514768,-1.04367300656433,-0.974659922524487,-0.839701784143028,-0.685078560981066,-0.50428567314913,-0.299914072015452,-0.0922863906736054,0.116369059728505,0.314483567203406,0.501287853664363,0.667312866778614,0.794628580063143,0.879329368963749,0.924258127323498,0.928828190735458,0.895260953602033,0.806469123986583,0.682218432898428,0.533522457009441,0.336058436486702,0.152838029685665,-0.0501699183302788,-0.280982073848451,-0.48578091597232,-0.667173599310861,-0.831946127053564,-0.941014726198654,-1.03636010383713,-1.08997347699522,-1.09180300786211,-1.0473958688576,-0.968723328564434,-0.844695621682074,-0.685282422646147,-0.509695439350246,-0.294235010978649,-0.0970350130462671,0.114448023834814,0.318218245870553,0.50613778630126,0.659487431625309,0.782725741667078,0.875110903167809,0.931260114658452,0.934412033302883,0.883991660950314,0.806753584252402,0.689361438410239,0.544320314746882,0.351288439125157,0.151037380271826,-0.0680238478111931,-0.272583556534367,-0.480050923419138,-0.666867460634084,-0.816546159160147,-0.951655623650745,-1.03769157352907,-1.09555067039951,-1.09182778556945,-1.05192798928972,-0.968914522419575,-0.84531448943588,-0.69422230212894,-0.507554490627012,-0.310069894752694,-0.106888664539757,0.11763886141537,0.325463902498404,0.498681231419101,0.656268909969238,0.798289911012246,0.875158971347871,0.926980046055469,0.929662934266159,0.885752989578262,0.805476274147122,0.682202692993473,0.534067588587236,0.351464072691924,0.137420581849726,-0.0488187099879976,-0.278162905125543,-0.474677142834669,-0.655441986482467,-0.82068977015851,-0.952484108839554,-1.02137532877156,-1.07762339296038,-1.08328395424866,-1.05303779796807,-0.963216870832687,-0.837204508998311,-0.697579996222132,-0.517558580520258,-0.315660778254937,-0.0894502822835374,0.107903812933408,0.310013287797605,0.505713165868331,0.666092667341992,0.791034172130297,0.88203734003082,0.929529684976453,0.921796753986397,0.902390987562078,0.808377149588819,0.688493882683232,0.532713068590977,0.357793212879049,0.151899681235751,-0.0648219261760935,-0.272325219067714,-0.457836573392563,-0.669720185461501,-0.810285218430043,-0.949993025472948,-1.02767584546534,-1.08663413030132,-1.10224690916286,-1.05817176769669,-0.979076559067483,-0.855362500505692,-0.684406134518099,-0.504484275061009,-0.317146958598386,-0.103274604252207,0.108908595989339,0.312740777464606,0.496504588405065,0.648315562485966,0.795258763640275,0.881377905123522,0.929824642637011,0.932848656707104,0.888014231338939,0.814961945767843,0.685504336503102,0.537795025946896,0.364557931830039,0.140674743388022,-0.0514725515946492,-0.263595811817252,-0.477142231904582,-0.659694096005093,-0.80201467803,-0.94800068426353,-1.03999592976723,-1.07973326726968,-1.08610422184736,-1.05342475364158,-0.971955364763885,-0.844967951333162,-0.704169152452941,-0.510251852640709,-0.320896295147993,-0.104069356097114,0.109071784411604,0.31271918917731,0.501446047630897,0.660857100938894,0.789139926255662,0.878189998591136,0.929798197335812,0.9290860018558,0.891206950624169,0.819818836686642,0.696178699839272,0.539916037279995,0.359034183293402,0.154791388468432,-0.0579963501346819,-0.261774254720362,-0.479813730222119,-0.661492528248824,-0.821753271524054,-0.940274298456384,-1.03823999717642,-1.08929086124556,-1.0857784099132,-1.05002461408478,-0.963997803501406,-0.850546763728015,-0.699279317629353,-0.514352221188384,-0.314025820647338,-0.105119101421527,0.118992318688964,0.309099870591973,0.503269081163631,0.665340049622087,0.793099513424377,0.881173329682015,0.924235602982621,0.936822068731346,0.885316162100918,0.817606026667142,0.692886314972268,0.541149790475985,0.346120470404566,0.148814721310288,-0.0508451032854969,-0.267655755065611,-0.474348117698877,-0.642656680516187,-0.81104223285878,-0.947656886823226,-1.03472019092262,-1.08017978029669,-1.09036299749083,-1.04478851410574,-0.974818965087157,-0.852396602557815,-0.711359704360611,-0.507844023150779,-0.296588014548731,-0.104521670860701,0.105922389712851,0.309303637196516,0.493046814010924,0.659011258608891,0.787805554992983,0.879812259974798,0.933963875479474,0.922089919791908,0.895264214390762,0.812936314658652,0.689741507495862,0.545324330312465,0.347723412554341,0.165624450341861,-0.0434574747076203,-0.264361843851937,-0.46287857294929,-0.666161505581408,-0.816563750156976,-0.949832080733483,-1.04026417615679,-1.08859789003972,-1.09316552460672,-1.05168311710739,-0.9714168196185,-0.849934779278872,-0.694356870013122,-0.518612961886425,-0.315862419495064,-0.107690373303815,0.111792367242209,0.304164795974287,0.490313630751945,0.658229724352868,0.779407976444099,0.874901527771481,0.924562451166951,0.92868680516816,0.891229162135866,0.800923099366248,0.688073952911267,0.534654096603464,0.359585076727438,0.154446671460168,-0.0464466224713273,-0.266380546832264,-0.461620255813496,-0.661710209786091,-0.807014356502113,-0.947356794686865,-1.04167905352152,-1.072828220801,-1.09041002859284,-1.050884448195,-0.954470141115886,-0.841281679519216,-0.699520598886022,-0.516273593107479,-0.314906281327493,-0.104297175862066,0.109418350149815,0.30226190209069,0.490346304486437,0.650882621480054,0.77714143105346,0.871114120576738,0.927052571899042,0.935254070673442,0.882457423351679,0.809698594917633,0.703679875836221,0.540413464331782,0.357573866151954,0.158158002989874,-0.0590282063528962,-0.262134158207555,-0.466171037199192,-0.654203172468811,-0.818902315780579,-0.937234259581914,-1.02344229622012,-1.08130023081151,-1.09060346480827,-1.05866169839203,-0.972851315775918,-0.85656900857254,-0.69219474064055,-0.517733062713342,-0.307775136040023,-0.100778665697851,0.0947455864213805,0.307370295711131,0.499598243911466,0.648572395533395,0.781370715890518,0.874931679875118,0.908801151786391,0.923213080812734,0.89693135693239,0.811220020217119,0.686847465161898,0.545019295963783,0.349170290431174,0.149305057320926,-0.0546328827446759,-0.262654961921181,-0.471565002390234,-0.658142787386205,-0.822622129908392,-0.947024891867209,-1.03775149938078,-1.08789252255229,-1.09996102217957,-1.03855376100656,-0.967226979935035,-0.849575663125614,-0.693895144597318,-0.513180239697721,-0.314400824383487,-0.11210492410938,0.096941829250013,0.31568815321286,0.486403742921811,0.656864859737028,0.790476836040981,0.878298994751169,0.916239728844654,0.927674083946822,0.899727031537963,0.806166443442201,0.692967397793539,0.536556807133952,0.353337210891296,0.1658376922914,-0.0464881029072006,-0.273790665234496,-0.477052517187003,-0.651600785717316,-0.82390349838702,-0.937963697706557,-1.03540569392969,-1.08207428975958,-1.08974296975263,-1.04545300563557,-0.974635761843586,-0.85091511852254,-0.700835129455225,-0.517770391443018,-0.322852556300776,-0.100073226035145,0.0974549278570664,0.302749274218005,0.496112816592672,0.655387767646084,0.78893813807107,0.870534435091037,0.936675334165926,-1.09897450402888
1.20247104491374,1.18855721997649,1.15915595186332,1.05833304804045,0.943861486423985,0.768039522156449,0.576898491745544,0.34249327737145,0.135957627377656,-0.098098692929561,-0.318513680564486,-0.516581832769536,-0.680295861925446,-0.813106882914309,-0.915521759148412,-0.984646958898956,-0.976211308301819,-0.938126336110091,-0.841353897935417,-0.71398975462183,-0.527540026653472,-0.356108399308005,-0.138390123778638,0.0902791089165498,0.319833892177436,0.529805318614818,0.723913942148722,0.896223669825454,1.03887370350644,1.13436254962027,1.18690111156279,1.18643889672804,1.15188573930817,1.06414019079716,0.939095344386757,0.767561048943972,0.574877879059996,0.340967822400513,0.133676697486142,-0.100751474808835,-0.31913270996284,-0.511766847034261,-0.689828581493775,-0.819838651895187,-0.907245614700617,-0.966643265419569,-0.969858759590435,-0.934485147637325,-0.843506652291362,-0.705318662484985,-0.541639688214894,-0.352538510529513,-0.142142670236654,0.0883722110754132,0.320697976140295,0.531961080209875,0.735062017898034,0.906475547881999,1.05449682497697,1.13903177647374,1.18532402690947,1.19763858438137,1.14954609249148,1.05541891146715,0.927878719753841,0.762437830367384,0.574872659654837,0.350283369027143,0.128798519042817,-0.0963972685495767,-0.32681594392855,-0.506331094752518,-0.691218446899332,-0.817398733379077,-0.927132227292194,-0.980047239920402,-0.971351404391166,-0.92647041685857,-0.83389445048176,-0.711696615813785,-0.545448214940404,-0.346217796637379,-0.128508070419811,0.0978392725048037,0.316103239480062,0.544824768328861,0.72959216651309,0.910872904590101,1.04893658130422,1.13967167763296,1.19746697874479,1.19561224897263,1.14594232502963,1.05658784615655,0.924645562893398,0.763321935048927,0.567041051923049,0.346434740082979,0.115554947091992,-0.109066164865206,-0.324371477427779,-0.521838033665829,-0.683507792884901,-0.832132211337895,-0.914520750508495,-0.977352040773709,-0.971635399599436,-0.928049464917043,-0.834370642400995,-0.703460236868134,-0.53827175401651,-0.329857382502989,-0.126971092851806,0.093731855196207,0.317200803369768,0.55313228612106,0.737493522353931,0.920649669007631,1.05423858497631,1.13600152446892,1.18467437425443,1.19174231772239,1.14357700631203,1.06150278898566,0.927628451114685,0.750071544716004,0.544074659443372,0.347603251405992,0.124780727125499,-0.110149092333928,-0.337680787966216,-0.515881060495516,-0.688552547828252,-0.820546766164193,-0.917547813624836,-0.965289248609809,-0.981595208362267,-0.920470033403304,-0.826699246876964,-0.702251673072757,-0.536653695413656,-0.332280952101167,-0.119109086831255,0.0945610286867375,0.338622345450422,0.54473491476071,0.740235132994501,0.926545452288417,1.05353578564609,1.1405043111943,1.20570865674194,1.19884791874792,1.13773496388192,1.06216412652231,0.925776655738993,0.751153959010624,0.556797591681542,0.347307012627899,0.110777330343615,-0.113330115512411,-0.315855598208829,-0.526203934930249,-0.693580594986283,-0.838953810786676,-0.915616665711133,-0.967738589867489,-0.976454505223598,-0.922032366688942,-0.84321122071682,-0.702188197466314,-0.541981967503091,-0.332781181838914,-0.10718867247315,0.101289819575064,0.328017717501812,0.545611449307294,0.748117220020215,0.912176803109673,1.05026606177173,1.14204719950815,1.19539765963345,1.19908616339307,1.14042081919039,1.05513430656785,0.909712320344431,0.749692384767131,0.552077590154349,0.345141991698461,0.111241754543399,-0.111868475419724,-0.320683214964782,-0.528279887914632,-0.701702267097543,-0.835757711378495,-0.925027285543729,-0.977895102839187,-0.981746681454752,-0.93115312645348,-0.832027555512416,-0.699605852300541,-0.531717749637049,-0.331292468849108,-0.122536795936904,0.107994769898964,0.338935266289534,0.548023617956789,0.747034504811269,0.913461546273351,1.04917586773482,1.13709858048783,1.19503022144052,1.20538542717476,1.14463402307106,1.04869497454833,0.916948654237901,0.74811148328399,0.555724035974748,0.331116483558954,0.111370072444316,-0.119213629106364,-0.342166571114246,-0.528683210815163,-0.700372113575801,-0.825580867092396,-0.927051521769683,-0.964813285889447,-0.96242347875715,-0.918422204111927,-0.821113075410249,-0.695035940032742,-0.532471743859055,-0.331591690387304,-0.109520679555223,0.113956153548764,0.338895612440561,0.548465619603909,0.75580569425326,0.926743254462674,1.05290987145913,1.15867135988615,1.18767214600791,1.19345466114335,1.14895354464129,1.04930621415336,0.920273220090861,0.74433083569039,0.539894938616332,0.32839130840613,0.110480820414113,-0.126239965569542,-0.338141135450489,-0.53699303185835,-0.703662591320472,-0.842075095374301,-0.924859983505171,-0.97888692166153,-0.977744650041344,-0.92331380727014,-0.826064419045502,-0.6910772972904,-0.521401570214603,-0.323971696362995,-0.113135985127298,0.122675115347066,0.343126720932903,0.552476464503073,0.757495689626497,0.932883347751285,1.06512060332216,1.14842216458875,1.19481677470564,1.18991167842111,1.14807305007762,1.0469777264927,0.893659505268677,0.745202905843734,0.557666530034186,0.33454336096584,0.0990096962578993,-0.123805912773081,-0.340493834534358,-0.54117468175749,-0.693453674922799,-0.841112837274375,-0.932875197975977,-0.963243365755134,-0.98391746393134,-0.919976838041208,-0.818820705736039,-0.698210277539149,-0.523060368994616,-0.32122162433391,-0.113185123717194,0.115531900837101,0.348310102082351,0.563880872976613,0.757198795616726,0.928826415230556,1.05652266665032,1.14473474610621,1.18928716688476,1.19274378034986,1.14004949117022,1.05261157091756,0.899366872406767,0.739918394815868,0.544611146024956,0.326526562542177,0.0875557708782728,-0.128431568293543,-0.339850386824207,-0.537383538135912,-0.721645072482893,-0.844727032602067,-0.928382590765692,-0.960356391080657,-0.97179278496428,-0.920627519186082,-0.828882691350195,-0.691151945934492,-0.515733866633112,-0.329246644906681,-0.100098827115199,0.126156180437797,0.356872212569072,0.567670726789874,0.753094777415178,0.923271011865362,1.06122436705203,1.1596056600573,1.19460209553855,1.1869708196412,1.14060224584381,1.04028968135224,0.902592787705568,0.734461422959875,0.535632169511935,0.31458489334311,0.0862573922603527,-0.123491403754212,-0.352815848921678,-0.535345968553128,-0.712889913466793,-0.842217369809545,-0.927646268518841,-0.97292794590854,-0.964404822714197,-0.912775884457376,-0.82092971558098,-0.690581648342649,-0.511840460606457,-0.316974687155913,-0.0998089312890768,0.128646162871167,0.357206471940566,0.564581225210455,0.759439589587878,0.931305804255937,1.06045829749099,1.16243511918612,1.19503591718221,1.1932600631845,1.14394566997752,1.04451071804356,0.900984877189972,0.734421506969241,0.530858061017707,0.311140238529257,0.0938775725101566,-0.1267892301652,-0.357664035467669,-0.550904576042651,-0.709499128787327,-0.835817357926648,-0.927911259321851,-0.975111435921366,-0.957450376787693,-0.909524702014552,-0.822542897080916,-0.679124358276462,-0.50773008986508,-0.302978173402896,-0.100939655406697,0.131327049052983,0.358871438078021,0.571864796467269,0.764359286324759,0.93465968552588,1.0609171513557,1.15093784163083,1.19477783702626,1.18128098782104,1.12956054060046,1.04929025774776,0.900071373959036,0.721361902645008,0.538471151816571,0.325686648231814,0.0930566220913958,-0.133044457521614,-0.343809514872038,-0.53637173555732,-0.720731536317734,-0.841978802355472,-0.923571290590523,-0.969578502047035,-0.965162923822966,-0.915908067940674,-0.814449519862028,-0.688548379416144,-0.514557693077268,-0.31770647319033,-0.0983858266061966,0.130981943781498,0.354516224877553,0.557519436682485,0.770378851725721,0.941108558215345,1.0701088171242,1.14343308482933,1.18045172132429,1.19684725142358,1.13010759131294,1.04266182608274,0.901232293588452,0.738800673923091,0.520967031463726,0.308016327712508,0.0859194633299139,-0.135010225528034,-0.358262293752279,-0.551743277501536,-0.717893767267082,-0.847154679311379,-0.924214023150614,-0.969254385069594,-0.974070011784511,-0.922946662138055,-0.820849708418376,-0.681421207361011,-0.507919561236306,-0.306567434421978,-0.0957095254255573,0.139054660447871,0.359211532641195,0.588724955444708,0.771338533010235,0.927460467621403,1.06869954880628,1.14939760622068,1.19504708888708,1.18420176469838,1.1350064683941,1.04344256938539,0.916520691653009,0.724375494082432,0.531283339220483,0.308836105987406,0.0826606252681433,-0.146602299998854,-0.345974835291797,-0.562964173409266,-0.715190141028802,-0.84818968697416,-0.919696929339181,-0.97776041465185,-0.964271869289177,-0.903640740098466,-0.815581612757155,-0.676338430845655,-0.502326701913073,-0.306690171687,-0.0874792528839655,0.133675926136984,0.362748103081241,0.576658965171106,0.782222850420528,0.937859610211421,1.06736856622097,1.15251714672459,1.20093293607687,1.19313980180161,1.13476038090824,1.03046992101,0.89302838178639,0.724046941507299,0.517701122118161,0.31022278226013,0.0763923095723955,-0.140341436763291,-0.354348851408238,-0.558791820344842,-0.720146113697216,-0.845863104661569,-0.931430347153441,-0.981625928574855,-0.970551768600178,-0.925342890109932,-0.813579659109758,-0.684144378164256,-0.493877484633874,-0.299019140514831,-0.0869759836176896,0.128976949004162,0.360555692329357,0.587218279187107,0.774512412310192,0.932026614056601,1.07082333690438,1.16177683489143,1.20071840862571,1.19477522466585,1.14127191063804,1.0395334792354,0.895492961589589,0.730475000422589,0.529146563582469,0.311073041591404,0.0753732385463857,-0.149500629805703,-0.36091065164491,-0.543710805997601,-0.724247484130101,-0.840444128335043,-0.942067003743955,-0.984870548468817,-0.963011737598834,-0.915496030779471,-0.811704080987682,-0.68103950979708,-0.494987523574424,-0.308356887376005,-0.0780569252288205,0.139606173257927,0.373858870357697,0.589570909613704,0.761788798523316,0.93963456565287,1.06501844364903,1.15689846304283,1.19089353018522,1.20342421106923,1.14112513333087,1.03218499549425,0.895392589749429,0.719256618887359,0.52578130782796,0.305580029109648,0.0800257856395022,-0.152354521920535,-0.351354460871003,-0.556540798228877,-0.724985503368462,-0.852895202021164,-0.941593783734152,-0.978677599317314,-0.964491988859062,-0.92562178789422,-0.816376897539056,-0.677385443257627,-0.492891413733424,-0.299789466820911,-0.0936314237747758,0.146096954872976,0.378945545963647,0.582359334842817,0.774744537170228,0.933006901780892,1.06643249183873,1.14601920527726,1.20095367683004,1.18657172589124,1.14120178240549,1.04212415397194,0.909780329900656,0.72158304677198,0.522354022641151,0.298417574637267,0.0751663114501282,-0.141975596827938,-0.370190196317742,-0.564203564662698,-0.71820563350233,-0.845110797062627,-0.93621492859138,-0.965344672280448,-0.962486143851944,-0.919964863293132,-0.814599607628125,-0.680611594447387,-0.500322995422718,-0.295849652109604,-0.0958723561386743,0.145468563355995,0.363614356463254,0.591115812340123,0.787242943826026,0.944183240644408,1.07098465653268,1.14909206013666,1.19013022791379,1.18601891870927,1.13380493434684,1.03157306652129,0.893525686491445,0.713007233809704,0.516383070643201,0.305069661194196,0.0791017380990708,-0.150568034341381,-0.355646942916468,-0.558966671553099,-0.720842413241971,-0.857868455338784,-0.935626897226785,-0.972618882638211,-0.969860470573837,-0.916940915008217,-0.808544813598288,-0.675052617802059,-0.492198670804089,-0.292254844488784,-0.0768113853324917,0.147061133273219,0.381495682723842,0.583140933547302,0.787062436344494,0.939031073436545,1.06192865619927,1.15972184876472,1.19121290779849,1.1856204416489,1.14214786680153,1.03081855368501,0.881960780042398,0.714448839416723,0.510420025597306,0.301317440494499,0.0751768547001513,-0.157933067607057,-0.368313818346145,-0.557321927008504,-0.725252650615622,-0.860984012461502,-0.945913522560605,-0.978199795778209,-0.958298185860113,-0.905408662070059,-0.805911695419953,-0.669221009148907,-0.498306825272525,-0.30790910800564,-0.0822497607734239,0.143149673716406,0.373801492694519,0.592086462502834,0.777704822329924,0.938592936682395,1.06870659557437,1.15932516568065,1.21379255537877,1.17605567906185,1.13088171576041,1.0363318061704,0.886705204819237,0.7150708539269,0.514608202180205,0.301204713285823,0.0673401186481968,-0.150092544668891,-0.366858219138569,-0.555120467185204,-0.724157770987357,-0.856645681155298,-0.937964596705367,-0.974602206044934,-0.957577744125774,-0.914102249423651,-0.814187116406361,-0.670382676822466,-0.500725061416069,-0.303422960017909,-0.0832685030825451,0.149600284911339,0.374577113862689,0.596260809786233,0.785034177148847,0.942110892277982,1.08033875315722,1.15957586655301,1.18989559657507,1.18619896565392,1.13291062289299,1.03783683131512,0.897859198169035,0.714519785082475,0.513802986752355,0.297989381610475,0.0746508618767297,-0.15949442541079,-0.363550449434535,-0.557271284762643,-0.721525908604577,-0.849121017039059,-0.941971058053782,-0.972425141063551,-0.970761379002894,-0.906794144952275,-0.811116749441114,-0.677604805098696,-0.492355207564815,-0.303938279695318,-0.0871185640873768,0.159549001126211,0.374150546540039,0.588372462656484,0.785036355001495,0.936368369381341,1.07251839691896,1.15825667275375,1.1860666165693,1.19036364287425,1.13143495770482,1.02131107094788,0.889581244780789,0.723240714580365,0.514442514645622,0.305421182903361,0.0711012542162294,-0.157586045445876,-0.360262381715002,-0.565251126144704,-0.728744394141428,-0.834799100854329,-0.939940159486199,-0.977440164634956,-0.975540542285387,-0.917916981198595,-0.803834661472556,-0.674417101260766,-0.503494285033179,-0.290637784144474,-0.0854567962247167,0.140168996734466,0.369989994587024,0.583566367516562,0.781710558528619,0.937829648382219,1.07401319938201,1.15023751570134,1.1907069981868,1.19025081450613,1.14064135620555,1.03173403376139,0.897816601247822,0.715292733530058,0.518885120410192,0.297710364959771,0.0744462355479514,-0.165955000235784,-0.372993281351043,-0.569096678879267,-0.720933518285356,-0.845740139780911,-0.942032662715004,-0.98142746460441,-0.967919262083245,-0.913818109621417,-0.801192212796143,-0.673198322670445,-0.503406466021227,-0.292255415957317,-0.0790535519344194,0.14760448995822,0.373414986716587,0.59535899974751,0.783696082703066,0.948155417282613,1.06639127796824,1.15967696634771,1.19985500061935,1.18528657420538,1.12683002223163,1.0369226611744,0.897043059335834,0.730526667923622,0.508335912380362,0.302635702317015,0.0692574423116364,-0.150427950490468,-0.372516233952648,-0.554479267864348,-0.737143342656703,-0.859987632292868,-0.932193189284523,-0.976552371252092,-0.974038459544494,-0.918425788667141,-0.816771835402968,-0.67082233802415,-0.482567266532873,-0.312105065546122,-0.074422728116763,0.149485913745525,0.378811632240772,0.596373249390298,0.778678808537769,0.962476291020562,1.0734728187793,1.15360418934513,1.1983260442541,1.18724174755827,1.1347019003553,1.01887208742077,0.889791069180743,0.721463514383694,0.52549146720909,0.298191120100435,0.072007559118049,-0.153990709728656,-0.38041419468757,-0.547345110094236,-0.731779252971514,-0.840812392550246,-0.936651444921659,-0.974588152237089,-0.972850510330591,-0.917827744360524,-0.806749515309653,-0.66863545691476,-0.49895586833495,-0.295261047404647,-0.0764195747674269,0.137504725529481,0.37259137628311,0.587405802831625,0.787030687145078,0.941972480868869,1.06743065522986,1.14650054741129,1.1835117953495,1.20376214659089,1.13027018948109,1.03528731141582,0.901669404861852,0.725228309621513,0.516470747984279,0.304475327039361,0.0640062559226881,-0.164304405688006,-0.371234643400639,-0.565413996891624,-0.716469537851235,-0.859231082316972,-0.933355391451415,-0.95738056342026,-0.961184457316411,-0.911170467628465,-0.813719944506318,-0.677875973822592,-0.498336325339191,-0.294905678054236,-0.0879139220075427,0.156825175929802,0.375253122222282,0.578257984499908,0.787354761176928,0.951805007258059,1.06306921033103,1.15244224244279,1.20177159874732,1.18963609029269,1.1361781127878,1.03516573431152,0.887458321353679,0.715977487935992,0.524268819449317,0.305605444641713,0.0759012626814867,-0.142851039818407,-0.357813978051518,-0.560809518578682,-0.720308149038184,-0.849543590824458,-0.933938685396222,-0.976857153294805,-0.95612134389271,-0.910276903401131,-0.815994099459637,-0.682193745267525,-0.498321591819601,-0.311196636064776,-0.0812672105705176,0.152380639390462,0.365087565778629,0.592673901689304,0.773603626811417,0.934068794326273,1.06702140233882,1.15642251477785,1.20031052144302,1.19250326464557,1.13875032369871,1.02936711616609,0.891981666488625,0.70733422264593,0.52369478394298,0.30319382116073,0.0761523918734689,-0.158290988493503,-0.364583569246949,-0.562191043808382,-0.718399162073347,-0.844041901251544,-0.941957721179962,-0.972367736428039,-0.974800837131938,-0.910196712739053,-0.805522156727043,-0.67499487111417,-0.495787015950512,-0.310485290708898,-0.0910332700199726,0.145421093214433,0.371256950097926,0.582852468635076,0.778427637857741,0.940999097392857,1.07383923340041,1.15323703632457,1.19542413460107,1.1900968452526,1.13065952925794,1.04290668857505,0.904165382287776,0.726715731033801,0.52463602751466,0.296207412177138,0.0802790639912331,-0.154408207425978,-0.359040959778739,-0.553203178077679,-0.725717021241406,-0.840221129112984,-0.924872476528051,-0.971813855967381,-0.967684057595831,-0.92833316224981,-0.806982217229938,-0.678388756173766,-0.498685085168305,-0.303371998665538,-0.0830261944251281,0.137416351975458,0.36975191256545,0.587042827860077,0.780514280238613,0.938354581164411,1.07327038759751,1.15109915264455,1.20092640925304,1.18957113324184,1.14581095890958,1.03519965795971,0.90220135521032,0.720671274371129,0.51562702311488,0.304877015760555,0.0843010088363318,-0.143304757289582,-0.367804429538835,-0.549300994377939,-0.717572119356837,-0.843282667119248,-0.934416459733979,-0.967867178261078,-0.972532436375895,-0.92194219899088,-0.818469476135304,-0.669111358201837,-0.49366505882855,-0.302475758897556,-0.0847947967848959,0.144674504552669,0.376170761694472,0.576497321926325,0.765793455143141,0.944415382339824,1.07427283611532,1.15604541819311,1.19688050878021,1.18829259371625,1.12779827028561,1.0338211758385,0.896991023262418,0.715908836802778,0.521613848999889,0.315838442109091,0.0759219434988005,-0.149897728900448,-0.353856991367048,-0.552564104790448,-0.710372358748108,-0.840600229522845,-0.928817882879019,-0.969663402533197,-0.96691629897716,-0.920011881272187,-0.812130813551404,-0.675728062964092,-0.508013095699849,-0.318134229033816,-0.0873200021207959,0.150038588991994,0.371880077442139,0.575134917215336,0.765494151874769,0.944869078043105,1.07074995302718,1.14831218883672,1.18841740466878,1.19276588635753,1.13314169991588,1.0339317837889,0.886141071389143,0.716519029486817,0.530653581722584,0.316342574513582,0.0840673900434092,-0.140152880377349,-0.344072958521569,-0.558964655562697,-0.719404757032851,-0.842888570211249,-0.932279450951291,-0.974358201880976,-0.962706394604165,-0.91401354591532,-0.823700169629947,-0.690992986754704,-0.513328345959177,-0.312613725125626,-0.09129413578788,0.150621809698744,0.365610673669979,0.576067413975114,0.765645703131515,0.932992323554744,1.0691635439965,1.14753500370761,1.19430580176622,1.1869744147317,1.12663054434509,1.0339495887528,0.901791132145432,0.721979313744912,0.524688247389972,0.304946345423329,0.0885301870473484,-0.144714334170723,-0.3598536906944,-0.551239459441746,-0.703804575646935,-0.843220804653789,-0.939388883572256,-0.977347770968681,-0.973672648705595,-0.924488629721393,-0.827941826802884,-0.688468235986342,-0.510509037417829,-0.306181932263347,-0.0955003038322475,0.133403896971525,0.364380028996437,0.580023831384,0.768505234473145,0.947109142184936,1.05933106791193,1.15405663534904,1.18371650888733,1.19616384738683,1.13398257157197,1.03463040777243,0.90161718658611,0.732289680993096,0.534967595742821,0.30954919036739,0.0848646234960633,-0.131114815946302,-0.345374633605319,-0.558195940446306,-0.711453042900641,-0.847067385777242,-0.92915644729995,-0.962947540422723,-0.952776670436152,-0.912326925293421,-0.822582142285516,-0.689831654568646,-0.517664657762407,-0.327453072728621,-0.092209843738231,0.129811212585237,0.36839098531567,0.584519127338178,0.767130292818272,0.926482756054263,1.06667336131219,1.14873166563417,1.1998395922538,-0.972949364328382,0.0818443348255373,0.204541117892737,0.418444237627153,0.630793427177092,0.816549551331172,0.968085660505978,1.08648392400528,1.17423696604589,1.20270018877243,1.18512189221933,1.11390178431855,1.01062760593226,0.872018712114607,0.684311516675629,0.490095851542414,0.266685354130709,0.0302923710882491,-0.190446287342062,-0.406847120385632,-0.589822357628987,-0.747985100976715,-0.876010616816471,-0.949153013778154,-0.973964174241004,-0.9518634421829,-0.900428270008996,-0.791641779175836,-0.636391567667553,-0.454039885081076,-0.270713718658321,-0.0289211017264311,0.191745847169532,0.409760650906207,0.624202162077351,0.805674079942522,0.975151915931985,1.09377917917147,1.16674920263585,1.19679254646449,1.17566262812383,1.11453839444893,1.01414342673989,0.860785836164588,0.6911347503398,0.474536765626582,0.253935127680013,0.0278039299222738,-0.191627571364573,-0.396040179678456,-0.606280102096367,-0.74140260397868,-0.870703113138835,-0.949111105034612,-0.978139878759735,-0.959360723146924,-0.897704016211406,-0.782985969813327,-0.638206144126742,-0.463852803822512,-0.259675740868466,-0.0362171171122599,0.184627364834458,0.407025581705736,0.618502037796138,0.80134392632884,0.954971159492936,1.08061167417763,1.16236015887119,1.19204452676829,1.16419971938935,1.10338421859181,0.990096208396423,0.863317932187849,0.67400439441274,0.474489672910384,0.256503179539477,0.0432492271711388,-0.184629178176574,-0.401996262718573,-0.592798486575213,-0.743701648369996,-0.859481358086782,-0.924474391204322,-0.960288407199915,-0.944420615369413,-0.889665367812445,-0.778508933451011,-0.628448689325358,-0.466207415903792,-0.248713114258298,-0.0288487385596578,0.197255252361743,0.412749667044787,0.607928533905424,0.784743011102367,0.93795848235448,1.05597322758322,1.13118476490126,1.17521008687875,1.14814497182718,1.09327065848382,0.981908784100433,0.839636321377818,0.680223562135997,0.469811148098466,0.25610042055391,0.0361676756673363,-0.188203288484046,-0.387111039222029,-0.568654544583461,-0.736850454910376,-0.838382738157848,-0.916240958500168,-0.939323229241217,-0.930081522081521,-0.874473129103608,-0.767483511230408,-0.614832815738832,-0.434414386734565,-0.236331325980362,-0.0296747124236663,0.185285186891705,0.389922775805417,0.593246488031886,0.77379096486628,0.923146073700712,1.0413063535814,1.11107659186815,1.13558144806836,1.12138147072189,1.05716135293726,0.969049610583846,0.818989381956151,0.650833896914969,0.459675043643539,0.257734545392537,0.0323394159676642,-0.17091931019956,-0.375898578198391,-0.549076173904661,-0.689233225537698,-0.811694165495096,-0.878906481357304,-0.911839334975941,-0.899851457854648,-0.842370959564355,-0.731331020152062,-0.615777720656409,-0.44315665999189,-0.233865384480789,-0.0434107544805106,0.178843725797907,0.38225972256473,0.584666423255038,0.751638853592715,0.907419796945487,1.00911841240195,1.07049243872698,1.09880834890843,1.07528099033367,1.02530143381322,0.932892237282943,0.800901721324388,0.622080989624306,0.448801671849906,0.245164875987808,0.0457414485922574,-0.161481594346804,-0.360734413944855,-0.532081586727974,-0.679265687706648,-0.780049591070934,-0.85297275532242,-0.87294559098101,-0.858435602591423,-0.81037466909972,-0.708454898291089,-0.579190742863958,-0.408956605401504,-0.243462940630498,-0.0352688126929214,0.173828847633751,0.367791998499929,0.541486731169426,0.731651865627315,0.852779479611257,0.97868833744572,1.02991326643847,1.06433565771017,1.05850755962968,0.994645572101948,0.909541840898905,0.774106059889424,0.613607596070857,0.450227061151973,0.235631971437051,0.0499721138124601,-0.149031302319296,-0.332244849829932,-0.507130367783341,-0.646220776193102,-0.739309084380251,-0.811212417258048,-0.837272105742065,-0.820129647147056,-0.770961738837245,-0.677023131191398,-0.551934122133431,-0.399354692043055,-0.2106350564555,-0.0104917592277732,0.175684119666406,0.361072981140448,0.536099892330512,0.683105714881445,0.835731692854081,0.920308162962147,0.985469489260731,1.01497123225474,1.01024068729899,0.958576951202592,0.859159618955406,0.738751931895037,0.60268383067293,0.437432772797633,0.240139559255366,0.0433667271525582,-0.133735027167238,-0.308724922483433,-0.469366700812951,-0.602639608887632,-0.700650902804397,-0.768762910307919,-0.794131901733745,-0.788091192339617,-0.729829106218568,-0.640831105708594,-0.527877821153993,-0.369374030548537,-0.20745393946131,-0.0157966388533343,0.170662100721094,0.337960727817578,0.495995527801387,0.651785190210354,0.776269047107756,0.881368244496251,0.935070688996286,0.970910311411823,0.942915603867669,0.908093340742072,0.815562233640429,0.714459447227608,0.558508225158728,0.409694148487062,0.218884652811044,0.0580352758263431,-0.107556656851901,-0.287221820163199,-0.43311262379023,-0.553224809328241,-0.653777441292959,-0.70571152929286,-0.737964109331233,-0.73066819080902,-0.671931400947927,-0.592976414614963,-0.480921973544821,-0.349635015767421,-0.19988561733461,-0.00367124820740262,0.159026869633163,0.322965863396764,0.479705806599928,0.601528822602882,0.722033142162697,0.815189655539959,0.877532712932296,0.885123686509615,0.883006214832926,0.847168990781209,0.765388962303503,0.645545713482023,0.529416261663698,0.391169667806133,0.2214848324159,0.0710954135288905,-0.0914772227744697,-0.253898617076812,-0.381816615954792,-0.504661477262732,-0.588426117513996,-0.652239461924542,-0.676110737400646,-0.655040739283485,-0.622284364498805,-0.542833921053716,-0.436381772736243,-0.312222494067053,-0.14889501075772,-0.0104911516678233,0.139464938445633,0.294468969004242,0.432628252734308,0.547668603102741,0.671990056696684,0.752968601875461,0.801828198313392,0.821742063839223,0.820879311195229,0.782664408413562,0.706154550781312,0.619071339931641,0.497387342949168,0.356684244478516,0.222629414342049,0.074823421051944,-0.0794747587362426,-0.209454425585682,-0.344105546732975,-0.441993692235258,-0.533260027626949,-0.589667944383779,-0.602567801596203,-0.591969387448416,-0.555465088635148,-0.490076553756076,-0.408813377215478,-0.275111342718435,-0.129268075377233,-0.0043960695546502,0.13823550841677,0.273094058738134,0.408306285642663,0.508540763418829,0.597345726413365,0.679777023906308,0.734130263423069,0.754034471833263,0.755908934936225,0.716128360367074,0.649052915269451,0.568429843728475,0.457611260082474,0.331574813600258,0.216596033607049,0.0717335258875977,-0.0508277024927683,-0.179405078006283,-0.285373530846953,-0.392389362611889,-0.462614655850291,-0.514658379857974,-0.539875396539008,-0.524283401918999,-0.490115493580834,-0.432947966350779,-0.351759818441078,-0.240349496361917,-0.123371042833326,0.0103542354953935,0.132334434132597,0.254262348920399,0.368437378333429,0.455161203357525,0.545032943065031,0.618013944391945,0.647839899811125,0.671316232978445,0.675769383782199,0.636000788390858,0.590887544921992,0.515866557143786,0.422304098600556,0.324835149104818,0.206149855189998,0.088227146082891,-0.0247023750510523,-0.140428606578465,-0.238298505878133,-0.322469839612658,-0.393921824709057,-0.441117011594874,-0.452276576568285,-0.435748400462267,-0.410860699681502,-0.377831963967311,-0.288893141693766,-0.204971994945334,-0.0988707649122921,0.0241113868643883,0.123166005671658,0.231065271059698,0.321776308320182,0.411210394459209,0.485336038681683,0.536908337596133,0.571844751902875,0.590704795046555,0.581853297665987,0.566380872312859,0.5136643220409,0.456486176903047,0.395100079032824,0.299325731298746,0.199478277395268,0.0942576312247693,-0.0202922734673679,-0.0853160602051233,-0.183520711157863,-0.258388791462135,-0.315484174767276,-0.343304008859368,-0.376352736503679,-0.370976616264474,-0.336526533591695,-0.296874602619486,-0.22938239438819,-0.164142644377522,-0.0724101638583698,0.0351571072427006,0.103463274629597,0.196753060032823,0.270636847407699,0.336216360146739,0.401275372280525,0.456211906706546,0.478675322205976,0.500016556466091,0.502798483525083,0.478906141346943,0.439947754973925,0.402778598267653,0.334812523057286,0.270963790273299,0.193686899066293,0.10379199390548,0.0179639125422791,-0.0529242758435288,-0.119121507579112,-0.185646785133532,-0.241940218605853,-0.266632067938964,-0.286226363697425,-0.278982260587343,-0.250386555581411,-0.227475447416835,-0.169983842933853,-0.121926217969268,-0.0431511304112608,0.0402869276174288,0.104543574936575,0.170269038082068,0.225824820500484,0.288878721145983,0.33703292910263,0.369233150135208,0.394297789597707,0.400162203963809,0.404866591044745,0.404687038378134,0.379709242466626,0.334077386144536,0.281632632600992,0.225819887378491,0.168638156934038,0.119998992153622,0.043678797840288,-0.0156381326401838,-0.0650937142037123,-0.119337586800531,-0.154239445197788,-0.191050228956405,-0.187818681158355,-0.19699283174262,-0.174125226705217,-0.147531003296715,-0.122997534059513,-0.0751403575991782,-0.0189385301604401,0.038699118561669,0.101571535173475,0.147133730809555,0.19467686922411,0.23967444636276,0.270906620828489,0.285062340226016,0.310184327528326,0.313605041005876,0.335789672554248,0.314606549173122,0.296736222764693,0.271305485738387,0.241860406438059,0.210263232307923,0.165290676088542,0.119071032224936,0.0734294186771455,0.0342704531141228,-0.00592153356474217,-0.0479754716497463,-0.0628261358149607,-0.0962650345990582,-0.101509372356693,-0.0955954868078879,-0.0962899051892921,-0.0783427578685802,-0.056041409074172,-0.0316489739455766,0.0180482078657074,0.0572813510169915,0.0879296551747723,0.106084740637984,0.142782119368816,0.158215228444649,0.185662267330283,0.204299617927657,0.220245154045602,0.227953333213823,0.225269759733853,0.228650888275503,0.222262993923556,0.212149890492219,0.209271741657136,0.166772360316822,0.153153054477664,0.128552461640471,0.107217411198503,0.0854812256080739,0.0505309185940537,0.0462256306220456,0.0104742111561041,0.00176883628252851,-0.0137463614961028,-0.00465274172230104,-0.00935929301066868,0.00453046958191692,0.00407151522679508,0.0266730119685049,0.0410369470529316,0.0568623479456669,0.0694511366138343,0.0862921341788792,0.0941157697197274,0.101924948967337,0.101440898503682,0.121275717217987,0.121348933410842,0.122397522746939,0.142659309078211,0.145968378164905,0.150400891615383,0.157160581595244,0.156119587700209,0.142577767930938,0.14182904800517,0.142932113422987,0.143518876776313,0.135398173413286,0.128843909039769,0.108303542291586,0.116128798347885,0.0966019854509777,0.0916861637580079,0.0857953472921074,0.0911304687132554,0.0739765503348932,0.0718273222715512,0.0747759933833355,0.073710521572986,0.0733937482411247,0.0747492330092295,0.0566235403666443,0.0402384155964821,0.0363016292275691,0.0388854199406129,0.0322482970164322,0.0264048795904152,0.0420787397631403,0.0468210283236515,0.0593886725052385,0.0744609339669081,0.0954684777751548,0.096434961120721,0.126954911981758,0.138427714169878,0.151327518350983,0.169126204905754,0.177073162201088,0.188193618861161,0.188163830858867,0.189159602138494,0.184935687724173,0.192826655432016,0.168692059462762,0.161758714901495,0.156574469973072,0.132544713265442,0.114109072568336,0.102387697087355,0.0876331950253017,0.0610758035190811,0.0219512038296493,0.00514507788877063,-0.0270828653065332,-0.0493401274343407,-0.0646046898656073,-0.0564799954829634,-0.0619317753119287,-0.0490120803173091,-0.0194431028707941,-0.002348100294579,0.0172545337090468,0.046962348999695,0.0863987896490027,0.132656657817483,0.15144029044206,0.20294797271055,0.218397260669635,0.254277225388634,0.268850053136434,0.286008717456294,0.283785807587434,0.278461873350079,0.268124475355302,0.248966862246506,0.235558760293938,0.18636107031775,0.174528577665408,0.123467964647992,0.103372152014281,0.0391422675135583,-0.00817321196679419,-0.046089233434221,-0.0889853802810337,-0.120034881287112,-0.137207812369749,-0.148017044928881,-0.162611595095619,-0.131482643915098,-0.116048376383396,-0.0847091130089526,-0.0408711882813808,0.0143698364821235,0.0556748672775597,0.122898385180526,0.18400682919602,0.222714919639479,0.27370876517223,0.313233003924912,0.341541376877132,0.365941284583733,0.382686528146407,0.375069916411831,0.37740922424824,0.342073794045035,0.299181951092681,0.258757782751955,0.213179342943918,0.163959665383971,0.112309425155923,0.0393482034825844,-0.0326767841065625,-0.0929698513056261,-0.144018543785526,-0.196515281666593,-0.226684347536437,-0.2484298614671,-0.24486051512841,-0.227263441131983,-0.206987693418177,-0.159956581663009,-0.103059099482707,-0.0279051289661737,0.0320777625786991,0.116734317580311,0.181831452462795,0.246864986022047,0.31874022921008,0.378630371719447,0.411399200395703,0.449741221215765,0.460154121896514,0.464626564500383,0.438080526700796,0.424332561308488,0.371466650160904,0.331494674224114,0.259668065056099,0.185798055825368,0.123124000530632,0.0306181088853596,-0.0596958474343834,-0.138676903311898,-0.213099636986306,-0.262432673672135,-0.294748092330262,-0.332083590466716,-0.317531858656771,-0.311890556463867,-0.278023266692919,-0.234607315754116,-0.15981999166611,-0.0708502299539009,0.00381263851711479,0.0916258203573262,0.188497773531188,0.278406192996377,0.367587975005236,0.431962075651694,0.482381797679405,0.523685937017295,0.549421188552052,0.556152633102161,0.528937532527407,0.502097364947416,0.453735251320754,0.379966830199536,0.31372700265581,0.213487985054913,0.11165601891333,0.0279318932407926,-0.0897277909024694,-0.1809779040768,-0.26832571077958,-0.324428988016755,-0.373359994387912,-0.411986854650354,-0.420342353361634,-0.398474326014854,-0.359695375214825,-0.298691127674201,-0.214465272412871,-0.119472343162317,-0.0291293087065881,0.0943288011170293,0.20289050286571,0.296936680156411,0.397494489782218,0.491268552799432,0.548454106548642,0.602517018915326,0.632992874056026,0.639324291253792,0.615095663509642,0.580767986565148,0.522403899329765,0.425397648071028,0.344171022078854,0.24605165518769,0.13341785260491,0.0115624061259631,-0.115082952029203,-0.222749174560474,-0.315004252101657,-0.395666230220425,-0.468876566714134,-0.491362256936739,-0.495329750036365,-0.481925511136678,-0.428956455075369,-0.367322765587129,-0.270977792205939,-0.163349587737949,-0.0386015723368727,0.0864849789454662,0.210020443702848,0.335005844661272,0.438080461845869,0.538808913257199,0.619750060959881,0.673285454514798,0.719119370578232,0.718430067346617,0.703265901561748,0.644246971642987,0.574754493121883,0.494954993539795,0.385435843000851,0.273746632316992,0.136026449640992,-0.00182634904448147,-0.13767200471669,-0.259752767064664,-0.377181651719862,-0.471174971510514,-0.520876253094726,-0.569926578422633,-0.56870965042608,-0.55234227399337,-0.494857274497235,-0.425026841254728,-0.326990715662047,-0.202789752729703,-0.0698905490396372,0.0735354900227947,0.217318517369362,0.35338362224743,0.480843770936973,0.585356761618858,0.684268756636514,0.753266402550447,0.788878167769508,0.794441750393721,0.779997144541005,0.712488561444141,0.651365544849694,0.535961215241389,0.427611116050355,0.292336582575632,0.1469322583298,-0.000520245806677025,-0.147239974814956,-0.292115767670334,-0.42108855328415,-0.518555323661507,-0.597207643152391,-0.64129930482327,-0.651780042751225,-0.618576834384709,-0.564872118260606,-0.471147589115175,-0.365925726597841,-0.255119062049848,-0.0900425825489899,0.0672118559049614,0.217721177996522,0.36848102131066,0.518289442637727,0.629425251134489,0.743683662513463,0.817602315815785,0.869901302755311,0.861694819040696,0.844308806061944,0.78816606581001,0.703839885801898,0.597130422514276,0.464981558519262,0.313795573066812,0.154310877338991,-0.0103046416157428,-0.177174910067959,-0.342010529844062,-0.465936485330914,-0.573271069790421,-0.657677323646964,-0.698797547391639,-0.716672864467007,-0.683267980330714,-0.621436393159374,-0.526507053091061,-0.417239793776403,-0.271886313605022,-0.12398524033716,0.0581529479983397,0.2274053705142,0.392741967857537,0.541042827487304,0.684642338034241,0.790055807565492,0.879034735674307,0.905762924659224,0.925850352687132,0.907031943601072,0.84019824100304,0.755778168850977,0.639928530972724,0.496346903718627,0.325697804386928,0.157677200926645,-0.0201039748867519,-0.198316170222903,-0.356225422654611,-0.509783226303172,-0.621588383251313,-0.714319127489376,-0.758375064907942,-0.772000842534082,-0.742094969438379,-0.688359796339259,-0.57890815902069,-0.457624426729781,-0.294699937682226,-0.144075433493875,0.0584564212173352,0.235286867866477,0.41256947032495,0.582449659075775,0.71755182493017,0.837376298284069,0.929583619765819,0.979296195365955,0.997685996837934,0.96582209482356,0.899408641998777,0.798130077042203,0.679322254574931,0.524010554265073,0.340601968967882,0.163770723917506,-0.0206416821053493,-0.211301160497628,-0.397869722068328,-0.545790403721104,-0.664861649778718,-0.764258043795372,-0.799532807511899,-0.824641093238005,-0.796383213614623,-0.720618037076223,-0.617975001600038,-0.481998659163751,-0.328795001907474,-0.151385508485852,0.0396966163249128,0.244657990293532,0.440348231819608,0.60770844656169,0.757674224356941,0.890967846716833,0.972127231772951,1.02955567581604,1.04230200679229,1.008328583582,0.954597655153703,0.84718550651785,0.711584488869067,0.547045226662522,0.358273996999487,0.169778106140353,-0.0353404847167319,-0.228525210066973,-0.414271693961846,-0.566159585083467,-0.706312281083921,-0.777320964132855,-0.853710886268234,-0.86934038716253,-0.836614649523107,-0.763053786274693,-0.661962125175592,-0.50959153496014,-0.347536220868976,-0.142608020639037,0.032353434574452,0.253652106030402,0.453006893814363,0.626092060104045,0.792853282957642,0.9140294149198,1.01466489956574,1.07409781584218,1.08422656451677,1.06455530699223,0.994531283711782,0.868156530576113,0.737293283398776,0.565554944474098,0.372477838374666,0.175660863586492,-0.0362831117988816,-0.234694865884827,-0.432778157486231,-0.600590870100992,-0.726594630049559,-0.836450647031991,-0.890918191206999,-0.910263331022273,-0.873398528815394,-0.801750358139765,-0.678617711217841,-0.546136085617744,-0.368628774224258,-0.170572255517888,0.039863954805071,0.249905336151297,0.457517667132335,0.659496333786021,0.821479186937171,0.947452941486822,1.04594323253316,1.11927773479662,1.13111089419695,1.09725616053118,1.03086245135153,0.906424400215092,0.76401884177006,0.578929413572823,0.389899064266535,0.177255652582578,-0.0130455347042858,-0.238907537483496,-0.44238847574866,-0.619641629355108,-0.747184601284602,-0.86699020706169,-0.917508007581958,-0.934373070973672,-0.905542398743151,-0.835888532185902,-0.712540915616328,-0.567252775861891,-0.383406206744217,-0.188961813296814,0.0306347410922106,0.254495630028201,0.455530747985306,0.656577317581701,0.834512154243029,0.981666735388843,1.07959242442053,1.14323953227965,1.16117788650766,1.13180903747818,1.04717640671978,0.938246195409848,0.783107320299995,0.599914435269207,0.3909571854886,0.186708863608081,-0.0325929670480586,-0.247208818722506,-0.453531013789669,-0.625453702400725,-0.772692101340831,-0.886915543507628,-0.943807226869136,-0.967445983080085,-0.921082012879418,-0.84259443513875,-0.7204844376962,-0.577588634423234,-0.389608783969141,-0.187096272233365,0.0315714667869028,0.259592231152216,0.474277119963944,0.679369699155075,0.858960755298338,1.00153922235906,1.09345914162575,1.16340579734429,1.16871820307165,1.14951221897801,1.07513189555964,0.957879503788811,0.79777881287153,0.609633403079676,0.415949964365831,0.186535666759635,-0.0370485829323979,-0.255802089436383,-0.454514089941289,-0.637222822105647,-0.771568235270984,-0.890410006971717,-0.953871382831528,-0.963580892251866,-0.940444999391318,-0.867360284991641,-0.748581313285546,-0.586806114866111,-0.402958442275146,-0.195856440275712,0.0313046564662102,0.248940656786284,0.480537573759386,0.677313596391949,0.858574800473658,1.00743269567569,1.10938238183091,1.17542628525619,1.19440046301247,1.156960040752,1.08902834711486,0.97651385749076,0.79548240636539,0.625136255856297,0.412319789377823,0.189616915512508,-0.0243573660660505,-0.251908066984438,-0.467903546334785,-0.640322165025131,-0.798495451455646,-0.884859880973739,-0.955477704336278,-0.994309045484778,-0.947172080752519,-0.870251280408248,-0.74983529705441,-0.585027330606024,-0.409741284907248,-0.194165454124892,0.0221267712042583,0.255165128665814,0.479632494337059,0.679663484249144,0.858886764034813,1.01905385292378,1.11067482281433,1.18506642612921,1.1840520243366,1.17308546690712,1.08457825537327,0.973696160341881,0.811692521624854,0.633585471224866,0.413405305439415,0.198192856680515,0.145409920802687,0.129293856459535,0.125079528285396,0.112827798881315,0.108907772972019,0.106277505672951,0.103168959276278,0.0932467506578367,0.0721758310899923,0.0744624501200769,0.0696774767396464,0.0666847868287538,0.0676123184870691,0.0648369580002769,0.0762970749940023,0.080556907838908,0.0909905400843441,0.102574032324178,0.10184454831077,0.112703318741276,0.112238547884687,0.127205092811253,0.1394139162256,0.143305956474071,0.142966552427907,0.149224630082131,0.14816233037407,0.143769059859272,0.1495722295603,0.155426580704378,0.132245122043628,0.143995953109423,0.124981734535996,0.153869848847736,0.159505165606996,0.172418922691224,0.173082237413927,0.171226556366763,0.175994857220133,0.181227512410478,0.16055709854785,0.168104826389944,0.156422739398184,0.13769325954151,0.124702146225473,0.109705449692452,0.106279153718327,0.0756026408984571,0.0662122073301597,0.0579813563844331,0.0646358727914657,0.040759984106999,0.048752044566822,0.0408468760945151,0.0467407266353215,0.0588372519480003,0.0578415943733847,0.0774769033630916,0.0741840714579302,0.100616688970632,0.104489417266176,0.130761246489791,0.144469231901947,0.173603131280661,0.211269725285063,0.231821836962404,0.255236094697992,0.267644827509015,0.271656930570757,0.259642371335839,0.255914194461163,0.247034837824861,0.21925116687191,0.201681324536869,0.17394303962649,0.135254058148709,0.106189187186933,0.0707307931231302,0.0433709373274331,0.0224847345139014,0.00368646764286729,-0.0176034986640736,-0.0491436653293967,-0.0476943361625032,-0.044682035160363,-0.023579175831059,-0.0195792576772614,-0.0101351364945034,0.0248701943443889,0.056013187359661,0.070985738375426,0.0977170839060589,0.152284059413823,0.211413037746635,0.252747476448986,0.297279349755329,0.320427425154892,0.348335134355029,0.35895141465103,0.359686468381346,0.343429127890298,0.331374188088295,0.294700158068779,0.262933377380096,0.216062309218612,0.16838065288512,0.108277392351993,0.0657567288247012,0.0120181706389612,-0.0312351231866577,-0.0682544399289315,-0.101918392607897,-0.128553581881785,-0.129645564643002,-0.141387218571106,-0.12332003319002,-0.108054972478512,-0.0701507026674633,-0.0363528854837117,0.0153602182425878,0.052755635334937,0.104862983197893,0.165072773779129,0.235641014615898,0.299437337736212,0.348494630255604,0.388150017747911,0.425438536801474,0.437851551325898,0.444902692443874,0.43421274958088,0.414932013118246,0.366363561304976,0.315058321958587,0.266660030908102,0.192965491534217,0.131236740089903,0.0600889360229823,-0.00927707062160056,-0.0797974406817632,-0.124382568374863,-0.187081604321763,-0.208847626700729,-0.23024354177895,-0.230310848851359,-0.226622067934871,-0.191407982362446,-0.150138297971602,-0.106480884817546,-0.0556869239846715,0.0189125797226989,0.0961419945441974,0.171865839054308,0.261716404060568,0.343782212337667,0.417151805976348,0.467823279734543,0.516250516042944,0.532735748513789,0.538234205390933,0.534568689375396,0.492423443264758,0.440276200650646,0.376755804277013,0.302093870050118,0.22700577748873,0.130490249179233,0.0376203680593781,-0.0433251366925426,-0.130189128135961,-0.189228358205505,-0.24781046806738,-0.284186096993719,-0.323875588075582,-0.308096354828476,-0.308781437243529,-0.275542028595215,-0.229767577036704,-0.159563900196917,-0.092125996223853,-0.00886090025230298,0.0823697146469303,0.184344637174062,0.284678672089898,0.385880563438235,0.468597331856883,0.538578704051057,0.58796573478174,0.617224095859728,0.619315249452578,0.612392721489144,0.576919602521351,0.518708472896051,0.438559773847571,0.349207864437975,0.249145724611104,0.134359174811209,0.0314402087182079,-0.0689048885547718,-0.166589820369783,-0.257472416043184,-0.324225635851769,-0.360624530002107,-0.39112477075599,-0.396540874230159,-0.38162376268956,-0.350259419051883,-0.284724319150826,-0.214082009683262,-0.124030524801811,-0.0326544131245648,0.0711376475739173,0.192042354058747,0.305052913557648,0.428925163517925,0.520374743340704,0.601230409513112,0.663305907230755,0.699184914290502,0.700441869543758,0.699784295470215,0.650171858302729,0.575492331882071,0.4939514095718,0.39185582977477,0.27413895168672,0.154277329878029,0.0274173996424765,-0.0806611950751304,-0.206037148028593,-0.305745486917892,-0.388285083248079,-0.441988273579289,-0.471602606577292,-0.481788377205297,-0.467734250978015,-0.425510083573052,-0.370720287946536,-0.271486216365307,-0.165660753898528,-0.0551887933760452,0.0526062106319962,0.196711310722822,0.345729999378213,0.459511077545741,0.573685591198166,0.665230588335111,0.735667436745896,0.777031224719074,0.781947619119308,0.761631491379043,0.722143593850926,0.635731173048052,0.546050846321431,0.432372126656358,0.294918147081617,0.157371866932438,0.0260383732266386,-0.123195687384055,-0.248312397090332,-0.352085666119254,-0.454275656011126,-0.51126856152131,-0.551654736311638,-0.565323236832224,-0.546984097930557,-0.494768538181047,-0.425631517521734,-0.315076604776737,-0.212978232883836,-0.0847164375445414,0.0610177732948177,0.212448862318401,0.358603482465764,0.506783459217899,0.627208138129811,0.730627148950826,0.797175550370455,0.843242087375171,0.854443668694163,0.835917341334389,0.776789944336249,0.716943529755576,0.592977921613204,0.45932916383119,0.322354735177036,0.169868290107139,0.012266894211964,-0.136493836734731,-0.282447013973698,-0.398992250011826,-0.502639667310365,-0.573242145001371,-0.627649789948633,-0.642697873308757,-0.608335627343246,-0.564751395064928,-0.492414291609247,-0.380155521066177,-0.248992266637856,-0.0974461147726641,0.0515558877985187,0.217537617807404,0.38454807932651,0.540299715660419,0.665165360742241,0.786025249483768,0.863555471442553,0.900583067534167,0.91384799828951,0.895388011994477,0.844881861976732,0.760588129454542,0.641776064030772,0.498829870062215,0.344788987010781,0.175974747825353,0.00555217505798864,-0.151884477794005,-0.312903133369483,-0.451471590669705,-0.554865183341917,-0.631498264359372,-0.682838189215143,-0.697341515984394,-0.68006681111976,-0.620115520116093,-0.542809469069931,-0.411568774519879,-0.265338601698491,-0.124603331117154,0.0474465296487887,0.228832349851347,0.399493033157943,0.569796951427519,0.702099827048477,0.834060670006263,0.916154291520154,0.976203256288227,0.984617266987306,0.958886565389112,0.896416609889018,0.805878091676031,0.670851949955529,0.518968465561474,0.36495132465744,0.180628490893745,0.00160958302091539,-0.180054620985317,-0.347030314156516,-0.506372405436105,-0.599905315676989,-0.693732471598827,-0.74208949456915,-0.76580754490275,-0.737815096658749,-0.668820835275867,-0.584174983247713,-0.455122701701882,-0.315586529295961,-0.136873798245782,0.0278650727877982,0.231409712724418,0.406165379327777,0.596280439921297,0.739065989711299,0.871033896452529,0.954959494060386,1.02778505376477,1.03080424166843,1.01083602210022,0.95579689321896,0.850030750685469,0.72068059723227,0.550028048110738,0.378019494485519,0.193031363224606,-0.00622904297205126,-0.19947342550723,-0.376123019385326,-0.532785378221041,-0.654045283620677,-0.750850001145856,-0.802524328505303,-0.817462655429298,-0.793918614487996,-0.732194631740874,-0.618564544139522,-0.491534215876049,-0.322563794264919,-0.156683046271953,0.0413734208752495,0.231165810886284,0.435980265857091,0.613851273181547,0.77624147439644,0.908018636354248,1.00213931758176,1.07386094010111,1.09089270927163,1.05443871159147,0.988416972296874,0.881750468143899,0.740090832867963,0.5637822755796,0.400637834616733,0.182969846990178,-0.013439225778694,-0.209284622612792,-0.394241490990881,-0.564853815207601,-0.683652517171181,-0.791863306694475,-0.84686801584775,-0.8606962663728,-0.83885096236571,-0.76960393308408,-0.662991189052656,-0.520669199329877,-0.371341272600795,-0.166205110053232,0.0319127103084414,0.232739427503901,0.441732047703618,0.638502527418019,0.798232921247515,0.949450354704988,1.03158736496114,1.10531695579455,1.12215110598087,1.09304063798536,1.03233205153399,0.921746570614099,0.7617013731126,0.588970348760097,0.406014356475692,0.187259202009729,-0.0168974234470481,-0.222601801730851,-0.409902218779022,-0.580080317303662,-0.721364412582176,-0.823182468222782,-0.885787660973827,-0.907458819934105,-0.876449248536181,-0.791566655444001,-0.686673650658677,-0.549309235305409,-0.377498439742845,-0.1758042814175,0.0273001691151551,0.237140815406042,0.446148622190693,0.648162089095895,0.831924310766974,0.969535108941565,1.06730526430825,1.13842015668135,1.14168847215897,1.13114790613729,1.04961369066869,0.942739050058868,0.77965481994904,0.613228347837463,0.417817909798538,0.212755824941705,-0.011006438759322,-0.229912386950143,-0.439326112732718,-0.601631605708079,-0.753586134756156,-0.84910999547042,-0.907096730213523,-0.944133015752885,-0.905248547192413,-0.831993927866383,-0.718173422765921,-0.582149693741525,-0.385294995418175,-0.17943397994049,0.0203440544605148,0.243026056240299,0.446922606656597,0.662770290767927,0.850709014209822,0.989845121853053,1.10184226353086,1.15752211119919,1.1724665035463,1.14965610668702,1.07546263374475,0.966926428140083,0.807593930617704,0.624540539179169,0.419826833207776,0.200625886578447,-0.00333216233951537,-0.235865344690556,-0.44153473570014,-0.612086451664769,-0.75756500665969,-0.865134650422358,-0.930889784285808,-0.951500968712676,-0.930085208359662,-0.858628187200395,-0.742826736952806,-0.588022034337206,-0.415249888461769,-0.199059310329457,0.0298023965372875,0.246565154100178,0.466650044774558,0.666358397850242,0.854320347109149,0.992412233282494,1.10416030304039,1.17138477621744,1.18688975403326,1.16957792113184,1.08937685393215,0.976905226398132,0.817201030627767,0.632719625797216,0.425686656072043,0.197119801141857,-0.0194616194769198,-0.239362473715376,-0.441285370797126,-0.629733575117526,-0.778200030802671,-0.888034636372242,-0.952644172502393,-0.958461186942453,-0.942872398236428,-0.867745561770179,-0.760197150326806,-0.588424882422896,-0.409483176892727,-0.200561463912652,0.0119938491798485,0.260393130491466,0.466267966754057,0.665726811905241,0.860771671694666,1.00531239275833,1.10350232499453,1.18336277361329,1.19444956970446,1.16802004639972,1.08394812939418,0.979999216907336,0.827695175665753,0.653271118278465,0.42234775414925,0.212985724163379,-0.0213172104905444,-0.239371791356953,-0.444353880586715,-0.626636743843921,-0.783645785758547,-0.89646754989264,-0.96570202129543,-0.971105388538887,-0.957425856052702,-0.87546664541467,-0.764793508490809,-0.597173690611722,-0.415028102181728,-0.209197403128774,0.0117436539665394,0.244097702409341,0.461370113354437,0.661397362995823,0.848809615384548,1.00385982574219,1.10125837131637,1.18121248756868,1.20557901001191,1.16652682300687,1.1002628152685,0.980387580242873,0.811477313804927,0.633959470511893,0.415559962558061,0.212504605900506,-0.0200702843037518,-0.249412534646338,-0.449421539349658,-0.626565859555428,-0.771674884447071,-0.899183050013134,-0.957596620414544,-0.975561871246647,-0.954093100960009,-0.85996191477769,-0.755933278738985,-0.596805834725429,-0.424564095851303,-0.21632227792345,0.0238555690562135,0.240984999090133,0.465612935762132,0.654427696223647,0.846200050758311,1.00621687325136,1.09770546086788,1.16221212110235,1.19158250723913,1.15600124294013,1.09823154274067,0.977595123122476,0.807045758709186,0.629810234718516,0.422341158195496,0.18935990676771,-0.0280371141817342,-0.250568214786792,-0.448763276115405,-0.627747291637314,-0.775772011366487,-0.879915663136099,-0.940057782506986,-0.966194339222084,-0.950953096470084,-0.857839197541605,-0.750062901631696,-0.611372680684428,-0.408836703792114,-0.195267546505609,0.0227052719098764,0.239921854261087,0.455177731317516,0.647217456816871,0.839655952610963,0.981712982808576,1.10077256695883,1.15473973124423,1.16640178078108,1.15585232380991,1.07126019278479,0.958893265179986,0.802767613126152,0.624704668514094,0.429491131335221,0.20716627730164,-0.0170067097711762,-0.236386210716013,-0.435461264084213,-0.610951536975632,-0.759582034415925,-0.875689111796144,-0.926567710625348,-0.946651639210182,-0.914664632490701,-0.848868329435934,-0.744317072528234,-0.567938759847394,-0.398165296910705,-0.202995702214411,0.0129135425550051,0.242666478175169,0.446302133834267,0.651798389704805,0.819205101417144,0.96112490954351,1.05916803589319,1.12611025608468,1.15151993661756,1.11580007536939,1.04106467781916,0.926968009580027,0.782946839915214,0.61339492583354,0.417015620623874,0.196257205236338,-0.0139602179402078,-0.21818711599778,-0.421142048611669,-0.602457833001307,-0.728544988277458,-0.841446325653555,-0.908940265659426,-0.926810405098297,-0.899974997836965,-0.822642669466013,-0.709139531939181,-0.578367766226251,-0.391272199847009,-0.19055584743975,0.032649694977962,0.245526502902572,0.442148266059643,0.631534535784159,0.801135273659548,0.92824638225039,1.02952076045903,1.09225704649918,1.11248880883192,1.09354491492086,1.01705441728565,0.906281489844171,0.775153081521732,0.575422129004912,0.398169905515965,0.188890013483132,-0.0110289204115137,-0.213738463542895,-0.400269701851245,-0.586485976445829,-0.705856251351788,-0.814784167787477,-0.87959628723281,-0.890607200470096,-0.873578176688946,-0.792044852087247,-0.684026428879686,-0.550247372715339,-0.370658924622713,-0.174168450559369,0.0212983184087382,0.222360475049418,0.422157865169499,0.611613474621314,0.759213545302295,0.901777033691268,0.992354246520654,1.05147469735522,1.07924663470374,1.04690545406224,0.985461134998037,0.874717241403839,0.728535239047343,0.574975479524136,0.38721945350705,0.193516841361708,-0.00917655192327625,-0.211281603087847,-0.385399091927208,-0.548252678685912,-0.681988233605416,-0.773179008594885,-0.825596776089541,-0.848394190047324,-0.825571427112828,-0.753500819977705,-0.650681213777364,-0.509259644058842,-0.35250616135416,-0.167216598672532,0.0290809746085334,0.223431380836282,0.420045214541606,0.584357447998688,0.727582766979986,0.863078743647876,0.953084796522812,0.997959430896354,1.02244375424241,1.00161016871593,0.93252139528412,0.84112893339656,0.696768362971366,0.552418015033617,0.369242502112687,0.186445539209488,0.00538286793417209,-0.196287317127234,-0.35928449001586,-0.506555800775397,-0.642333886957938,-0.729299663267556,-0.774661822649355,-0.804113053127055,-0.781709799805202,-0.709058267460865,-0.604741502912014,-0.479987331826236,-0.329239334984732,-0.163516564382411,0.036757726906741,0.216107317949959,0.389880905491353,0.565483868433478,0.694349333102131,0.811560483442233,0.907531928480233,0.946987274733522,0.968167938055552,0.937144100941177,0.890311131888765,0.801723219718551,0.655337670395396,0.514507976698883,0.343575381998285,0.183526433765887,0.0137250962672504,-0.170608471217418,-0.338771647579697,-0.472114527667215,-0.588886748629962,-0.687165638389021,-0.732861126140486,-0.741740993715126,-0.725214867895094,-0.65043721030802,-0.570413831122343,-0.456731680628455,-0.304292634052428,-0.137033397735914,0.046312185401425,0.219548050343042,0.372428665880301,0.515238295884039,0.657746794377627,0.762085976218909,0.838892148968872,0.895600413428455,0.903673433039673,0.880573823712659,0.838674038851345,0.752745114565562,0.624831007480694,0.487362221245666,0.335824656161386,0.171809637888141,0.0122228047008576,-0.165710736914259,-0.304547551488737,-0.437307150293688,-0.539098000478156,-0.622266079834082,-0.664338718107844,-0.680486189589319,-0.666991253817863,-0.604681251345422,-0.51832004007211,-0.417586826995613,-0.2665223546046,-0.115773483716927,0.0451012145986625,0.201168543954612,0.349497365233444,0.490867217915289,0.624149112606363,0.70774927848696,0.789859134961854,0.825235093978653,0.841558690126594,0.81974414100554,0.759578476869454,0.686184685441785,0.567789735562264,0.462060582362995,0.31685414793995,0.172652831070123,0.00252221637811159,-0.133998355502046,-0.26415282720277,-0.401090382124022,-0.493846254517978,-0.564359804546269,-0.592093872513539,-0.600164563338498,-0.591414248139041,-0.545813889672345,-0.457292843520949,-0.359475864572704,-0.239029475796146,-0.0999363457665211,0.0558501068200584,0.206731196757837,0.337544977164056,0.449143533602883,0.564110799266163,0.648807397823119,0.709511554632981,0.744786031073374,0.772533168213636,0.747814485521393,0.690388131593557,0.62428201329354,0.538836442129887,0.428535807057094,0.297042793275167,0.158906774169081,0.0123828216866665,-0.112044185980656,-0.237270734583638,-0.337437744750342,-0.426911730411029,-0.492395758921098,-0.536979033963088,-0.546834825711694,-0.524727078186488,-0.47211372202415,-0.402626481825342,-0.305480676651859,-0.190694398947243,-0.0719807626286948,0.0610668316484956,0.185361766152487,0.29874856295789,0.415624864312283,0.512181905417949,0.590088579820325,0.646337988942545,0.678825194869342,0.691962680307421,0.665171332832332,0.628794459015235,0.560707776020733,0.482816418775233,0.372239551761773,0.259544320857501,0.149685263798126,0.049184869245013,-0.0838561765687019,-0.202652215182551,-0.289352382695172,-0.36889143279365,-0.430103703281455,-0.451979396722126,-0.47477445010201,-0.447031353664283,-0.408637192194533,-0.347095825354661,-0.259145962640823,-0.151310128215764,-0.0523416656681757,0.0666463712717792,0.182778351661398,0.281248908590662,0.383448610220225,0.454513218229967,0.520194253289094,0.566771204094943,0.596425284911497,0.607980035982788,0.587817051188978,0.549012391480123,0.493986702361206,0.426292717334837,0.341211261948837,0.250012964416794,0.139239548081237,0.0347893155442356,-0.0531132248894915,-0.157737280007606,-0.238588828175831,-0.298667452826072,-0.340076009516826,-0.383929407264543,-0.388957958404892,-0.360281811205867,-0.325898301756016,-0.274085279198562,-0.210039218176146,-0.118720847146313,-0.0187171082879315,0.0752485239028354,0.176412063816268,0.260358812273909,0.323263070325228,0.403889962325331,0.451769023449681,0.486495749570086,0.510263823368576,0.517604767075665,0.511825653633114,0.469765045576986,0.427761187450538,0.362815065300647,0.291180756967881,0.21253191607009,0.130206081460286,0.0593019983783473,-0.0254559592679141,-0.104548848195663,-0.184051688717657,-0.229379260720794,-0.275368361744651,-0.289158492179788,-0.302972605160033,-0.273679098030124,-0.260501865323595,-0.198996214774121,-0.147941429755819,-0.0764122159823357,-0.00104809746343967,0.085485026675605,0.158380550990812,0.231300545714699,0.277176645984896,0.329485585732347,0.374686955506643,0.402401774934739,0.431137548601122,0.431804457122594,0.41580890431557,0.391040238094774,0.348759310379775,0.309141788563649,0.252134116913327,0.192958222087915,0.117544414606768,0.0497029856856825,-0.0180174360572384,-0.048879439349869,-0.117845595580873,-0.158486430994569,-0.186685216511085,-0.204204310394208,-0.198156426129114,-0.195271509255894,-0.16211701275688,-0.138468431599692,-0.0891584103668517,-0.0202725640199064,0.0454054777395172,0.0896487813872006,0.153039109491023,0.191446277450084,0.23321130427599,0.274802614768736,0.303688722276852,0.312204176490834,0.34277854461529,0.3295968108686,0.329421093541226,0.301913004766297,0.281244466446695,0.24753843049445,0.195957346818291,0.169046721831239,0.115818284643077,0.0599619675071776,0.0224027495096791,-0.0179953053135009,-0.0570220809802973,-0.0805958167689305,-0.0989946340764892,-0.10234399729916,-0.110030284512163,-0.10468823062716,-0.0888521996577717,-0.0525833144494562,-0.0215164891955021,0.01629105532783,0.0502381823423491,0.113291657056903,0.143461855518484,0.162176567867028,0.191610138022955,0.207511351156025,0.225508102968849,0.243644153816429,0.236475351206907,0.236244562738146,0.238327523459424,0.2167546610036,0.199278296602529,0.1766654521299,0.150718470895726,0.130914372472531,0.0956965813348155,0.0778950604992374,0.0484330018557088,0.0305540579061967,0.0123003928498018,-0.0124727553195522,-0.00472430222063078,-0.0126563574146219,-0.0188696990066772,-0.00876605431067096,-0.000272416154024543,0.0214656607919542,0.044051748343495,0.0661422650401245,0.0942380075078038,0.12917497839334,0.136317320498032,0.149705414725459,0.147959259069009,0.152005764658688,0.150139467030263,0.163742782849766,0.147884904941536,0.142296562557993,0.148259419251781,0.140202983605157,0.121972917352745,0.128520117006827,0.110956616205676,0.112679608770145,0.0860028994127931,0.0924215245705859,0.0728218671575938,0.0769110987291474,0.0737693450749533,0.0691540190807754,0.0688138417701788,0.0806703786022461,0.0853496597738182,0.0762433149333079,0.0783395413398334,0.0932437825797614,0.103765481007914,0.117015991772981,0.121024893544089,0.13419163770567,0.0848935413548338
